293
time(s) = 1000000 t9 = 1.0699874555987066e-05 rho(g/cc) = 1.8374998713750075e-12 
0  0.0000e+00
1  3.0138e-02
2  1.2283e-01
3  1.3224e-02
4  7.0052e-02
5  0.0000e+00
6  4.9127e-19
7  2.7696e-15
8  6.0770e-06
9  5.4544e-17
10  2.8573e-16
11  2.3283e-16
12  2.4146e-14
13  5.2112e-14
14  4.9207e-08
15  3.1396e-08
16  5.6133e-09
17  3.7718e-11
18  8.6949e-10
19  4.8721e-09
20  3.2289e-12
21  7.8706e-14
22  7.1388e-12
23  8.7315e-14
24  2.3317e-09
25  7.3989e-09
26  2.0899e-07
27  2.0781e-09
28  1.8077e-08
29  4.9479e-09
30  4.9507e-10
31  1.8768e-09
32  1.3230e-08
33  1.7185e-09
34  2.1247e-08
35  2.0237e-10
36  3.3175e-08
37  2.4554e-09
38  4.5602e-09
39  1.4554e-09
40  2.2678e-09
41  3.3564e-10
42  1.7013e-09
43  4.2425e-10
44  8.0237e-10
45  1.3160e-09
46  2.7963e-09
47  4.3868e-10
48  7.8699e-09
49  2.0368e-09
50  4.7374e-09
51  9.6733e-11
52  5.1858e-10
53  2.5558e-11
54  9.0342e-10
55  8.9122e-11
56  1.7431e-10
57  3.2851e-10
58  9.2805e-10
59  3.3822e-10
60  1.6797e-09
61  3.0400e-10
62  1.6798e-10
63  2.3701e-10
64  2.1844e-09
65  3.0419e-10
66  1.9436e-09
67  2.2685e-10
68  2.4076e-10
69  8.9501e-11
70  3.6316e-10
71  7.2492e-11
72  5.3593e-10
73  1.7349e-10
74  1.5713e-10
75  1.1312e-11
76  5.6800e-10
77  1.7556e-10
78  8.4703e-10
79  2.4170e-10
80  4.3850e-10
81  9.0913e-11
82  1.1192e-09
83  2.0014e-10
84  1.3816e-10
85  2.8818e-10
86  6.6621e-09
87  2.3723e-10
88  5.6829e-10
89  1.8590e-10
90  2.0163e-10
91  9.4887e-11
92  3.3095e-10
93  1.2243e-10
94  1.0489e-10
95  1.0047e-10
96  3.8959e-10
97  5.1054e-10
98  8.8618e-11
99  3.8056e-11
100  9.6122e-11
101  2.3486e-11
102  1.1305e-10
103  4.2456e-11
104  9.0695e-11
105  3.4413e-11
106  1.7250e-10
107  1.4962e-11
108  5.8266e-11
109  4.8312e-12
110  7.6343e-11
111  2.7212e-11
112  1.7417e-10
113  4.5921e-11
114  9.7317e-11
115  6.1708e-11
116  1.4121e-10
117  3.9511e-11
118  1.8560e-10
119  5.4374e-11
120  1.9195e-10
121  4.0730e-11
122  3.4722e-10
123  5.1711e-11
124  3.6916e-10
125  1.4446e-10
126  1.0592e-09
127  2.6898e-10
128  6.6098e-10
129  4.7524e-10
130  3.5808e-10
131  4.4398e-10
132  1.4138e-09
133  5.9936e-10
134  3.2234e-08
135  7.8396e-08
136  7.8946e-09
137  9.3174e-10
138  7.7171e-10
139  6.3700e-10
140  1.1984e-09
141  1.7964e-10
142  1.4807e-10
143  2.2158e-10
144  5.2362e-10
145  3.2476e-11
146  5.4513e-11
147  3.3065e-11
148  1.3280e-10
149  2.5863e-11
150  7.0423e-11
151  3.7578e-11
152  6.2003e-11
153  1.9896e-11
154  1.1789e-10
155  2.8716e-11
156  1.9147e-10
157  6.7899e-11
158  4.0623e-11
159  3.9614e-11
160  8.4037e-11
161  3.1486e-11
162  4.6766e-11
163  2.8108e-11
164  9.2359e-11
165  4.5612e-11
166  2.0228e-10
167  3.4593e-11
168  6.2257e-11
169  2.8239e-11
170  7.5084e-11
171  7.2557e-11
172  2.7931e-10
173  4.3735e-11
174  4.4401e-11
175  2.5234e-11
176  9.8083e-11
177  4.4733e-11
178  1.9160e-10
179  5.5784e-11
180  8.2683e-11
181  4.5433e-11
182  7.5697e-11
183  6.1872e-11
184  1.7070e-10
185  5.6886e-11
186  4.1758e-11
187  4.6042e-11
188  2.8130e-10
189  2.5776e-11
190  9.7863e-11
191  2.1495e-11
192  1.3073e-10
193  6.9186e-11
194  2.6675e-10
195  3.3425e-11
196  1.3244e-10
197  7.7530e-11
198  2.0219e-10
199  1.1084e-10
200  8.7133e-10
201  1.3518e-10
202  7.3110e-10
203  1.2755e-10
204  5.3770e-10
205  5.1732e-10
206  4.0472e-09
207  1.2046e-08
208  3.4936e-08
209  4.2126e-09
210  1.4069e-08
211  5.1825e-15
212  6.1191e-13
213  1.0141e-14
214  3.3168e-14
215  4.0134e-21
216  1.8505e-18
217  1.1973e-19
218  2.1880e-15
219  8.9094e-18
220  7.0959e-16
221  1.0612e-15
222  3.8825e-12
223  2.2227e-12
224  4.0068e-12
225  1.0128e-11
226  3.6336e-11
227  9.8397e-12
228  4.2558e-11
229  1.2367e-11
230  4.0704e-11
231  2.1883e-11
232  3.8685e-11
233  1.7573e-11
234  6.2675e-11
235  1.9766e-11
236  5.9969e-11
237  2.8142e-11
238  1.3607e-10
239  4.0553e-11
240  2.2971e-10
241  8.9349e-11
242  9.2926e-10
243  1.4402e-10
244  1.5170e-09
245  1.2525e-10
246  1.1042e-09
247  1.6552e-10
248  9.4784e-10
249  1.5922e-10
250  1.4702e-09
251  2.7602e-10
252  3.5790e-09
253  6.4419e-10
254  1.8724e-08
255  1.7605e-09
256  2.5986e-09
257  3.2046e-10
258  4.6146e-09
259  9.8116e-10
260  4.6272e-09
261  2.3534e-10
262  1.8382e-07
263  7.9362e-10
264  9.5293e-09
265  1.3709e-09
266  2.8012e-08
267  1.1800e-08
268  9.3165e-08
269  1.2123e-08
270  6.9594e-08
271  2.5388e-08
272  1.6732e-07
273  7.3021e-08
274  1.4746e-03
275  0.0000e+00
276  0.0000e+00
277  0.0000e+00
278  0.0000e+00
279  0.0000e+00
280  0.0000e+00
281  0.0000e+00
282  0.0000e+00
283  0.0000e+00
284  0.0000e+00
285  0.0000e+00
286  0.0000e+00
287  0.0000e+00
288  0.0000e+00
289  0.0000e+00
290  0.0000e+00
291  0.0000e+00
292  0.0000e+00
293  0.0000e+00