1  10
2  10
3  10
4  9.9999999999999964
5  9.9999999999999307
6  9.9999999999994991
7  9.9999999999947384
8  9.9999999999492886
9  9.9999999994785966
10  9.9999999918362352
11  9.9999998667572694
12  9.9999978196479251
13  9.9999643156163742
14  9.9994159867268166
15  9.9904460513532829
16  9.8447870861213822
17  8.9064481313736383
18  7.5667863347303914
19  6.8030156773126755
20  6.2830035377822728
21  6.2058162079429504
22  6.1303272344846116
23  6.0511771581916403
24  5.9550333938344124
25  5.8590647118259911
26  5.7755270172144577
27  5.6913124510383009
28  5.602808086060012
29  5.5045742144605541
30  5.3992321935270162
31  5.3154994473304029
32  5.2272751669754758
33  5.129852632139813
34  5.0170062288362711
35  4.8785571658756908
36  4.730308831191544
37  4.6057790114335724
38  4.5003451650842354
39  4.3959520635530085
40  4.2988356240094507
41  4.1970523410744569
42  4.0862609240358889
43  3.9703627854745256
44  3.8574019967834792
45  3.7538422110928971
46  3.6607027020526823
47  3.5695864824169812
48  3.4802367130629461
49  3.396910893263879
50  3.3168271847384867
51  3.2349580220785135
52  3.1588967120720346
53  3.0842771082139144
54  3.0144467379874005
55  2.9497133497354651
56  2.881485784835649
57  2.810211825711427
58  2.7422608856813775
59  2.6780850794506028
60  2.6254574136820672
61  2.5737229542786855
62  2.5195101546080867
63  2.469754565103675
64  2.4262652567248058
65  2.3810973123292745
66  2.3384456709382615
67  2.2879815422981715
68  2.2321726894489711
69  2.1821403447023355
70  2.1383564147599188
71  2.0914392017678991
72  2.0420817356746821
73  1.9871962612456764
74  1.938830530936124
75  1.8976598847581319
76  1.8543953226871337
77  1.8134325440466104
78  1.7737722353390331
79  1.7336521349086764
80  1.6883970816099327
81  1.6431128486842135
82  1.609949854487376
83  1.571835474726164
84  1.5355549074406278
85  1.5016828372064339
86  1.4654010151492403
87  1.4190876877651035
88  1.3786120761992131
89  1.338230054913673
90  1.289379045110743
91  1.2417536390322952
92  1.2052861861584308
93  1.1709508829001445
94  1.1347422284226596
95  1.0878801463159542
96  1.0398380109379133
97  0.99551608031141581
98  0.95649408834325578
99  0.92512811952360274
100  0.89286567995669097
101  0.85647243346272428
102  0.81765826629559313
103  0.75863565452557324
104  0.69679172862282146
105  0.63753017802891565
106  0.58350173413713846
107  0.53228663628646955
108  0.46711372783856064
109  0.40857173482752446
110  0.35841176694313792
111  0.30752973214059942
112  0.27934802073440129
113  0.26145792693556247
114  0.24636071507882176
115  0.23340373240822801
116  0.22281690732637596
117  0.21505537290240265
118  0.20956756306273971
119  0.20458503779453846
120  0.1998143767071173
121  0.19491525739126297
122  0.18977080986797037
123  0.18432811480892836
124  0.17825628491430393
125  0.1721645398107996
126  0.16583152037418225
127  0.1595936104997969
128  0.15343984823497281
129  0.14730729151163055
130  0.14132712982952517
131  0.13518001749087394
132  0.12887375588166322
133  0.12207222777575272
134  0.11512799581220361
135  0.10796078467479404
136  0.10079547472538714
137  0.093541173888838078
138  0.085976235269161053
139  0.078832292911200058
140  0.07197537064132524
141  0.065724949503104729
142  0.059780850761910607
143  0.053900707477304743
144  0.048340584097389713
145  0.043164643798554475
146  0.03843255685246233
147  0.034065512815355206
148  0.029998001583425509
149  0.026600314913666441
150  0.023521927367798318
151  0.020626961914862987
152  0.017763325290034649
153  0.015285671427112001
154  0.013339533242861298
155  0.011700906014647952
156  0.010156554252816025
157  0.0088920949437111176
158  0.0077661721880648571
159  0.0066611351546818067
160  0.0057801558638463204
161  0.0049687619462291336
162  0.0042415685030750628
163  0.0036213470155258111
164  0.0030646511490605476
165  0.0026163021373749053
166  0.0022769424452581486
167  0.0019712671918047007
168  0.001710914125978794
169  0.0014432961859271636
170  0.0012413194110272212
171  0.001085821314595669
172  0.00094083620076584472
173  0.00081361870401467197
174  0.00070726863608804719
175  0.00059960803736506532
176  0.00051896987254143438
177  0.00045306489261296541
178  0.00039453874564676736
179  0.00033510633795214527
180  0.00028782370631386881
181  0.00024984973806181909
182  0.00021448560859308038
183  0.00018430547897391907
184  0.00016036784990836877
185  0.0001360498771482421
186  0.00011596118243296531
187  0.00010110608489498583
188  8.8888443516470125e-05
189  7.7353355300780038e-05
190  6.749333524341533e-05
191  5.9191505940966534e-05
192  5.1241125293159582e-05
193  4.3866543532144887e-05
194  3.7029883282054568e-05
195  3.1898073776515325e-05
196  2.6986222313964928e-05
197  2.2974537831400639e-05
198  1.9332160054075642e-05
199  1.6595596861052203e-05
200  1.4155155952498544e-05
201  1.2203425838648503e-05
202  1.0699874555987066e-05
