1  10
2  10
3  10
4  9.9999999999999964
5  9.9999999999999307
6  9.9999999999994991
7  9.9999999999947384
8  9.9999999999492886
9  9.9999999994785966
10  9.9999999918362352
11  9.9999998667572694
12  9.9999978196479251
13  9.9999643156163742
14  9.9994159867268166
15  9.9904460513532829
16  9.8447870861213822
17  8.9064481313736383
18  7.5667863347303914
19  6.8030156773126755
20  6.2830035377822728
21  6.2058162079429504
22  6.1303272344846116
23  6.0511771581916403
24  5.9550333938344124
25  5.8590647118259911
26  5.7755270172144577
27  5.6913124510383009
28  5.602808086060012
29  5.5045742144605541
30  5.3992321935270162
31  5.3154994473304029
32  5.2272751669754758
33  5.129852632139813
34  5.0170062288362711
35  4.8785571658756908
36  4.730308831191544
37  4.6057790114335724
38  4.5003451650842354
39  4.3959520635530085
40  4.2988356240094507
41  4.1970523410744569
42  4.0862609240358889
43  3.9703627854745256
44  3.8574019967834792
45  3.7538422110928971
46  3.6607027020526823
47  3.5695864824169812
48  3.4802367130629461
49  3.396910893263879
50  3.3168271847384867
51  3.2349580220785135
52  3.1588967120720346
53  3.0842771082139144
54  3.0144467379874005
55  2.9497133497354651
56  2.881485784835649
57  2.810211825711427
58  2.7422608856813775
59  2.6780850794506028
60  2.6254574136820672
61  2.5737229542786855
62  2.5195101546080867
63  2.469754565103675
64  2.4262652567248058
65  2.3810973123292745
66  2.3384456709382615
67  2.2879815422981715
68  2.2321726894489711
69  2.1821403447023355
70  2.1383564147599188
71  2.0914392017678991
72  2.0420817356746821
73  1.9871962612456764
74  1.938830530936124
75  1.8976598847581319
76  1.8543953226871337
77  1.8134325440466104
78  1.7737722353390331
79  1.7336521349086764
80  1.6883970816099327
81  1.6431128486842135
82  1.609949854487376
83  1.571835474726164
84  1.5355549074406278
85  1.5016828372064339
86  1.4654010151492403
87  1.4190876877651035
88  1.3786120761992131
89  1.338230054913673
90  1.289379045110743
91  1.2417536390322952
92  1.2052861861584308
93  1.1709508829001445
94  1.1347422284226596
95  1.0878801463159542
96  1.0398380109379133
