293
time(s) = 1000000 t9 = 1.0699874555987066e-05 rho(g/cc) = 1.8374998713750075e-12 
0  0.0000e+00
1  9.2989e-09
2  5.4588e-08
3  3.4641e-10
4  8.7047e-02
5  0.0000e+00
6  1.9749e-14
7  7.2270e-10
8  3.5005e-07
9  2.2779e-07
10  1.9957e-08
11  1.9161e-08
12  1.8429e-07
13  2.2947e-07
14  2.3212e-07
15  3.9978e-07
16  1.9733e-05
17  7.5761e-07
18  7.2977e-07
19  2.1717e-06
20  4.4477e-06
21  2.1012e-06
22  6.4580e-09
23  6.0307e-07
24  5.4687e-07
25  8.3970e-08
26  1.1678e-07
27  4.1586e-08
28  2.1701e-08
29  1.1428e-08
30  2.1434e-08
31  1.6063e-08
32  4.6576e-08
33  6.4375e-08
34  1.2974e-07
35  9.7511e-08
36  3.7230e-08
37  1.3736e-07
38  8.5869e-08
39  3.2789e-08
40  4.3782e-08
41  7.0602e-08
42  1.7494e-06
43  4.5253e-07
44  5.3972e-07
45  8.1667e-07
46  7.9802e-07
47  3.2833e-07
48  4.8067e-07
49  8.4068e-08
50  2.9292e-07
51  3.0761e-07
52  5.3907e-07
53  1.7169e-07
54  2.6702e-07
55  1.2875e-07
56  1.1593e-07
57  1.7009e-07
58  1.4752e-07
59  1.5182e-07
60  1.2849e-07
61  1.5815e-07
62  4.6302e-07
63  4.6411e-07
64  3.0765e-07
65  4.4169e-07
66  3.4405e-07
67  4.6057e-07
68  3.5143e-07
69  5.3596e-07
70  2.6578e-07
71  4.6536e-07
72  5.7235e-07
73  7.0004e-07
74  1.0238e-06
75  3.3543e-06
76  3.8915e-06
77  8.5686e-06
78  2.0712e-05
79  2.3567e-05
80  6.0308e-06
81  4.1077e-06
82  3.3570e-06
83  2.9000e-06
84  4.7697e-06
85  1.6894e-06
86  3.5418e-06
87  1.7168e-06
88  2.5569e-06
89  7.9674e-07
90  1.3010e-06
91  5.8785e-07
92  9.9326e-07
93  5.8075e-07
94  4.4544e-07
95  1.1016e-06
96  8.0517e-07
97  8.8865e-07
98  6.2576e-07
99  5.7612e-07
100  6.0685e-07
101  4.4879e-07
102  5.7229e-07
103  6.8616e-07
104  7.1991e-07
105  9.5443e-07
106  6.9326e-07
107  1.0767e-06
108  6.4925e-07
109  9.7662e-07
110  1.2426e-06
111  1.3778e-06
112  1.5218e-06
113  1.1640e-06
114  1.2609e-06
115  4.7489e-07
116  5.8694e-07
117  6.5111e-07
118  4.7738e-07
119  4.8287e-07
120  4.4182e-07
121  6.7294e-07
122  5.2366e-07
123  7.9625e-07
124  5.3162e-07
125  2.5007e-06
126  7.9144e-06
127  1.7172e-05
128  2.1834e-05
129  1.0423e-04
130  1.4082e-04
131  2.5364e-04
132  5.3767e-04
133  4.2547e-04
134  5.6296e-04
135  1.1306e-04
136  1.5996e-04
137  6.3340e-05
138  6.4819e-05
139  1.6348e-05
140  3.1565e-05
141  1.0185e-05
142  1.0150e-05
143  3.0970e-06
144  2.6930e-06
145  2.8362e-06
146  2.6346e-06
147  4.2141e-06
148  4.4505e-06
149  5.0632e-06
150  3.6868e-06
151  6.9904e-06
152  3.8031e-06
153  4.1002e-06
154  3.6968e-06
155  3.4624e-06
156  5.3283e-06
157  4.0856e-06
158  7.6657e-06
159  1.0826e-05
160  1.2520e-05
161  1.2555e-05
162  1.4354e-05
163  1.5737e-05
164  2.1385e-05
165  1.2444e-05
166  1.1584e-05
167  1.2197e-05
168  1.4792e-05
169  6.7129e-06
170  9.3090e-06
171  8.4776e-06
172  9.2534e-06
173  1.0516e-05
174  1.6374e-05
175  7.5828e-06
176  1.1881e-05
177  1.1085e-05
178  1.7031e-05
179  1.1587e-05
180  1.3611e-05
181  9.2297e-06
182  1.4755e-05
183  3.0245e-06
184  8.1830e-06
185  2.5097e-06
186  7.9119e-06
187  2.1791e-06
188  7.6283e-06
189  1.2593e-05
190  3.2583e-05
191  3.1266e-05
192  6.1124e-05
193  1.0368e-04
194  2.0119e-04
195  2.6918e-04
196  2.2222e-04
197  1.3727e-04
198  6.0188e-05
199  1.0197e-05
200  8.0379e-07
201  5.6398e-07
202  5.4523e-07
203  2.7205e-07
204  3.2264e-07
205  2.3068e-08
206  2.3841e-07
207  1.7549e-06
208  3.2106e-06
209  1.5661e-06
210  1.7395e-06
211  5.1057e-10
212  1.6418e-08
213  4.1354e-10
214  6.3876e-10
215  3.9508e-16
216  4.9803e-14
217  4.8822e-15
218  4.2138e-11
219  8.7774e-13
220  1.9097e-11
221  4.3272e-11
222  7.4770e-08
223  2.1898e-07
224  1.0783e-07
225  4.0853e-07
226  1.0713e-06
227  6.0105e-07
228  1.2446e-06
229  9.1284e-07
230  1.3626e-06
231  1.2041e-06
232  1.7957e-06
233  1.5772e-06
234  1.8526e-06
235  1.6092e-06
236  2.2747e-06
237  1.7075e-06
238  1.5050e-06
239  1.9814e-06
240  1.6831e-06
241  1.2008e-06
242  1.0842e-06
243  5.9805e-07
244  1.1804e-06
245  2.3903e-07
246  1.1982e-06
247  4.1516e-07
248  1.4639e-06
249  3.5144e-07
250  1.4302e-06
251  4.9396e-07
252  2.5733e-06
253  1.6349e-07
254  7.9008e-07
255  4.5941e-08
256  7.1781e-07
257  9.4650e-08
258  1.1240e-06
259  2.3161e-07
260  2.7600e-06
261  6.0453e-08
262  7.1261e-07
263  7.1305e-09
264  1.3912e-07
265  1.1535e-08
266  2.5087e-07
267  6.8269e-08
268  1.4746e-07
269  4.1983e-08
270  1.5501e-07
271  5.8132e-08
272  1.9482e-07
273  8.4171e-08
274  3.9715e-07
275  0.0000e+00
276  0.0000e+00
277  0.0000e+00
278  0.0000e+00
279  0.0000e+00
280  0.0000e+00
281  0.0000e+00
282  0.0000e+00
283  0.0000e+00
284  0.0000e+00
285  0.0000e+00
286  0.0000e+00
287  0.0000e+00
288  0.0000e+00
289  0.0000e+00
290  0.0000e+00
291  0.0000e+00
292  0.0000e+00
293  0.0000e+00