1  0
2  0
3  2.9011e-38
4  2.10205e-33
5  1.5587e-28
6  3.66825e-25
7  9.18781e-22
8  2.33034e-19
9  4.49882e-18
10  7.36556e-17
11  1.20247e-15
12  1.8886e-14
13  1.72947e-13
14  2.38019e-13
15  2.44382e-13
16  3.7743e-13
17  6.96489e-12
18  1.27995e-10
19  5.93448e-10
20  4.17076e-09
21  4.9285e-08
22  5.87035e-07
23  4.52552e-06
24  1.89378e-05
25  4.44159e-05
26  7.80374e-05
27  0.000127556
28  0.000203752
29  0.00032878
30  0.000523825
31  0.000729708
32  0.000995034
33  0.00133205
34  0.00174418
35  0.00221964
36  0.00264515
37  0.00293135
38  0.00312978
39  0.00329328
40  0.00342079
41  0.00353287
42  0.00363373
43  0.00372026
44  0.00379018
45  0.00384453
46  0.00388691
47  0.0039234
48  0.00395512
49  0.00398159
50  0.00400451
51  0.00402569
52  0.00404353
53  0.0040595
54  0.00407319
55  0.0040849
56  0.00409627
57  0.00410713
58  0.00411657
59  0.00412478
60  0.00413106
61  0.00413691
62  0.00414273
63  0.00414786
64  0.0041522
65  0.00415661
66  0.00416071
67  0.00416554
68  0.00417091
69  0.00417582
70  0.00418025
71  0.00418515
72  0.00419051
73  0.0041967
74  0.00420234
75  0.00420725
76  0.0042125
77  0.00421753
78  0.00422239
79  0.00422724
80  0.00423253
81  0.00423754
82  0.00424099
83  0.00424474
84  0.00424807
85  0.00425098
86  0.00425389
87  0.0042573
88  0.00426003
89  0.00426255
90  0.00426539
91  0.00426803
92  0.00427
93  0.00427187
94  0.00427387
95  0.00427659
96  0.00427958
97  0.0042825
98  0.00428511
99  0.00428716
100  0.00428916
101  0.00429123
102  0.00429317
103  0.00429564
104  0.00429765
105  0.00429912
106  0.00430014
107  0.00430086
108  0.00430148
109  0.0043018
110  0.00430194
111  0.004302
112  0.00430201
113  0.00430202
114  0.00430202
115  0.00430202
116  0.00430202
117  0.00430202
118  0.00430202
119  0.00430202
120  0.00430202
121  0.00430202
122  0.00430202
123  0.00430202
124  0.00430202
125  0.00430202
126  0.00430202
127  0.00430202
128  0.00430202
129  0.00430202
130  0.00430202
131  0.00430202
132  0.00430202
133  0.00430202
134  0.00430202
135  0.00430202
136  0.00430202
137  0.00430202
138  0.00430202
139  0.00430202
140  0.00430202
141  0.00430202
142  0.00430202
143  0.00430202
144  0.00430202
145  0.00430202
146  0.00430202
147  0.00430202
148  0.00430202
149  0.00430202
150  0.00430202
151  0.00430202
152  0.00430202
153  0.00430202
154  0.00430202
155  0.00430202
156  0.00430202
157  0.00430202
158  0.00430202
159  0.00430202
160  0.00430202
161  0.00430202
162  0.00430202
163  0.00430202
164  0.00430202
165  0.00430202
166  0.00430202
167  0.00430202
168  0.00430202
169  0.00430202
170  0.00430202
171  0.00430202
172  0.00430202
173  0.00430202
174  0.00430202
175  0.00430202
176  0.00430202
177  0.00430202
178  0.00430202
179  0.00430202
180  0.00430202
181  0.00430202
182  0.00430202
183  0.00430202
184  0.00430202
185  0.00430202
186  0.00430202
187  0.00430202
188  0.00430202
189  0.00430202
190  0.00430202
191  0.00430202
192  0.00430202
193  0.00430202
194  0.00430202
195  0.00430202
196  0.00430202
197  0.00430202
198  0.00430202
199  0.00430202
200  0.00430202
201  0.00430202
202  0.00430202
