1  6.19673e-13
2  6.19673e-13
3  6.19673e-13
4  6.19673e-13
5  6.19673e-13
6  6.19673e-13
7  6.19673e-13
8  6.19673e-13
9  6.19673e-13
10  6.19673e-13
11  6.19673e-13
12  6.19679e-13
13  6.19771e-13
14  6.2129e-13
15  6.4674e-13
16  1.27387e-12
17  2.22742e-10
18  1.58129e-08
19  2.16775e-08
20  2.47336e-08
21  7.07665e-08
22  7.41529e-07
23  1.31975e-05
24  0.000381498
25  0.00241511
26  0.00480783
27  0.00707172
28  0.00910977
29  0.0109402
30  0.0124472
31  0.0133563
32  0.0140791
33  0.0146364
34  0.0150054
35  0.015067
36  0.0145679
37  0.0136507
38  0.0126906
39  0.0118342
40  0.0112601
41  0.0108958
42  0.0106958
43  0.0106139
44  0.0106084
45  0.0106514
46  0.0107222
47  0.0108088
48  0.0108909
49  0.0109492
50  0.0109844
51  0.011005
52  0.0110178
53  0.01103
54  0.0110454
55  0.0110687
56  0.0111127
57  0.0111978
58  0.0113293
59  0.0114868
60  0.0116158
61  0.0117209
62  0.0117966
63  0.0118382
64  0.0118607
65  0.0118767
66  0.0118885
67  0.0119008
68  0.0119143
69  0.0119268
70  0.0119383
71  0.0119514
72  0.0119666
73  0.0119862
74  0.0120066
75  0.0120268
76  0.0120505
77  0.0120744
78  0.0120981
79  0.0121229
80  0.0121533
81  0.012188
82  0.0122154
83  0.012248
84  0.0122795
85  0.0123091
86  0.0123415
87  0.0123853
88  0.0124264
89  0.0124674
90  0.0125147
91  0.0125592
92  0.0125913
93  0.0126201
94  0.0126494
95  0.0126861
96  0.0127227
