337
time(s) = 10000000 t9 = 6.2280423696456626e-09 rho(g/cc) = 1.8149999600700007e-13 
0  0.0000e+00
1  3.5288e-12
2  9.5028e-17
3  4.5140e-20
4  6.6657e-14
5  0.0000e+00
6  2.8852e-29
7  8.7630e-19
8  5.5457e-08
9  2.2293e-22
10  6.1560e-18
11  2.1036e-20
12  3.7632e-24
13  2.7560e-25
14  5.1444e-21
15  4.5288e-23
16  1.9175e-32
17  9.2601e-26
18  2.3706e-24
19  2.1079e-57
20  5.5797e-42
21  0.0000e+00
22  5.7209e-96
23  4.5534e-42
24  0.0000e+00
25  0.0000e+00
26  0.0000e+00
27  0.0000e+00
28  0.0000e+00
29  0.0000e+00
30  0.0000e+00
31  0.0000e+00
32  0.0000e+00
33  0.0000e+00
34  0.0000e+00
35  0.0000e+00
36  0.0000e+00
37  0.0000e+00
38  8.0265e-40
39  4.9060e-127
40  1.8651e-23
41  5.5776e-25
42  6.1398e-24
43  1.2917e-22
44  1.0954e-20
45  6.8458e-22
46  3.7796e-18
47  5.6492e-18
48  6.0542e-16
49  7.8711e-18
50  1.8999e-15
51  4.6663e-17
52  1.3064e-17
53  5.9034e-19
54  8.3443e-16
55  6.2259e-18
56  2.4340e-18
57  1.3250e-17
58  3.7508e-15
59  3.2379e-16
60  5.8094e-14
61  6.0725e-15
62  5.8307e-15
63  1.3528e-14
64  1.9233e-12
65  3.7459e-13
66  1.4918e-10
67  1.4551e-11
68  9.9597e-11
69  6.8358e-11
70  7.7696e-07
71  2.9026e-08
72  7.7004e-06
73  1.4408e-06
74  1.3789e-06
75  1.6185e-05
76  2.3362e-05
77  1.4919e-05
78  1.1801e-03
79  1.2448e-04
80  1.0860e-03
81  8.2309e-04
82  6.5748e-04
83  1.1503e-05
84  2.1996e-07
85  5.4865e-09
86  4.1475e-09
87  5.4510e-10
88  4.5704e-10
89  2.6804e-11
90  2.3804e-11
91  3.5193e-11
92  5.7823e-11
93  4.4686e-10
94  7.3340e-10
95  1.8958e-10
96  2.3254e-08
97  6.9647e-09
98  3.0365e-07
99  1.2075e-07
100  3.2955e-08
101  1.7957e-08
102  1.1672e-07
103  1.7586e-08
104  5.9677e-09
105  1.1464e-08
106  4.0300e-09
107  7.2462e-10
108  4.5350e-09
109  2.8473e-09
110  1.6904e-09
111  3.4451e-09
112  2.1390e-08
113  9.6210e-09
114  1.1515e-07
115  3.2862e-08
116  6.4476e-08
117  1.1927e-07
118  1.1891e-05
119  1.7706e-06
120  1.7777e-05
121  6.1770e-06
122  8.9594e-06
123  2.9865e-06
124  1.1038e-06
125  5.2171e-06
126  1.3712e-05
127  3.3701e-05
128  6.7403e-04
129  3.9423e-04
130  1.0964e-03
131  8.1619e-04
132  2.1469e-03
133  1.4128e-05
134  2.4961e-08
135  4.7703e-11
136  5.9887e-14
137  8.9424e-17
138  3.7190e-19
139  6.1791e-21
140  4.1300e-23
141  7.6471e-25
142  6.7334e-42
143  0.0000e+00
144  0.0000e+00
145  0.0000e+00
146  0.0000e+00
147  0.0000e+00
148  0.0000e+00
149  0.0000e+00
150  0.0000e+00
151  0.0000e+00
152  0.0000e+00
153  0.0000e+00
154  0.0000e+00
155  0.0000e+00
156  0.0000e+00
157  0.0000e+00
158  0.0000e+00
159  0.0000e+00
160  0.0000e+00
161  0.0000e+00
162  0.0000e+00
163  0.0000e+00
164  0.0000e+00
165  0.0000e+00
166  0.0000e+00
167  0.0000e+00
168  0.0000e+00
169  0.0000e+00
170  0.0000e+00
171  0.0000e+00
172  0.0000e+00
173  0.0000e+00
174  0.0000e+00
175  0.0000e+00
176  0.0000e+00
177  0.0000e+00
178  0.0000e+00
179  0.0000e+00
180  0.0000e+00
181  0.0000e+00
182  0.0000e+00
183  0.0000e+00
184  0.0000e+00
185  0.0000e+00
186  0.0000e+00
187  0.0000e+00
188  0.0000e+00
189  0.0000e+00
190  0.0000e+00
191  0.0000e+00
192  0.0000e+00
193  0.0000e+00
194  0.0000e+00
195  0.0000e+00
196  0.0000e+00
197  0.0000e+00
198  0.0000e+00
199  0.0000e+00
200  0.0000e+00
201  0.0000e+00
202  0.0000e+00
203  0.0000e+00
204  0.0000e+00
205  0.0000e+00
206  1.8386e-30
207  0.0000e+00
208  0.0000e+00
209  5.3145e-26
210  1.6824e-25
211  7.1000e-26
212  0.0000e+00
213  6.9718e-26
214  0.0000e+00
215  0.0000e+00
216  0.0000e+00
217  0.0000e+00
218  0.0000e+00
219  0.0000e+00
220  0.0000e+00
221  0.0000e+00
222  9.9309e-26
223  4.3637e-29
224  0.0000e+00
225  4.0302e-29
226  2.6746e-25
227  3.8775e-25
228  1.5771e-24
229  1.6530e-24
230  1.3295e-23
231  6.9454e-24
232  1.8529e-23
233  8.0120e-24
234  1.2632e-23
235  4.1659e-24
236  2.7983e-24
237  6.4356e-24
238  4.6428e-24
239  1.3510e-23
240  8.3076e-24
241  1.0202e-23
242  2.3425e-24
243  7.9869e-24
244  4.9389e-24
245  5.1453e-24
246  1.0913e-24
247  8.3925e-25
248  3.0966e-25
249  0.0000e+00
250  0.0000e+00
251  0.0000e+00
252  0.0000e+00
253  0.0000e+00
254  0.0000e+00
255  0.0000e+00
256  0.0000e+00
257  0.0000e+00
258  0.0000e+00
259  0.0000e+00
260  0.0000e+00
261  0.0000e+00
262  0.0000e+00
263  0.0000e+00
264  0.0000e+00
265  0.0000e+00
266  0.0000e+00
267  0.0000e+00
268  0.0000e+00
269  0.0000e+00
270  0.0000e+00
271  0.0000e+00
272  0.0000e+00
273  0.0000e+00
274  0.0000e+00
275  0.0000e+00
276  0.0000e+00
277  0.0000e+00
278  0.0000e+00
279  0.0000e+00
280  0.0000e+00
281  0.0000e+00
282  0.0000e+00
283  0.0000e+00
284  0.0000e+00
285  0.0000e+00
286  0.0000e+00
287  0.0000e+00
288  0.0000e+00
289  0.0000e+00
290  0.0000e+00
291  0.0000e+00
292  0.0000e+00
293  0.0000e+00
294  0.0000e+00
295  0.0000e+00
296  0.0000e+00
297  0.0000e+00
298  0.0000e+00
299  0.0000e+00
300  0.0000e+00
301  0.0000e+00
302  0.0000e+00
303  0.0000e+00
304  0.0000e+00
305  0.0000e+00
306  0.0000e+00
307  0.0000e+00
308  0.0000e+00
309  0.0000e+00
310  0.0000e+00
311  0.0000e+00
312  0.0000e+00
313  0.0000e+00
314  0.0000e+00
315  0.0000e+00
316  0.0000e+00
317  0.0000e+00
318  0.0000e+00
319  0.0000e+00
320  0.0000e+00
321  0.0000e+00
322  0.0000e+00
323  0.0000e+00
324  0.0000e+00
325  0.0000e+00
326  0.0000e+00
327  0.0000e+00
328  0.0000e+00
329  0.0000e+00
330  0.0000e+00
331  0.0000e+00
332  0.0000e+00
333  0.0000e+00
334  0.0000e+00
335  0.0000e+00
336  0.0000e+00
337  0.0000e+00

