337
time(s) = 10000000 t9 = 7.9265993795490249e-09 rho(g/cc) = 1.8149999600700007e-13 
0  0.0000e+00
1  9.7961e-12
2  6.3013e-16
3  1.3261e-22
4  8.5766e-15
5  0.0000e+00
6  3.5088e-42
7  1.9771e-27
8  1.1810e-07
9  3.5199e-39
10  9.6595e-26
11  1.0741e-23
12  9.0585e-24
13  2.2374e-24
14  1.7082e-17
15  9.6471e-22
16  1.5456e-23
17  1.3298e-22
18  2.0314e-19
19  4.5239e-23
20  1.0095e-17
21  1.6149e-21
22  6.0065e-21
23  1.0860e-20
24  5.8695e-17
25  5.7044e-20
26  2.5247e-18
27  1.1935e-19
28  1.0476e-18
29  -5.1847e-17
30  1.9366e-16
31  5.4857e-18
32  5.3170e-17
33  1.9723e-19
34  7.6656e-14
35  4.8728e-15
36  8.5681e-15
37  5.4174e-15
38  4.6307e-15
39  5.7733e-16
40  5.5350e-12
41  4.7166e-14
42  3.7554e-12
43  8.8397e-12
44  2.6584e-11
45  4.7245e-12
46  4.6944e-08
47  1.4430e-08
48  8.1403e-08
49  1.0730e-09
50  1.0950e-06
51  1.1277e-08
52  4.3481e-10
53  1.3193e-10
54  1.5620e-08
55  1.5287e-10
56  1.0020e-10
57  8.1352e-11
58  4.1709e-10
59  1.2670e-10
60  2.6958e-08
61  3.4128e-09
62  4.3746e-09
63  2.2265e-09
64  8.2068e-09
65  5.0539e-09
66  2.0360e-06
67  1.9060e-07
68  3.0731e-07
69  1.7079e-07
70  1.9967e-05
71  1.9139e-06
72  8.8664e-04
73  1.4236e-04
74  4.2652e-04
75  1.8739e-04
76  1.7066e-04
77  4.9675e-04
78  1.7403e-03
79  3.4330e-04
80  6.0628e-03
81  1.7877e-03
82  4.1244e-04
83  7.5726e-06
84  1.0042e-07
85  2.3365e-09
86  1.8660e-09
87  8.5219e-11
88  8.2860e-12
89  8.0003e-13
90  2.7418e-13
91  6.0366e-14
92  1.8544e-13
93  4.5109e-14
94  2.6134e-14
95  1.9105e-14
96  7.3662e-15
97  2.3379e-15
98  5.2404e-14
99  1.8052e-14
100  4.4701e-15
101  2.0045e-15
102  2.3799e-15
103  4.9490e-16
104  2.5747e-16
105  1.8757e-16
106  3.7689e-17
107  5.4526e-18
108  2.7408e-18
109  1.3492e-18
110  9.0803e-19
111  6.6369e-19
112  2.8151e-19
113  1.1389e-19
114  8.1875e-20
115  1.2614e-20
116  8.2093e-21
117  3.2354e-21
118  2.4308e-21
119  3.6545e-22
120  1.8807e-21
121  9.4232e-22
122  3.2354e-21
123  9.1395e-22
124  2.8598e-22
125  4.0828e-22
126  5.2575e-22
127  1.1323e-21
128  1.3840e-20
129  1.9404e-20
130  8.6286e-20
131  5.2872e-20
132  9.0225e-20
133  6.2869e-22
134  1.1386e-24
135  0.0000e+00
136  0.0000e+00
137  3.8345e-312
138  0.0000e+00
139  0.0000e+00
140  0.0000e+00
141  0.0000e+00
142  0.0000e+00
143  0.0000e+00
144  0.0000e+00
145  0.0000e+00
146  0.0000e+00
147  0.0000e+00
148  0.0000e+00
149  0.0000e+00
150  0.0000e+00
151  0.0000e+00
152  0.0000e+00
153  0.0000e+00
154  0.0000e+00
155  0.0000e+00
156  0.0000e+00
157  0.0000e+00
158  0.0000e+00
159  0.0000e+00
160  0.0000e+00
161  0.0000e+00
162  0.0000e+00
163  0.0000e+00
164  0.0000e+00
165  0.0000e+00
166  0.0000e+00
167  0.0000e+00
168  0.0000e+00
169  0.0000e+00
170  0.0000e+00
171  0.0000e+00
172  0.0000e+00
173  0.0000e+00
174  0.0000e+00
175  0.0000e+00
176  0.0000e+00
177  0.0000e+00
178  0.0000e+00
179  0.0000e+00
180  0.0000e+00
181  0.0000e+00
182  0.0000e+00
183  0.0000e+00
184  0.0000e+00
185  0.0000e+00
186  0.0000e+00
187  0.0000e+00
188  0.0000e+00
189  0.0000e+00
190  0.0000e+00
191  0.0000e+00
192  0.0000e+00
193  0.0000e+00
194  0.0000e+00
195  0.0000e+00
196  0.0000e+00
197  0.0000e+00
198  0.0000e+00
199  0.0000e+00
200  0.0000e+00
201  0.0000e+00
202  0.0000e+00
203  0.0000e+00
204  0.0000e+00
205  0.0000e+00
206  0.0000e+00
207  0.0000e+00
208  0.0000e+00
209  0.0000e+00
210  0.0000e+00
211  0.0000e+00
212  0.0000e+00
213  0.0000e+00
214  0.0000e+00
215  0.0000e+00
216  0.0000e+00
217  0.0000e+00
218  0.0000e+00
219  0.0000e+00
220  0.0000e+00
221  0.0000e+00
222  0.0000e+00
223  0.0000e+00
224  0.0000e+00
225  0.0000e+00
226  0.0000e+00
227  0.0000e+00
228  0.0000e+00
229  0.0000e+00
230  0.0000e+00
231  0.0000e+00
232  0.0000e+00
233  0.0000e+00
234  0.0000e+00
235  0.0000e+00
236  0.0000e+00
237  0.0000e+00
238  0.0000e+00
239  0.0000e+00
240  0.0000e+00
241  0.0000e+00
242  0.0000e+00
243  0.0000e+00
244  0.0000e+00
245  0.0000e+00
246  0.0000e+00
247  0.0000e+00
248  0.0000e+00
249  0.0000e+00
250  0.0000e+00
251  0.0000e+00
252  0.0000e+00
253  0.0000e+00
254  0.0000e+00
255  0.0000e+00
256  0.0000e+00
257  0.0000e+00
258  0.0000e+00
259  0.0000e+00
260  0.0000e+00
261  0.0000e+00
262  0.0000e+00
263  0.0000e+00
264  0.0000e+00
265  0.0000e+00
266  0.0000e+00
267  0.0000e+00
268  0.0000e+00
269  0.0000e+00
270  0.0000e+00
271  0.0000e+00
272  0.0000e+00
273  0.0000e+00
274  0.0000e+00
275  0.0000e+00
276  0.0000e+00
277  0.0000e+00
278  0.0000e+00
279  0.0000e+00
280  0.0000e+00
281  0.0000e+00
282  0.0000e+00
283  0.0000e+00
284  0.0000e+00
285  0.0000e+00
286  0.0000e+00
287  0.0000e+00
288  0.0000e+00
289  0.0000e+00
290  0.0000e+00
291  0.0000e+00
292  0.0000e+00
293  0.0000e+00
294  0.0000e+00
295  0.0000e+00
296  0.0000e+00
297  0.0000e+00
298  0.0000e+00
299  0.0000e+00
300  0.0000e+00
301  0.0000e+00
302  0.0000e+00
303  0.0000e+00
304  0.0000e+00
305  0.0000e+00
306  0.0000e+00
307  0.0000e+00
308  0.0000e+00
309  0.0000e+00
310  0.0000e+00
311  0.0000e+00
312  0.0000e+00
313  0.0000e+00
314  0.0000e+00
315  0.0000e+00
316  0.0000e+00
317  0.0000e+00
318  0.0000e+00
319  0.0000e+00
320  0.0000e+00
321  0.0000e+00
322  0.0000e+00
323  0.0000e+00
324  0.0000e+00
325  0.0000e+00
326  0.0000e+00
327  0.0000e+00
328  0.0000e+00
329  0.0000e+00
330  0.0000e+00
331  0.0000e+00
332  0.0000e+00
333  0.0000e+00
334  0.0000e+00
335  0.0000e+00
336  0.0000e+00
337  0.0000e+00

