337
time(s) = 10000000 t9 = 6.7942280396134506e-09 rho(g/cc) = 1.8149999600700007e-13 
0  0.0000e+00
1  1.3432e-11
2  1.1814e-15
3  4.0577e-20
4  3.4368e-15
5  0.0000e+00
6  2.5975e-34
7  1.1227e-18
8  7.4331e-08
9  1.2480e-22
10  4.6991e-18
11  2.3148e-20
12  6.1309e-24
13  4.7654e-25
14  1.6749e-21
15  6.0304e-23
16  6.6672e-29
17  2.1441e-59
18  3.2607e-87
19  9.0306e-96
20  1.2331e-23
21  6.4021e-32
22  2.1821e-42
23  3.2051e-42
24  1.1220e-22
25  3.8181e-25
26  1.9201e-23
27  7.5533e-25
28  2.1926e-24
29  1.9963e-24
30  9.9477e-22
31  2.7658e-23
32  3.8105e-24
33  2.5886e-22
34  1.2031e-18
35  1.6559e-19
36  4.7408e-19
37  2.5141e-19
38  2.1654e-19
39  3.0544e-20
40  4.4619e-16
41  7.5101e-18
42  1.0014e-15
43  2.7256e-15
44  2.3010e-15
45  1.4807e-15
46  9.9375e-12
47  4.6477e-12
48  6.8702e-12
49  1.2851e-13
50  2.7036e-10
51  3.6300e-12
52  2.0648e-13
53  1.2470e-13
54  9.1659e-12
55  1.2125e-13
56  1.9114e-13
57  8.0331e-14
58  9.1649e-13
59  6.2662e-13
60  1.8634e-10
61  3.8080e-11
62  8.4777e-11
63  1.9838e-11
64  8.5076e-11
65  9.4166e-11
66  5.2067e-08
67  6.9822e-09
68  2.1637e-08
69  6.8862e-09
70  2.0919e-06
71  4.0084e-07
72  3.0084e-04
73  9.5799e-05
74  4.2944e-04
75  1.0838e-04
76  1.9028e-04
77  6.2356e-04
78  8.2107e-04
79  3.2563e-04
80  7.5407e-03
81  1.8609e-03
82  2.9866e-04
83  6.3358e-06
84  8.8331e-08
85  2.2481e-09
86  3.6813e-09
87  2.0020e-10
88  2.5357e-11
89  2.8461e-12
90  3.3018e-12
91  1.2563e-12
92  6.7837e-12
93  1.4055e-12
94  8.0733e-13
95  7.0846e-13
96  2.6819e-13
97  1.0711e-13
98  2.5199e-12
99  9.5037e-13
100  2.9891e-13
101  1.7956e-13
102  2.6471e-13
103  6.8416e-14
104  6.8015e-14
105  6.9447e-14
106  1.8944e-14
107  3.5895e-15
108  3.0184e-15
109  1.7568e-15
110  1.8964e-15
111  1.7218e-15
112  1.0251e-15
113  5.1530e-16
114  3.6336e-15
115  9.3931e-16
116  1.2024e-15
117  1.7615e-15
118  9.9430e-15
119  2.1697e-15
120  7.4558e-14
121  5.7280e-14
122  3.3194e-13
123  1.0734e-13
124  4.6285e-14
125  4.8279e-14
126  1.0287e-13
127  7.6211e-14
128  2.7203e-13
129  6.7616e-13
130  3.6003e-12
131  2.1474e-12
132  3.2336e-12
133  2.4809e-14
134  5.4016e-17
135  1.3255e-19
136  2.2645e-22
137  5.4900e-25
138  0.0000e+00
139  0.0000e+00
140  0.0000e+00
141  0.0000e+00
142  0.0000e+00
143  0.0000e+00
144  0.0000e+00
145  0.0000e+00
146  0.0000e+00
147  0.0000e+00
148  0.0000e+00
149  0.0000e+00
150  0.0000e+00
151  0.0000e+00
152  0.0000e+00
153  0.0000e+00
154  0.0000e+00
155  0.0000e+00
156  0.0000e+00
157  0.0000e+00
158  0.0000e+00
159  0.0000e+00
160  0.0000e+00
161  0.0000e+00
162  0.0000e+00
163  0.0000e+00
164  0.0000e+00
165  0.0000e+00
166  0.0000e+00
167  0.0000e+00
168  0.0000e+00
169  0.0000e+00
170  0.0000e+00
171  0.0000e+00
172  0.0000e+00
173  0.0000e+00
174  0.0000e+00
175  0.0000e+00
176  0.0000e+00
177  0.0000e+00
178  0.0000e+00
179  0.0000e+00
180  0.0000e+00
181  0.0000e+00
182  0.0000e+00
183  0.0000e+00
184  0.0000e+00
185  0.0000e+00
186  0.0000e+00
187  0.0000e+00
188  0.0000e+00
189  0.0000e+00
190  0.0000e+00
191  0.0000e+00
192  0.0000e+00
193  0.0000e+00
194  0.0000e+00
195  0.0000e+00
196  0.0000e+00
197  0.0000e+00
198  0.0000e+00
199  0.0000e+00
200  0.0000e+00
201  0.0000e+00
202  0.0000e+00
203  0.0000e+00
204  0.0000e+00
205  0.0000e+00
206  0.0000e+00
207  0.0000e+00
208  0.0000e+00
209  0.0000e+00
210  0.0000e+00
211  0.0000e+00
212  0.0000e+00
213  0.0000e+00
214  0.0000e+00
215  0.0000e+00
216  0.0000e+00
217  0.0000e+00
218  0.0000e+00
219  0.0000e+00
220  0.0000e+00
221  0.0000e+00
222  0.0000e+00
223  0.0000e+00
224  0.0000e+00
225  0.0000e+00
226  0.0000e+00
227  0.0000e+00
228  0.0000e+00
229  0.0000e+00
230  0.0000e+00
231  0.0000e+00
232  0.0000e+00
233  0.0000e+00
234  0.0000e+00
235  0.0000e+00
236  0.0000e+00
237  0.0000e+00
238  0.0000e+00
239  0.0000e+00
240  0.0000e+00
241  0.0000e+00
242  0.0000e+00
243  0.0000e+00
244  0.0000e+00
245  0.0000e+00
246  0.0000e+00
247  0.0000e+00
248  0.0000e+00
249  0.0000e+00
250  0.0000e+00
251  0.0000e+00
252  0.0000e+00
253  0.0000e+00
254  0.0000e+00
255  0.0000e+00
256  0.0000e+00
257  0.0000e+00
258  0.0000e+00
259  0.0000e+00
260  0.0000e+00
261  0.0000e+00
262  0.0000e+00
263  0.0000e+00
264  0.0000e+00
265  0.0000e+00
266  0.0000e+00
267  0.0000e+00
268  0.0000e+00
269  0.0000e+00
270  0.0000e+00
271  0.0000e+00
272  0.0000e+00
273  0.0000e+00
274  0.0000e+00
275  0.0000e+00
276  0.0000e+00
277  0.0000e+00
278  0.0000e+00
279  0.0000e+00
280  0.0000e+00
281  0.0000e+00
282  0.0000e+00
283  0.0000e+00
284  0.0000e+00
285  0.0000e+00
286  0.0000e+00
287  0.0000e+00
288  0.0000e+00
289  0.0000e+00
290  0.0000e+00
291  0.0000e+00
292  0.0000e+00
293  0.0000e+00
294  0.0000e+00
295  0.0000e+00
296  0.0000e+00
297  0.0000e+00
298  0.0000e+00
299  0.0000e+00
300  0.0000e+00
301  0.0000e+00
302  0.0000e+00
303  0.0000e+00
304  0.0000e+00
305  0.0000e+00
306  0.0000e+00
307  0.0000e+00
308  0.0000e+00
309  0.0000e+00
310  0.0000e+00
311  0.0000e+00
312  0.0000e+00
313  0.0000e+00
314  0.0000e+00
315  0.0000e+00
316  0.0000e+00
317  0.0000e+00
318  0.0000e+00
319  0.0000e+00
320  0.0000e+00
321  0.0000e+00
322  0.0000e+00
323  0.0000e+00
324  0.0000e+00
325  0.0000e+00
326  0.0000e+00
327  0.0000e+00
328  0.0000e+00
329  0.0000e+00
330  0.0000e+00
331  0.0000e+00
332  0.0000e+00
333  0.0000e+00
334  0.0000e+00
335  0.0000e+00
336  0.0000e+00
337  0.0000e+00

