337
time(s) = 10000000 t9 = 5.0956710297100884e-09 rho(g/cc) = 1.8149999600700007e-13 
0  0.0000e+00
1  2.8986e-13
2  8.2904e-19
3  1.9916e-20
4  1.7495e-15
5  0.0000e+00
6  3.3873e-29
7  1.5556e-19
8  3.0296e-08
9  7.4368e-23
10  2.9784e-18
11  2.9054e-23
12  4.2915e-24
13  3.0694e-22
14  3.2525e-21
15  2.1594e-24
16  4.7623e-22
17  2.2748e-22
18  2.3499e-23
19  3.0856e-27
20  2.5392e-24
21  1.5685e-25
22  6.6685e-26
23  7.8201e-33
24  9.8405e-25
25  9.7020e-74
26  0.0000e+00
27  3.4315e-43
28  2.2132e-44
29  0.0000e+00
30  0.0000e+00
31  8.2619e-44
32  0.0000e+00
33  0.0000e+00
34  0.0000e+00
35  0.0000e+00
36  0.0000e+00
37  0.0000e+00
38  0.0000e+00
39  0.0000e+00
40  0.0000e+00
41  0.0000e+00
42  0.0000e+00
43  6.4431e-262
44  0.0000e+00
45  3.1402e-57
46  3.2211e-24
47  7.9511e-84
48  8.6615e-23
49  1.3377e-24
50  1.8804e-22
51  1.2046e-23
52  5.0865e-23
53  1.1923e-24
54  2.3818e-21
55  1.1049e-23
56  6.0842e-24
57  3.5755e-23
58  2.0091e-20
59  1.3541e-21
60  2.1083e-19
61  2.4534e-20
62  4.3004e-20
63  1.2039e-19
64  6.9833e-17
65  1.0615e-17
66  3.5521e-15
67  3.8028e-16
68  6.8193e-15
69  2.8063e-15
70  4.0214e-11
71  8.5046e-13
72  2.7598e-10
73  7.9998e-11
74  4.8304e-11
75  8.3207e-10
76  1.4736e-09
77  5.9436e-10
78  5.3713e-08
79  4.0648e-09
80  3.4261e-08
81  3.0257e-08
82  3.9694e-08
83  1.0589e-09
84  1.4685e-10
85  3.1252e-12
86  5.0964e-12
87  9.7736e-12
88  9.0175e-11
89  3.8157e-12
90  3.7465e-12
91  1.9355e-11
92  2.1399e-11
93  1.6639e-10
94  3.2721e-10
95  4.5617e-11
96  8.5884e-09
97  1.4056e-09
98  7.6400e-08
99  2.5283e-08
100  6.9883e-09
101  3.7197e-09
102  6.3710e-08
103  5.3916e-09
104  2.4159e-09
105  1.0089e-08
106  9.2389e-09
107  1.0402e-09
108  1.6088e-08
109  1.1917e-08
110  5.4250e-09
111  1.4413e-08
112  1.6346e-07
113  4.1298e-08
114  5.1738e-07
115  3.1232e-07
116  6.7478e-07
117  1.0002e-06
118  1.2542e-04
119  1.1216e-05
120  1.2945e-04
121  2.7104e-05
122  3.8524e-05
123  1.5406e-05
124  5.5125e-06
125  3.1455e-05
126  5.1764e-05
127  8.5932e-05
128  1.4635e-03
129  6.8024e-04
130  1.5911e-03
131  1.1286e-03
132  2.3092e-03
133  1.1129e-05
134  1.3699e-08
135  1.4606e-11
136  1.0820e-14
137  1.3277e-17
138  6.1571e-20
139  6.1523e-22
140  1.9456e-24
141  0.0000e+00
142  0.0000e+00
143  0.0000e+00
144  0.0000e+00
145  0.0000e+00
146  0.0000e+00
147  0.0000e+00
148  0.0000e+00
149  0.0000e+00
150  0.0000e+00
151  0.0000e+00
152  0.0000e+00
153  0.0000e+00
154  0.0000e+00
155  0.0000e+00
156  0.0000e+00
157  0.0000e+00
158  0.0000e+00
159  0.0000e+00
160  0.0000e+00
161  0.0000e+00
162  0.0000e+00
163  0.0000e+00
164  0.0000e+00
165  0.0000e+00
166  0.0000e+00
167  0.0000e+00
168  0.0000e+00
169  0.0000e+00
170  0.0000e+00
171  0.0000e+00
172  0.0000e+00
173  0.0000e+00
174  0.0000e+00
175  0.0000e+00
176  0.0000e+00
177  0.0000e+00
178  0.0000e+00
179  0.0000e+00
180  0.0000e+00
181  0.0000e+00
182  0.0000e+00
183  0.0000e+00
184  0.0000e+00
185  0.0000e+00
186  0.0000e+00
187  0.0000e+00
188  0.0000e+00
189  0.0000e+00
190  0.0000e+00
191  0.0000e+00
192  0.0000e+00
193  0.0000e+00
194  0.0000e+00
195  0.0000e+00
196  0.0000e+00
197  0.0000e+00
198  0.0000e+00
199  0.0000e+00
200  0.0000e+00
201  0.0000e+00
202  0.0000e+00
203  0.0000e+00
204  0.0000e+00
205  0.0000e+00
206  0.0000e+00
207  0.0000e+00
208  0.0000e+00
209  0.0000e+00
210  0.0000e+00
211  0.0000e+00
212  0.0000e+00
213  0.0000e+00
214  0.0000e+00
215  0.0000e+00
216  0.0000e+00
217  0.0000e+00
218  0.0000e+00
219  0.0000e+00
220  0.0000e+00
221  0.0000e+00
222  0.0000e+00
223  0.0000e+00
224  0.0000e+00
225  0.0000e+00
226  0.0000e+00
227  0.0000e+00
228  0.0000e+00
229  0.0000e+00
230  0.0000e+00
231  0.0000e+00
232  0.0000e+00
233  0.0000e+00
234  0.0000e+00
235  0.0000e+00
236  0.0000e+00
237  0.0000e+00
238  0.0000e+00
239  0.0000e+00
240  0.0000e+00
241  0.0000e+00
242  0.0000e+00
243  0.0000e+00
244  0.0000e+00
245  0.0000e+00
246  0.0000e+00
247  0.0000e+00
248  0.0000e+00
249  0.0000e+00
250  0.0000e+00
251  0.0000e+00
252  0.0000e+00
253  0.0000e+00
254  0.0000e+00
255  0.0000e+00
256  0.0000e+00
257  0.0000e+00
258  0.0000e+00
259  0.0000e+00
260  0.0000e+00
261  0.0000e+00
262  0.0000e+00
263  0.0000e+00
264  0.0000e+00
265  0.0000e+00
266  0.0000e+00
267  0.0000e+00
268  0.0000e+00
269  0.0000e+00
270  0.0000e+00
271  0.0000e+00
272  0.0000e+00
273  0.0000e+00
274  0.0000e+00
275  0.0000e+00
276  0.0000e+00
277  0.0000e+00
278  0.0000e+00
279  0.0000e+00
280  0.0000e+00
281  0.0000e+00
282  0.0000e+00
283  0.0000e+00
284  0.0000e+00
285  0.0000e+00
286  0.0000e+00
287  0.0000e+00
288  0.0000e+00
289  0.0000e+00
290  0.0000e+00
291  0.0000e+00
292  0.0000e+00
293  0.0000e+00
294  0.0000e+00
295  0.0000e+00
296  0.0000e+00
297  0.0000e+00
298  0.0000e+00
299  0.0000e+00
300  0.0000e+00
301  0.0000e+00
302  0.0000e+00
303  0.0000e+00
304  0.0000e+00
305  0.0000e+00
306  0.0000e+00
307  0.0000e+00
308  0.0000e+00
309  0.0000e+00
310  0.0000e+00
311  0.0000e+00
312  0.0000e+00
313  0.0000e+00
314  0.0000e+00
315  0.0000e+00
316  0.0000e+00
317  0.0000e+00
318  0.0000e+00
319  0.0000e+00
320  0.0000e+00
321  0.0000e+00
322  0.0000e+00
323  0.0000e+00
324  0.0000e+00
325  0.0000e+00
326  0.0000e+00
327  0.0000e+00
328  0.0000e+00
329  0.0000e+00
330  0.0000e+00
331  0.0000e+00
332  0.0000e+00
333  0.0000e+00
334  0.0000e+00
335  0.0000e+00
336  0.0000e+00
337  0.0000e+00

