337
time(s) = 10000000 t9 = 5.6618566996778755e-09 rho(g/cc) = 1.8149999600700007e-13 
0  0.0000e+00
1  1.0970e-12
2  1.0101e-17
3  4.7150e-20
4  1.0039e-14
5  0.0000e+00
6  1.7359e-29
7  6.6157e-19
8  3.7625e-08
9  3.4957e-22
10  7.6861e-18
11  2.2806e-20
12  2.8264e-24
13  8.0628e-25
14  8.1387e-21
15  6.1299e-23
16  1.7291e-26
17  3.5840e-25
18  4.6889e-24
19  1.2255e-57
20  1.1330e-30
21  1.4327e-97
22  3.4465e-96
23  8.3689e-38
24  0.0000e+00
25  0.0000e+00
26  0.0000e+00
27  0.0000e+00
28  0.0000e+00
29  0.0000e+00
30  0.0000e+00
31  0.0000e+00
32  0.0000e+00
33  1.0291e-52
34  7.1396e-24
35  7.0080e-74
36  6.7297e-40
37  8.9304e-223
38  3.3969e-23
39  8.4254e-26
40  3.9846e-21
41  1.4859e-22
42  7.0582e-22
43  1.4828e-20
44  2.2644e-18
45  9.6772e-20
46  3.2855e-16
47  3.7376e-16
48  4.7821e-14
49  4.2861e-16
50  7.0100e-14
51  1.6673e-15
52  6.2706e-16
53  1.7722e-17
54  1.8320e-14
55  1.0191e-16
56  3.5656e-17
57  1.8914e-16
58  6.5709e-14
59  3.6966e-15
60  4.6099e-13
61  4.5949e-14
62  4.0630e-14
63  8.9509e-14
64  1.2888e-11
65  1.6168e-12
66  4.3119e-10
67  4.1515e-11
68  3.1540e-10
69  1.3518e-10
70  1.0743e-06
71  2.4413e-08
72  4.9172e-06
73  1.3149e-06
74  5.7280e-07
75  8.7393e-06
76  1.7838e-05
77  5.1779e-06
78  4.4164e-04
79  3.2603e-05
80  1.9608e-04
81  2.0636e-04
82  1.6350e-04
83  2.2153e-06
84  3.4321e-08
85  6.4166e-10
86  3.5616e-10
87  6.1551e-11
88  1.6288e-10
89  8.9461e-12
90  5.1788e-12
91  3.2340e-11
92  2.8381e-11
93  1.7872e-10
94  1.0974e-09
95  1.1822e-10
96  2.2140e-08
97  3.9352e-09
98  1.3402e-07
99  4.8940e-08
100  1.3829e-08
101  5.4934e-09
102  7.6047e-08
103  7.8766e-09
104  2.2631e-09
105  7.1724e-09
106  8.5618e-09
107  1.0943e-09
108  9.6374e-09
109  9.8602e-09
110  5.2344e-09
111  1.0910e-08
112  1.2862e-07
113  3.8888e-08
114  2.9779e-07
115  1.2272e-07
116  3.1503e-07
117  3.1120e-07
118  4.2139e-05
119  4.3808e-06
120  3.0487e-05
121  7.3909e-06
122  6.9571e-06
123  6.3180e-06
124  2.6039e-06
125  1.3082e-05
126  5.8171e-05
127  8.1308e-05
128  1.4578e-03
129  6.1743e-04
130  1.1663e-03
131  9.1859e-04
132  2.5937e-03
133  1.4779e-05
134  2.1335e-08
135  2.7565e-11
136  2.4113e-14
137  2.8587e-17
138  1.1803e-19
139  1.4227e-21
140  6.0326e-24
141  0.0000e+00
142  0.0000e+00
143  0.0000e+00
144  0.0000e+00
145  0.0000e+00
146  0.0000e+00
147  0.0000e+00
148  0.0000e+00
149  0.0000e+00
150  0.0000e+00
151  0.0000e+00
152  0.0000e+00
153  0.0000e+00
154  0.0000e+00
155  0.0000e+00
156  0.0000e+00
157  0.0000e+00
158  0.0000e+00
159  0.0000e+00
160  0.0000e+00
161  0.0000e+00
162  0.0000e+00
163  0.0000e+00
164  0.0000e+00
165  0.0000e+00
166  0.0000e+00
167  0.0000e+00
168  0.0000e+00
169  0.0000e+00
170  0.0000e+00
171  0.0000e+00
172  0.0000e+00
173  0.0000e+00
174  0.0000e+00
175  0.0000e+00
176  0.0000e+00
177  0.0000e+00
178  0.0000e+00
179  0.0000e+00
180  0.0000e+00
181  0.0000e+00
182  0.0000e+00
183  0.0000e+00
184  0.0000e+00
185  0.0000e+00
186  0.0000e+00
187  0.0000e+00
188  0.0000e+00
189  0.0000e+00
190  0.0000e+00
191  0.0000e+00
192  0.0000e+00
193  0.0000e+00
194  0.0000e+00
195  0.0000e+00
196  0.0000e+00
197  0.0000e+00
198  0.0000e+00
199  0.0000e+00
200  0.0000e+00
201  0.0000e+00
202  0.0000e+00
203  0.0000e+00
204  0.0000e+00
205  0.0000e+00
206  0.0000e+00
207  0.0000e+00
208  0.0000e+00
209  0.0000e+00
210  0.0000e+00
211  0.0000e+00
212  0.0000e+00
213  0.0000e+00
214  0.0000e+00
215  0.0000e+00
216  0.0000e+00
217  0.0000e+00
218  0.0000e+00
219  0.0000e+00
220  0.0000e+00
221  0.0000e+00
222  0.0000e+00
223  0.0000e+00
224  0.0000e+00
225  0.0000e+00
226  0.0000e+00
227  0.0000e+00
228  0.0000e+00
229  0.0000e+00
230  0.0000e+00
231  0.0000e+00
232  0.0000e+00
233  0.0000e+00
234  0.0000e+00
235  0.0000e+00
236  0.0000e+00
237  0.0000e+00
238  0.0000e+00
239  0.0000e+00
240  0.0000e+00
241  0.0000e+00
242  0.0000e+00
243  0.0000e+00
244  0.0000e+00
245  0.0000e+00
246  0.0000e+00
247  0.0000e+00
248  0.0000e+00
249  0.0000e+00
250  0.0000e+00
251  0.0000e+00
252  0.0000e+00
253  0.0000e+00
254  0.0000e+00
255  0.0000e+00
256  0.0000e+00
257  0.0000e+00
258  0.0000e+00
259  0.0000e+00
260  0.0000e+00
261  0.0000e+00
262  0.0000e+00
263  0.0000e+00
264  0.0000e+00
265  0.0000e+00
266  0.0000e+00
267  0.0000e+00
268  0.0000e+00
269  0.0000e+00
270  0.0000e+00
271  0.0000e+00
272  0.0000e+00
273  0.0000e+00
274  0.0000e+00
275  0.0000e+00
276  0.0000e+00
277  0.0000e+00
278  0.0000e+00
279  0.0000e+00
280  0.0000e+00
281  0.0000e+00
282  0.0000e+00
283  0.0000e+00
284  0.0000e+00
285  0.0000e+00
286  0.0000e+00
287  0.0000e+00
288  0.0000e+00
289  0.0000e+00
290  0.0000e+00
291  0.0000e+00
292  0.0000e+00
293  0.0000e+00
294  0.0000e+00
295  0.0000e+00
296  0.0000e+00
297  0.0000e+00
298  0.0000e+00
299  0.0000e+00
300  0.0000e+00
301  0.0000e+00
302  0.0000e+00
303  0.0000e+00
304  0.0000e+00
305  0.0000e+00
306  0.0000e+00
307  0.0000e+00
308  0.0000e+00
309  0.0000e+00
310  0.0000e+00
311  0.0000e+00
312  0.0000e+00
313  0.0000e+00
314  0.0000e+00
315  0.0000e+00
316  0.0000e+00
317  0.0000e+00
318  0.0000e+00
319  0.0000e+00
320  0.0000e+00
321  0.0000e+00
322  0.0000e+00
323  0.0000e+00
324  0.0000e+00
325  0.0000e+00
326  0.0000e+00
327  0.0000e+00
328  0.0000e+00
329  0.0000e+00
330  0.0000e+00
331  0.0000e+00
332  0.0000e+00
333  0.0000e+00
334  0.0000e+00
335  0.0000e+00
336  0.0000e+00
337  0.0000e+00

