337
time(s) = 10000000 t9 = 7.3604137095812386e-09 rho(g/cc) = 1.8149999600700007e-13 
0  0.0000e+00
1  1.1256e-11
2  8.2096e-16
3  1.9568e-22
4  8.7916e-15
5  0.0000e+00
6  4.5534e-42
7  4.9559e-28
8  9.4312e-08
9  3.3986e-39
10  9.2888e-26
11  5.2861e-24
12  3.5986e-24
13  1.0816e-24
14  1.1936e-17
15  4.9783e-22
16  1.8552e-23
17  1.5443e-22
18  1.2497e-19
19  3.3796e-23
20  1.0350e-17
21  1.6635e-21
22  9.5852e-21
23  1.3898e-20
24  4.6135e-17
25  6.9747e-20
26  3.2784e-18
27  1.4064e-19
28  5.5901e-19
29  -4.3963e-17
30  1.6188e-16
31  4.2813e-18
32  4.4868e-17
33  1.5499e-19
34  5.3411e-14
35  5.4307e-15
36  9.6719e-15
37  4.8910e-15
38  2.3245e-15
39  5.1783e-16
40  4.2240e-12
41  4.3880e-14
42  4.5152e-12
43  8.2346e-12
44  1.1705e-11
45  3.5339e-12
46  3.1907e-08
47  8.8321e-09
48  2.4843e-08
49  3.9824e-10
50  5.2498e-07
51  5.5486e-09
52  2.3421e-10
53  9.5883e-11
54  6.2886e-09
55  6.9776e-11
56  6.2920e-11
57  3.6086e-11
58  1.8376e-10
59  7.1701e-11
60  1.8434e-08
61  2.7874e-09
62  4.4818e-09
63  1.5590e-09
64  4.6705e-09
65  3.0875e-09
66  1.3618e-06
67  1.4587e-07
68  3.0007e-07
69  1.2415e-07
70  1.1166e-05
71  1.3389e-06
72  8.0147e-04
73  1.6723e-04
74  6.0446e-04
75  1.7179e-04
76  2.0150e-04
77  6.2690e-04
78  1.2448e-03
79  3.2682e-04
80  6.4954e-03
81  1.7152e-03
82  3.1538e-04
83  6.0760e-06
84  8.0819e-08
85  2.0256e-09
86  1.7321e-09
87  8.0821e-11
88  8.2888e-12
89  8.8621e-13
90  3.8522e-13
91  1.0366e-13
92  4.0649e-13
93  8.9852e-14
94  5.1670e-14
95  4.1356e-14
96  1.5368e-14
97  5.2658e-15
98  9.7271e-14
99  3.4679e-14
100  9.2252e-15
101  4.3399e-15
102  4.1768e-15
103  9.3579e-16
104  5.4485e-16
105  4.1280e-16
106  8.9110e-17
107  1.3800e-17
108  5.9119e-18
109  2.8953e-18
110  2.1687e-18
111  1.6721e-18
112  7.6922e-19
113  3.3760e-19
114  2.5125e-19
115  4.0341e-20
116  2.9368e-20
117  1.1025e-20
118  9.1178e-21
119  1.4973e-21
120  1.0928e-20
121  6.5655e-21
122  2.8820e-20
123  8.8297e-21
124  3.1099e-21
125  3.3231e-21
126  4.7693e-21
127  6.3175e-21
128  4.3030e-20
129  7.8744e-20
130  3.8490e-19
131  2.3343e-19
132  3.7343e-19
133  2.7056e-21
134  5.4876e-24
135  0.0000e+00
136  0.0000e+00
137  1.7095e-311
138  0.0000e+00
139  0.0000e+00
140  0.0000e+00
141  0.0000e+00
142  0.0000e+00
143  0.0000e+00
144  0.0000e+00
145  0.0000e+00
146  0.0000e+00
147  0.0000e+00
148  0.0000e+00
149  0.0000e+00
150  0.0000e+00
151  0.0000e+00
152  0.0000e+00
153  0.0000e+00
154  0.0000e+00
155  0.0000e+00
156  0.0000e+00
157  0.0000e+00
158  0.0000e+00
159  0.0000e+00
160  0.0000e+00
161  0.0000e+00
162  0.0000e+00
163  0.0000e+00
164  0.0000e+00
165  0.0000e+00
166  0.0000e+00
167  0.0000e+00
168  0.0000e+00
169  0.0000e+00
170  0.0000e+00
171  0.0000e+00
172  0.0000e+00
173  0.0000e+00
174  0.0000e+00
175  0.0000e+00
176  0.0000e+00
177  0.0000e+00
178  0.0000e+00
179  0.0000e+00
180  0.0000e+00
181  0.0000e+00
182  0.0000e+00
183  0.0000e+00
184  0.0000e+00
185  0.0000e+00
186  0.0000e+00
187  0.0000e+00
188  0.0000e+00
189  0.0000e+00
190  0.0000e+00
191  0.0000e+00
192  0.0000e+00
193  0.0000e+00
194  0.0000e+00
195  0.0000e+00
196  0.0000e+00
197  0.0000e+00
198  0.0000e+00
199  0.0000e+00
200  0.0000e+00
201  0.0000e+00
202  0.0000e+00
203  0.0000e+00
204  0.0000e+00
205  0.0000e+00
206  0.0000e+00
207  0.0000e+00
208  0.0000e+00
209  0.0000e+00
210  0.0000e+00
211  0.0000e+00
212  0.0000e+00
213  0.0000e+00
214  0.0000e+00
215  0.0000e+00
216  0.0000e+00
217  0.0000e+00
218  0.0000e+00
219  0.0000e+00
220  0.0000e+00
221  0.0000e+00
222  0.0000e+00
223  0.0000e+00
224  0.0000e+00
225  0.0000e+00
226  0.0000e+00
227  0.0000e+00
228  0.0000e+00
229  0.0000e+00
230  0.0000e+00
231  0.0000e+00
232  0.0000e+00
233  0.0000e+00
234  0.0000e+00
235  0.0000e+00
236  0.0000e+00
237  0.0000e+00
238  0.0000e+00
239  0.0000e+00
240  0.0000e+00
241  0.0000e+00
242  0.0000e+00
243  0.0000e+00
244  0.0000e+00
245  0.0000e+00
246  0.0000e+00
247  0.0000e+00
248  0.0000e+00
249  0.0000e+00
250  0.0000e+00
251  0.0000e+00
252  0.0000e+00
253  0.0000e+00
254  0.0000e+00
255  0.0000e+00
256  0.0000e+00
257  0.0000e+00
258  0.0000e+00
259  0.0000e+00
260  0.0000e+00
261  0.0000e+00
262  0.0000e+00
263  0.0000e+00
264  0.0000e+00
265  0.0000e+00
266  0.0000e+00
267  0.0000e+00
268  0.0000e+00
269  0.0000e+00
270  0.0000e+00
271  0.0000e+00
272  0.0000e+00
273  0.0000e+00
274  0.0000e+00
275  0.0000e+00
276  0.0000e+00
277  0.0000e+00
278  0.0000e+00
279  0.0000e+00
280  0.0000e+00
281  0.0000e+00
282  0.0000e+00
283  0.0000e+00
284  0.0000e+00
285  0.0000e+00
286  0.0000e+00
287  0.0000e+00
288  0.0000e+00
289  0.0000e+00
290  0.0000e+00
291  0.0000e+00
292  0.0000e+00
293  0.0000e+00
294  0.0000e+00
295  0.0000e+00
296  0.0000e+00
297  0.0000e+00
298  0.0000e+00
299  0.0000e+00
300  0.0000e+00
301  0.0000e+00
302  0.0000e+00
303  0.0000e+00
304  0.0000e+00
305  0.0000e+00
306  0.0000e+00
307  0.0000e+00
308  0.0000e+00
309  0.0000e+00
310  0.0000e+00
311  0.0000e+00
312  0.0000e+00
313  0.0000e+00
314  0.0000e+00
315  0.0000e+00
316  0.0000e+00
317  0.0000e+00
318  0.0000e+00
319  0.0000e+00
320  0.0000e+00
321  0.0000e+00
322  0.0000e+00
323  0.0000e+00
324  0.0000e+00
325  0.0000e+00
326  0.0000e+00
327  0.0000e+00
328  0.0000e+00
329  0.0000e+00
330  0.0000e+00
331  0.0000e+00
332  0.0000e+00
333  0.0000e+00
334  0.0000e+00
335  0.0000e+00
336  0.0000e+00
337  0.0000e+00

