337
time(s) = 10000000 t9 = 4.5294853597423004e-09 rho(g/cc) = 1.8149999600700007e-13 
0  0.0000e+00
1  5.7519e-13
2  1.3913e-18
3  1.3003e-26
4  6.8148e-10
5  0.0000e+00
6  1.3197e-33
7  3.4930e-20
8  2.6350e-07
9  1.1424e-23
10  8.6475e-19
11  4.6125e-22
12  1.3880e-12
13  8.3927e-18
14  1.9464e-22
15  8.6576e-26
16  2.4485e-15
17  6.9500e-20
18  6.9619e-24
19  8.1352e-25
20  3.9530e-15
21  1.1849e-18
22  2.3854e-20
23  1.4319e-23
24  5.2447e-15
25  5.5669e-17
26  1.4267e-17
27  2.6721e-18
28  2.7429e-14
29  3.1370e-19
30  6.7640e-15
31  1.9081e-14
32  1.1873e-14
33  1.4347e-16
34  3.6962e-14
35  1.3972e-14
36  4.7745e-16
37  5.5757e-17
38  4.3249e-15
39  5.0478e-17
40  2.0054e-15
41  1.1699e-15
42  9.4573e-15
43  3.4477e-15
44  1.0616e-14
45  7.2114e-15
46  1.0747e-12
47  2.5841e-14
48  1.2691e-13
49  6.1007e-14
50  1.7052e-12
51  3.4252e-14
52  3.3796e-12
53  3.7136e-13
54  2.4712e-13
55  2.6935e-15
56  5.9888e-14
57  1.1100e-13
58  3.1134e-12
59  1.1104e-12
60  1.0062e-12
61  3.0101e-13
62  8.7040e-13
63  2.2999e-12
64  1.0146e-11
65  6.5697e-12
66  6.9831e-12
67  1.1579e-12
68  6.2743e-12
69  2.3507e-12
70  1.1223e-11
71  3.3434e-11
72  3.3308e-11
73  7.4293e-12
74  1.2515e-11
75  2.7123e-11
76  6.3172e-11
77  2.7371e-10
78  5.9839e-10
79  7.9996e-10
80  5.4366e-09
81  8.3029e-10
82  1.1344e-09
83  4.7081e-10
84  4.2621e-09
85  6.8054e-10
86  4.6106e-10
87  3.4491e-10
88  6.3999e-11
89  7.3131e-11
90  2.4291e-09
91  5.1072e-10
92  4.4353e-10
93  2.7399e-10
94  3.0918e-10
95  3.8755e-10
96  1.3534e-09
97  8.3908e-10
98  1.3922e-09
99  2.3580e-09
100  1.2915e-09
101  5.7613e-10
102  2.4053e-09
103  1.0104e-09
104  7.9576e-10
105  8.2378e-10
106  7.9968e-10
107  5.0704e-10
108  4.1417e-09
109  1.1814e-09
110  1.4294e-09
111  7.5026e-10
112  9.4470e-10
113  3.1848e-10
114  5.5325e-10
115  3.9403e-10
116  4.8207e-10
117  3.7222e-10
118  4.6862e-10
119  2.4539e-10
120  5.9697e-10
121  2.0164e-10
122  1.6295e-10
123  9.8804e-11
124  1.4838e-10
125  3.9641e-10
126  9.4549e-10
127  4.8716e-09
128  4.2086e-08
129  1.4906e-05
130  2.8264e-04
131  3.4462e-04
132  4.5266e-03
133  1.6887e-04
134  3.6031e-06
135  4.6162e-06
136  4.0354e-06
137  5.8494e-08
138  1.5131e-09
139  8.3423e-10
140  6.6318e-09
141  1.1367e-09
142  1.8554e-07
143  3.6078e-08
144  1.1590e-07
145  5.9342e-08
146  1.3825e-07
147  1.8334e-07
148  1.2973e-07
149  1.5965e-07
150  3.5093e-06
151  1.2425e-06
152  1.9454e-06
153  1.7915e-06
154  1.4374e-06
155  1.5061e-06
156  2.5589e-05
157  7.7046e-06
158  1.5795e-05
159  1.2537e-05
160  1.9591e-05
161  7.9236e-06
162  1.8231e-04
163  8.0842e-05
164  4.0015e-05
165  3.7046e-05
166  2.6974e-04
167  6.3473e-05
168  1.3153e-04
169  7.6942e-05
170  2.9184e-05
171  1.8367e-05
172  1.7256e-04
173  5.5701e-05
174  5.9233e-05
175  4.0015e-05
176  3.3001e-05
177  7.0619e-06
178  5.7552e-05
179  1.1728e-05
180  1.4902e-05
181  1.2199e-05
182  9.0633e-06
183  7.3004e-06
184  2.3367e-05
185  2.2469e-06
186  1.0978e-06
187  3.5406e-07
188  2.6074e-06
189  3.7554e-06
190  1.8099e-06
191  6.1014e-07
192  1.6354e-06
193  1.0052e-05
194  5.3857e-05
195  2.4100e-05
196  2.7490e-05
197  1.2003e-05
198  4.1494e-05
199  2.8934e-06
200  4.5486e-07
201  3.3917e-09
202  1.1081e-10
203  3.1031e-13
204  1.3913e-14
205  1.2677e-15
206  5.0272e-16
207  8.7186e-17
208  1.1041e-16
209  4.9267e-17
210  6.0607e-17
211  1.3078e-22
212  2.7203e-24
213  2.1751e-23
214  2.9487e-24
215  8.2236e-26
216  1.0660e-35
217  3.6417e-24
218  5.1239e-26
219  5.8009e-26
220  1.0691e-24
221  8.8086e-25
222  9.1207e-23
223  4.1194e-21
224  5.2685e-24
225  2.6124e-21
226  1.3894e-17
227  6.4633e-18
228  1.6025e-16
229  4.3373e-17
230  1.2396e-15
231  5.9879e-16
232  1.7463e-12
233  5.0201e-13
234  4.8648e-11
235  1.6004e-11
236  8.2049e-11
237  7.7734e-11
238  5.4973e-10
239  2.2629e-10
240  2.3201e-09
241  2.6893e-09
242  9.5185e-10
243  4.0223e-10
244  1.0234e-09
245  5.2295e-09
246  1.8932e-09
247  1.3396e-09
248  5.2309e-10
249  2.4329e-10
250  6.8385e-11
251  6.5044e-11
252  1.2807e-11
253  3.3718e-12
254  5.4268e-12
255  3.3975e-12
256  4.1391e-37
257  4.9560e-13
258  8.6993e-14
259  3.8926e-15
260  8.0222e-17
261  1.0178e-18
262  1.1451e-17
263  8.3151e-19
264  2.4055e-16
265  1.0376e-16
266  2.7213e-15
267  4.1549e-16
268  5.2515e-14
269  8.0280e-14
270  1.0240e-13
271  8.0196e-14
272  7.9189e-11
273  8.6707e-09
274  5.3322e-14
275  9.0208e-14
276  1.2091e-13
277  2.0916e-15
278  1.3425e-14
279  4.1100e-16
280  3.3847e-17
281  8.0782e-18
282  2.6024e-18
283  6.2465e-19
284  3.0882e-18
285  1.2107e-18
286  3.3176e-18
287  4.3336e-19
288  6.0777e-19
289  6.3142e-20
290  1.2050e-18
291  2.3052e-22
292  9.5141e-19
293  6.9183e-19
294  2.3807e-21
295  7.3786e-23
296  7.7704e-24
297  2.1888e-24
298  0.0000e+00
299  0.0000e+00
300  0.0000e+00
301  0.0000e+00
302  0.0000e+00
303  0.0000e+00
304  0.0000e+00
305  0.0000e+00
306  0.0000e+00
307  0.0000e+00
308  0.0000e+00
309  0.0000e+00
310  0.0000e+00
311  0.0000e+00
312  0.0000e+00
313  0.0000e+00
314  0.0000e+00
315  0.0000e+00
316  0.0000e+00
317  0.0000e+00
318  0.0000e+00
319  0.0000e+00
320  0.0000e+00
321  0.0000e+00
322  0.0000e+00
323  0.0000e+00
324  0.0000e+00
325  0.0000e+00
326  0.0000e+00
327  0.0000e+00
328  0.0000e+00
329  0.0000e+00
330  0.0000e+00
331  0.0000e+00
332  0.0000e+00
333  0.0000e+00
334  0.0000e+00
335  0.0000e+00
336  0.0000e+00
337  0.0000e+00

