337
time(s) = 3000000000 t9 = 7.580466922220505e-11 rho(g/cc) = 2.0166666665187776e-18 
0  0.0000e+00
1  5.0183e-09
2  2.3095e-11
3  4.5903e-15
4  4.3732e-05
5  0.0000e+00
6  8.3259e-32
7  2.0545e-16
8  1.0093e-03
9  3.2068e-22
10  7.7991e-12
11  1.5227e-13
12  1.0754e-10
13  1.3722e-10
14  7.9236e-03
15  6.3169e-05
16  7.5905e-07
17  1.0708e-08
18  1.0719e-03
19  1.4124e-03
20  6.4519e-04
21  1.4192e-06
22  2.5265e-03
23  8.0398e-06
24  5.5261e-06
25  2.6202e-06
26  2.3755e-05
27  1.0565e-06
28  2.5982e-06
29  1.5509e-06
30  2.9781e-06
31  1.4677e-06
32  1.6408e-05
33  4.7016e-06
34  3.8495e-06
35  7.8127e-06
36  1.2210e-05
37  1.6050e-06
38  1.6381e-06
39  3.8053e-07
40  7.9618e-07
41  2.1073e-06
42  2.6123e-06
43  9.9095e-06
44  3.8341e-05
45  1.9252e-05
46  2.5239e-05
47  9.6437e-06
48  3.2173e-05
49  1.2680e-05
50  7.1698e-06
51  7.4965e-06
52  1.0625e-05
53  8.6922e-06
54  1.3346e-05
55  1.4635e-06
56  1.3574e-06
57  4.9350e-07
58  3.0024e-06
59  7.3616e-07
60  1.6836e-06
61  1.0112e-06
62  1.9049e-06
63  8.6352e-07
64  3.2400e-06
65  1.6521e-06
66  2.8755e-06
67  1.7384e-06
68  2.7745e-06
69  1.2860e-06
70  1.6355e-06
71  1.0870e-06
72  2.0710e-06
73  1.7924e-06
74  1.7476e-06
75  2.0818e-06
76  6.3962e-06
77  3.3345e-05
78  8.3782e-05
79  1.3207e-04
80  2.1289e-04
81  7.6402e-05
82  2.0720e-05
83  1.1442e-05
84  4.3566e-06
85  1.8394e-06
86  4.7987e-06
87  2.3150e-06
88  1.6703e-06
89  1.9495e-06
90  2.9015e-06
91  2.6710e-06
92  2.4250e-06
93  1.0574e-06
94  2.1821e-06
95  2.7590e-06
96  3.0171e-06
97  3.4910e-06
98  2.2394e-06
99  1.4408e-06
100  2.4674e-06
101  1.3824e-06
102  1.9848e-06
103  1.4142e-06
104  1.4994e-06
105  1.5629e-06
106  1.9785e-06
107  1.3612e-06
108  1.1896e-06
109  5.4364e-07
110  1.7894e-06
111  1.2702e-06
112  2.9889e-06
113  2.1010e-06
114  7.2241e-06
115  1.9114e-06
116  4.2799e-06
117  9.4580e-07
118  2.0268e-06
119  4.4400e-07
120  9.2070e-07
121  3.9116e-07
122  9.1093e-07
123  3.3967e-07
124  4.9774e-07
125  5.5318e-07
126  2.2374e-06
127  3.0799e-06
128  1.5720e-05
129  2.2489e-05
130  7.8867e-05
131  4.1488e-05
132  2.2162e-05
133  7.8074e-06
134  1.3752e-05
135  2.5245e-06
136  1.4551e-07
137  3.0254e-08
138  7.1904e-08
139  2.3041e-08
140  2.0357e-08
141  1.8359e-08
142  1.1457e-08
143  7.2444e-09
144  5.6457e-09
145  2.5733e-09
146  3.4496e-09
147  2.4207e-09
148  5.2895e-09
149  3.6961e-09
150  5.2159e-09
151  5.8429e-09
152  1.1161e-08
153  4.0498e-09
154  1.0427e-08
155  8.9830e-09
156  9.7756e-09
157  1.0760e-08
158  1.4582e-08
159  3.6404e-09
160  1.5499e-08
161  2.1837e-08
162  2.2335e-08
163  4.0605e-08
164  4.9250e-08
165  8.1315e-08
166  7.4689e-08
167  8.8425e-08
168  9.9154e-08
169  9.0379e-08
170  1.0935e-07
171  6.5082e-08
172  1.4740e-07
173  1.1463e-07
174  2.8929e-07
175  1.8655e-07
176  2.8726e-07
177  3.0648e-07
178  2.2928e-07
179  4.4549e-07
180  3.2686e-07
181  3.8599e-07
182  4.2119e-07
183  2.5824e-07
184  3.2728e-07
185  1.2942e-07
186  1.7875e-07
187  5.1691e-08
188  5.8410e-08
189  2.6513e-08
190  5.9156e-08
191  4.0436e-08
192  1.5109e-07
193  2.5344e-07
194  1.7331e-06
195  3.9516e-06
196  3.3978e-05
197  2.4518e-05
198  1.0859e-04
199  4.3158e-05
200  1.0930e-05
201  8.5615e-07
202  1.1557e-07
203  9.6479e-08
204  1.1613e-07
205  3.9588e-08
206  3.3588e-08
207  1.1676e-07
208  2.0778e-07
209  1.8459e-07
210  1.1703e-07
211  1.7857e-14
212  1.3620e-14
213  3.3081e-15
214  1.4698e-14
215  4.2367e-20
216  1.6138e-20
217  1.5238e-20
218  2.5491e-16
219  6.8245e-18
220  6.2310e-18
221  1.3467e-16
222  4.5287e-13
223  1.7029e-12
224  3.5161e-14
225  4.1461e-13
226  6.9256e-08
227  8.1699e-08
228  1.1207e-07
229  1.1725e-07
230  1.3992e-07
231  1.3782e-07
232  2.3035e-07
233  3.0233e-07
234  6.8826e-07
235  4.5458e-07
236  1.5977e-06
237  1.2501e-06
238  2.8396e-06
239  3.4980e-06
240  8.8079e-06
241  7.7281e-06
242  6.1915e-06
243  4.1773e-06
244  4.3126e-06
245  3.7049e-06
246  4.7304e-06
247  1.7030e-06
248  6.2953e-06
249  6.6429e-06
250  1.3409e-06
251  4.5796e-06
252  6.3207e-16
253  5.9709e-26
254  3.0608e-26
255  4.9170e-13
256  1.0261e-44
257  8.0815e-26
258  6.0526e-06
259  6.8053e-06
260  8.5170e-06
261  4.5250e-06
262  2.0899e-05
263  1.6045e-05
264  2.2193e-05
265  2.2544e-05
266  8.0273e-05
267  4.8578e-05
268  4.1327e-05
269  8.5135e-05
270  5.2437e-05
271  6.3239e-05
272  8.5768e-05
273  3.8126e-04
274  4.1274e-05
275  4.4394e-05
276  2.7927e-05
277  4.2427e-06
278  2.5774e-06
279  2.7328e-06
280  5.1273e-06
281  5.8568e-06
282  9.2690e-06
283  3.7426e-06
284  5.0897e-06
285  3.0001e-06
286  1.9189e-06
287  1.2347e-05
288  1.1847e-05
289  9.3417e-06
290  6.8945e-06
291  2.7832e-06
292  5.5070e-06
293  5.3790e-06
294  6.0339e-06
295  1.3764e-05
296  2.0884e-05
297  1.5612e-05
298  2.1829e-05
299  1.2615e-05
300  9.5460e-06
301  3.3607e-05
302  1.6249e-04
303  3.7818e-06
304  5.5437e-04
305  1.1843e-06
306  9.8937e-05
307  3.3154e-06
308  7.8741e-08
309  3.1940e-09
310  3.6703e-11
311  5.8752e-13
312  4.6048e-15
313  2.9256e-17
314  2.1288e-19
315  7.8373e-22
316  1.2350e-23
317  2.2105e-26
318  0.0000e+00
319  0.0000e+00
320  0.0000e+00
321  0.0000e+00
322  0.0000e+00
323  0.0000e+00
324  0.0000e+00
325  0.0000e+00
326  0.0000e+00
327  0.0000e+00
328  0.0000e+00
329  0.0000e+00
330  0.0000e+00
331  0.0000e+00
332  0.0000e+00
333  0.0000e+00
334  0.0000e+00
335  0.0000e+00
336  0.0000e+00
337  0.0000e+00

