337
time(s) = 1000000000 t9 = 1.5768006615320048e-10 rho(g/cc) = 1.8149999996007005e-17 
0  0.0000e+00
1  1.4215e-05
2  4.4954e-13
3  6.3375e-20
4  2.6838e-05
5  0.0000e+00
6  2.6401e-30
7  1.3302e-16
8  1.0093e-03
9  2.2945e-23
10  8.9815e-12
11  4.0580e-13
12  4.8210e-12
13  2.7814e-10
14  8.0826e-03
15  3.8688e-06
16  2.8779e-07
17  1.3382e-08
18  1.1696e-03
19  1.4206e-03
20  6.1822e-04
21  3.0027e-07
22  2.3616e-03
23  7.8254e-06
24  6.1349e-06
25  1.6616e-06
26  3.5807e-05
27  9.3956e-07
28  1.6729e-06
29  1.2603e-06
30  2.9414e-06
31  2.0210e-06
32  2.2396e-05
33  4.7023e-06
34  3.5625e-06
35  7.2706e-06
36  1.1951e-05
37  2.5007e-06
38  4.1098e-06
39  9.1677e-07
40  1.0205e-06
41  2.9670e-06
42  3.0477e-06
43  1.0511e-05
44  4.2752e-05
45  2.7927e-05
46  1.9282e-05
47  8.1769e-06
48  4.5776e-05
49  1.0007e-05
50  6.3042e-06
51  5.2193e-06
52  5.8720e-06
53  1.0753e-05
54  1.1731e-05
55  4.7439e-07
56  8.2012e-07
57  2.3944e-07
58  2.5410e-06
59  6.6761e-07
60  1.6102e-06
61  9.4347e-07
62  1.1830e-06
63  9.0745e-07
64  3.0836e-06
65  1.6960e-06
66  2.0086e-06
67  1.4788e-06
68  2.0940e-06
69  6.8460e-07
70  1.3649e-06
71  9.1350e-07
72  1.9012e-06
73  1.3874e-06
74  1.5449e-06
75  1.8912e-06
76  6.8182e-06
77  3.7108e-05
78  1.0368e-04
79  1.3474e-04
80  2.4150e-04
81  4.4053e-05
82  7.7272e-06
83  3.7926e-06
84  2.1199e-06
85  2.3174e-06
86  7.2304e-06
87  1.2055e-06
88  8.7259e-07
89  1.7403e-06
90  2.2682e-06
91  1.5522e-06
92  2.2399e-06
93  1.2108e-06
94  1.4869e-06
95  1.6032e-06
96  2.0339e-06
97  1.6185e-06
98  2.3673e-06
99  1.9649e-06
100  1.8343e-06
101  1.0435e-06
102  1.1457e-06
103  7.4061e-07
104  1.0724e-06
105  1.0555e-06
106  1.7688e-06
107  1.7710e-06
108  2.1463e-06
109  1.9200e-06
110  4.4302e-06
111  2.2642e-06
112  4.0672e-06
113  1.5139e-06
114  2.7042e-06
115  4.0839e-07
116  4.5447e-07
117  1.7432e-07
118  8.3660e-07
119  8.6937e-07
120  8.7123e-06
121  7.9908e-06
122  1.6696e-05
123  8.5805e-06
124  9.7822e-06
125  9.3195e-06
126  2.0996e-05
127  3.2858e-05
128  8.8754e-05
129  1.0823e-04
130  1.8433e-04
131  1.6703e-04
132  4.0719e-04
133  2.1347e-04
134  2.2817e-04
135  1.7406e-04
136  2.4870e-04
137  6.1156e-05
138  1.1140e-04
139  1.6024e-05
140  1.6354e-05
141  1.0049e-05
142  1.2488e-05
143  1.1916e-05
144  1.5383e-05
145  1.2359e-05
146  2.5949e-05
147  1.6700e-05
148  3.8167e-05
149  3.2110e-05
150  3.9440e-05
151  3.8156e-05
152  6.0240e-05
153  1.3644e-05
154  4.7634e-05
155  4.1642e-05
156  4.2699e-05
157  3.5265e-05
158  4.3078e-05
159  1.6799e-05
160  4.2961e-05
161  6.8868e-05
162  6.0681e-05
163  7.9393e-05
164  8.5239e-05
165  9.6430e-05
166  5.8022e-05
167  5.6042e-05
168  4.3833e-05
169  2.8901e-05
170  4.1360e-05
171  2.7987e-05
172  4.2163e-05
173  1.9009e-05
174  3.4326e-05
175  2.1340e-05
176  1.9088e-05
177  2.6199e-05
178  1.2680e-05
179  1.7548e-05
180  1.0114e-05
181  8.5528e-06
182  1.0189e-05
183  5.7383e-06
184  4.1243e-06
185  1.1816e-06
186  1.4556e-06
187  4.2492e-07
188  4.4385e-07
189  3.4294e-07
190  8.0178e-07
191  1.0096e-06
192  4.8008e-06
193  7.3402e-06
194  1.4931e-05
195  1.8789e-05
196  8.0746e-05
197  4.5667e-05
198  9.2215e-05
199  1.7790e-05
200  3.3520e-06
201  2.9639e-07
202  2.6488e-07
203  1.1343e-07
204  2.5770e-07
205  1.5717e-07
206  5.8709e-07
207  1.1818e-06
208  1.6074e-06
209  1.3305e-06
210  1.2789e-06
211  1.9820e-13
212  1.7365e-13
213  3.5881e-14
214  1.8047e-13
215  4.7024e-19
216  2.0575e-19
217  1.6528e-19
218  3.1301e-15
219  7.7811e-17
220  7.9443e-17
221  1.4607e-15
222  5.5607e-12
223  1.8901e-11
224  4.4829e-13
225  4.4970e-12
226  8.5038e-07
227  9.0680e-07
228  1.2269e-06
229  1.2717e-06
230  1.3196e-06
231  1.4005e-06
232  2.2088e-06
233  2.4538e-06
234  5.2829e-06
235  2.9219e-06
236  5.8878e-06
237  4.5391e-06
238  6.1118e-06
239  4.8972e-06
240  6.4509e-06
241  4.7319e-06
242  3.6607e-06
243  2.0349e-06
244  1.9271e-06
245  1.2826e-06
246  2.3166e-06
247  6.5309e-07
248  4.7265e-06
249  3.6697e-06
250  1.5610e-06
251  5.0441e-06
252  1.0043e-09
253  8.9295e-26
254  6.9797e-35
255  2.3232e-230
256  -7.5459e-320
257  0.0000e+00
258  0.0000e+00
259  0.0000e+00
260  0.0000e+00
261  0.0000e+00
262  0.0000e+00
263  0.0000e+00
264  0.0000e+00
265  0.0000e+00
266  0.0000e+00
267  6.1437e-320
268  1.6547e-28
269  6.8329e-27
270  3.4612e-27
271  1.4763e-38
272  1.4228e-05
273  3.4648e-04
274  2.1156e-19
275  1.7923e-19
276  5.6247e-16
277  1.2361e-24
278  0.0000e+00
279  0.0000e+00
280  0.0000e+00
281  0.0000e+00
282  0.0000e+00
283  0.0000e+00
284  0.0000e+00
285  0.0000e+00
286  0.0000e+00
287  0.0000e+00
288  0.0000e+00
289  0.0000e+00
290  0.0000e+00
291  0.0000e+00
292  0.0000e+00
293  0.0000e+00
294  0.0000e+00
295  0.0000e+00
296  0.0000e+00
297  0.0000e+00
298  0.0000e+00
299  0.0000e+00
300  0.0000e+00
301  0.0000e+00
302  0.0000e+00
303  0.0000e+00
304  0.0000e+00
305  0.0000e+00
306  0.0000e+00
307  0.0000e+00
308  0.0000e+00
309  9.6684e-28
310  3.0996e-19
311  1.7318e-21
312  3.3637e-24
313  4.8171e-27
314  0.0000e+00
315  0.0000e+00
316  0.0000e+00
317  0.0000e+00
318  0.0000e+00
319  0.0000e+00
320  0.0000e+00
321  0.0000e+00
322  0.0000e+00
323  0.0000e+00
324  0.0000e+00
325  0.0000e+00
326  0.0000e+00
327  0.0000e+00
328  0.0000e+00
329  0.0000e+00
330  0.0000e+00
331  0.0000e+00
332  0.0000e+00
333  0.0000e+00
334  0.0000e+00
335  0.0000e+00
336  0.0000e+00
337  0.0000e+00

