337
time(s) = 1000 t9 = 1.5766850401976835e-06 rho(g/cc) = 1.8146007658748387e-05 
0  0.0000e+00
1  8.0511e-09
2  1.3977e-13
3  6.1368e-20
4  1.4827e-06
5  0.0000e+00
6  2.6673e-30
7  1.3301e-16
8  1.0093e-03
9  2.2945e-23
10  8.9815e-12
11  4.0580e-13
12  4.8210e-12
13  2.7814e-10
14  8.0826e-03
15  3.8688e-06
16  2.8779e-07
17  1.3382e-08
18  1.1696e-03
19  1.4206e-03
20  6.1822e-04
21  3.0005e-07
22  2.3616e-03
23  7.8245e-06
24  6.1345e-06
25  1.6616e-06
26  3.5807e-05
27  9.3959e-07
28  1.6729e-06
29  1.2603e-06
30  2.9418e-06
31  2.0206e-06
32  2.2396e-05
33  4.7024e-06
34  3.5624e-06
35  7.2717e-06
36  1.1950e-05
37  2.5008e-06
38  4.1099e-06
39  9.1675e-07
40  1.0204e-06
41  2.9674e-06
42  3.0474e-06
43  1.0513e-05
44  4.2753e-05
45  2.7929e-05
46  1.9277e-05
47  8.1799e-06
48  4.5772e-05
49  1.0008e-05
50  6.3025e-06
51  5.2208e-06
52  5.8706e-06
53  1.0767e-05
54  1.1717e-05
55  4.7405e-07
56  8.1987e-07
57  2.3930e-07
58  2.5412e-06
59  6.6730e-07
60  1.6102e-06
61  9.4378e-07
62  1.1834e-06
63  9.0707e-07
64  3.0833e-06
65  1.6966e-06
66  2.0079e-06
67  1.4795e-06
68  2.0939e-06
69  6.8471e-07
70  1.3643e-06
71  9.1406e-07
72  1.9005e-06
73  1.3896e-06
74  1.5429e-06
75  1.9015e-06
76  6.8088e-06
77  3.7162e-05
78  1.0364e-04
79  1.3507e-04
80  2.4125e-04
81  4.4019e-05
82  7.6732e-06
83  3.7964e-06
84  2.1163e-06
85  2.3179e-06
86  7.2291e-06
87  1.2056e-06
88  8.7246e-07
89  1.7408e-06
90  2.2683e-06
91  1.5531e-06
92  2.2420e-06
93  1.2092e-06
94  1.4854e-06
95  1.6054e-06
96  2.0316e-06
97  1.6219e-06
98  2.3669e-06
99  1.9687e-06
100  1.8290e-06
101  1.0503e-06
102  1.1375e-06
103  7.4334e-07
104  1.0261e-06
105  1.0612e-06
106  1.5542e-06
107  1.0998e-06
108  1.4565e-06
109  8.2156e-07
110  3.2686e-06
111  1.9293e-06
112  3.8449e-06
113  1.5205e-06
114  2.3696e-06
115  4.0638e-07
116  4.5313e-07
117  1.7470e-07
118  8.3631e-07
119  8.7132e-07
120  8.7158e-06
121  8.0100e-06
122  1.6677e-05
123  8.6111e-06
124  9.7492e-06
125  8.3326e-06
126  1.9363e-05
127  3.0305e-05
128  8.6192e-05
129  1.0653e-04
130  1.8103e-04
131  1.6490e-04
132  4.0526e-04
133  2.1311e-04
134  2.2746e-04
135  1.7416e-04
136  2.4855e-04
137  6.1172e-05
138  1.1106e-04
139  1.6024e-05
140  1.4783e-05
141  9.4727e-06
142  1.2252e-05
143  1.0491e-05
144  1.4967e-05
145  1.2443e-05
146  2.5681e-05
147  1.6866e-05
148  3.8068e-05
149  3.2710e-05
150  3.8887e-05
151  3.9119e-05
152  5.9471e-05
153  1.3660e-05
154  4.7454e-05
155  4.2535e-05
156  4.1803e-05
157  3.5510e-05
158  4.3001e-05
159  1.6638e-05
160  4.2949e-05
161  6.9503e-05
162  6.0470e-05
163  7.9711e-05
164  8.4759e-05
165  9.6924e-05
166  5.7183e-05
167  5.6760e-05
168  4.3260e-05
169  2.9018e-05
170  4.1190e-05
171  2.8041e-05
172  4.2119e-05
173  1.8950e-05
174  3.4304e-05
175  2.1456e-05
176  1.8911e-05
177  2.6352e-05
178  1.2498e-05
179  1.7730e-05
180  9.9373e-06
181  8.5803e-06
182  1.0162e-05
183  5.7462e-06
184  4.1099e-06
185  1.1744e-06
186  1.4540e-06
187  4.2148e-07
188  4.4076e-07
189  3.4561e-07
190  8.0177e-07
191  1.0209e-06
192  4.7969e-06
193  7.4276e-06
194  1.4842e-05
195  1.8939e-05
196  8.0699e-05
197  4.5711e-05
198  9.2192e-05
199  1.7696e-05
200  3.3143e-06
201  2.9578e-07
202  2.6456e-07
203  1.1344e-07
204  2.5767e-07
205  1.5714e-07
206  5.3345e-07
207  2.1370e-07
208  2.5271e-07
209  2.0556e-07
210  1.1370e-07
211  2.6227e-07
212  5.7638e-07
213  6.7776e-07
214  9.5323e-07
215  4.5985e-07
216  2.5861e-07
217  3.8193e-08
218  2.1538e-08
219  2.5496e-10
220  9.9214e-08
221  1.6199e-07
222  2.3165e-07
223  2.3422e-07
224  3.9614e-07
225  2.4435e-07
226  8.6232e-07
227  9.2617e-07
228  1.2441e-06
229  1.2838e-06
230  1.3119e-06
231  1.4059e-06
232  2.2067e-06
233  2.4621e-06
234  5.2787e-06
235  2.9216e-06
236  5.8767e-06
237  4.5395e-06
238  6.1067e-06
239  4.9190e-06
240  6.2626e-06
241  4.7225e-06
242  3.6591e-06
243  2.0331e-06
244  1.8404e-06
245  1.1015e-06
246  7.3537e-07
247  5.3179e-07
248  8.3604e-07
249  6.8578e-07
250  1.1911e-06
251  1.3477e-06
252  3.9870e-06
253  2.9043e-06
254  3.9056e-06
255  3.8184e-06
256  2.9758e-06
257  2.6855e-07
258  4.5910e-06
259  4.0134e-07
260  2.3925e-06
261  8.2142e-07
262  7.4498e-07
263  1.1753e-11
264  3.9315e-09
265  2.1015e-16
266  1.1057e-16
267  1.4469e-22
268  6.1813e-22
269  3.3604e-26
270  3.4613e-27
271  1.4763e-38
272  1.4228e-05
273  3.4648e-04
274  2.1156e-19
275  1.7923e-19
276  5.6247e-16
277  1.2361e-24
278  0.0000e+00
279  0.0000e+00
280  0.0000e+00
281  0.0000e+00
282  0.0000e+00
283  0.0000e+00
284  0.0000e+00
285  0.0000e+00
286  0.0000e+00
287  0.0000e+00
288  0.0000e+00
289  0.0000e+00
290  0.0000e+00
291  0.0000e+00
292  0.0000e+00
293  0.0000e+00
294  0.0000e+00
295  0.0000e+00
296  0.0000e+00
297  0.0000e+00
298  0.0000e+00
299  0.0000e+00
300  0.0000e+00
301  0.0000e+00
302  0.0000e+00
303  0.0000e+00
304  0.0000e+00
305  0.0000e+00
306  0.0000e+00
307  0.0000e+00
308  0.0000e+00
309  9.6684e-28
310  3.0996e-19
311  1.7314e-21
312  3.3622e-24
313  4.8134e-27
314  0.0000e+00
315  0.0000e+00
316  0.0000e+00
317  0.0000e+00
318  0.0000e+00
319  0.0000e+00
320  0.0000e+00
321  0.0000e+00
322  0.0000e+00
323  0.0000e+00
324  0.0000e+00
325  0.0000e+00
326  0.0000e+00
327  0.0000e+00
328  0.0000e+00
329  0.0000e+00
330  0.0000e+00
331  0.0000e+00
332  0.0000e+00
333  0.0000e+00
334  0.0000e+00
335  0.0000e+00
336  0.0000e+00
337  0.0000e+00

