337
time(s) = 1000000000000 t9 = 1.5768006616475214e-12 rho(g/cc) = 1.8149999999996003e-23 
0  0.0000e+00
1  7.4467e-06
2  8.9109e-13
3  1.2681e-17
4  2.8450e-05
5  0.0000e+00
6  1.1568e-23
7  2.0505e-09
8  8.8670e-04
9  1.0384e-14
10  1.0114e-05
11  3.2714e-10
12  1.7499e-08
13  6.8288e-09
14  2.6148e-03
15  1.0053e-03
16  1.2203e-05
17  1.4962e-07
18  7.5548e-04
19  1.0235e-03
20  3.5572e-04
21  3.5039e-07
22  1.1344e-03
23  1.8423e-06
24  4.3524e-06
25  3.5274e-06
26  2.2200e-05
27  2.7456e-06
28  7.3642e-06
29  4.2822e-06
30  5.7359e-06
31  1.7237e-06
32  1.6433e-05
33  8.1125e-06
34  6.2836e-06
35  1.2676e-05
36  1.8337e-05
37  1.8110e-06
38  2.3844e-06
39  4.2608e-07
40  1.1673e-06
41  3.5298e-06
42  3.5073e-06
43  1.0163e-05
44  3.8172e-05
45  1.8041e-05
46  3.1416e-05
47  1.3135e-05
48  3.5449e-05
49  1.5770e-05
50  9.7473e-06
51  1.1394e-05
52  1.9796e-05
53  6.8630e-06
54  1.1176e-05
55  2.9609e-06
56  2.8186e-06
57  1.1861e-06
58  6.2566e-06
59  1.4034e-06
60  4.0948e-06
61  2.4899e-06
62  3.5150e-06
63  3.0160e-06
64  7.7782e-06
65  4.2034e-06
66  4.3659e-06
67  3.9312e-06
68  4.4303e-06
69  2.1903e-06
70  2.9191e-06
71  1.9525e-06
72  4.2321e-06
73  2.8587e-06
74  2.9859e-06
75  3.9268e-06
76  1.1086e-05
77  5.3865e-05
78  9.7345e-05
79  9.8194e-05
80  7.1225e-05
81  1.3576e-05
82  7.2902e-06
83  4.1093e-06
84  1.5141e-06
85  3.3620e-07
86  1.0233e-06
87  4.2214e-07
88  1.2814e-06
89  1.6175e-06
90  1.8175e-06
91  1.1330e-06
92  8.1138e-07
93  5.7347e-07
94  9.6545e-07
95  1.1420e-06
96  1.2690e-06
97  1.1205e-06
98  9.8344e-07
99  7.9281e-07
100  8.2570e-07
101  5.0643e-07
102  5.4008e-07
103  4.1077e-07
104  4.9331e-07
105  4.8658e-07
106  1.1239e-06
107  8.1460e-07
108  1.2263e-06
109  1.3179e-06
110  2.3429e-06
111  1.3199e-06
112  1.7495e-06
113  7.3008e-07
114  1.3222e-06
115  1.8625e-07
116  2.2224e-07
117  6.2016e-08
118  2.3304e-07
119  3.4421e-07
120  2.7095e-06
121  2.5075e-06
122  4.3357e-06
123  2.0963e-06
124  1.9017e-06
125  1.6437e-06
126  3.6929e-06
127  8.6067e-06
128  3.3669e-05
129  5.2779e-05
130  1.1070e-04
131  1.3141e-04
132  2.0846e-04
133  2.2744e-04
134  2.4026e-04
135  1.6384e-04
136  1.5059e-04
137  8.6187e-05
138  8.1102e-05
139  2.6135e-05
140  1.1532e-04
141  8.2563e-05
142  9.0168e-05
143  5.9870e-05
144  5.4127e-05
145  4.8568e-05
146  9.5009e-05
147  8.2384e-05
148  9.6676e-05
149  6.2478e-05
150  6.8441e-05
151  8.8868e-05
152  1.6952e-04
153  6.9573e-05
154  1.5367e-04
155  1.1802e-04
156  9.8567e-05
157  8.7491e-05
158  9.9120e-05
159  3.8101e-05
160  8.7928e-05
161  1.1696e-04
162  8.9444e-05
163  1.2071e-04
164  9.9741e-05
165  9.9600e-05
166  5.8222e-05
167  5.9298e-05
168  5.4900e-05
169  4.0430e-05
170  3.6296e-05
171  2.2259e-05
172  2.8711e-05
173  1.7744e-05
174  2.8571e-05
175  1.7618e-05
176  1.4737e-05
177  1.5404e-05
178  8.0445e-06
179  1.1260e-05
180  6.7240e-06
181  6.5317e-06
182  5.9051e-06
183  3.0876e-06
184  2.3555e-06
185  8.3402e-07
186  1.1434e-06
187  3.9902e-07
188  5.1716e-07
189  4.6819e-07
190  1.2117e-06
191  1.0872e-06
192  2.8009e-06
193  4.5866e-06
194  1.3467e-05
195  2.0758e-05
196  5.8562e-05
197  3.3136e-05
198  4.7227e-05
199  8.0092e-06
200  8.7969e-07
201  4.1170e-08
202  1.1352e-08
203  2.1459e-08
204  2.4961e-08
205  7.2727e-09
206  1.7227e-07
207  1.9594e-07
208  1.4097e-07
209  1.9470e-07
210  9.8403e-10
211  8.0067e-16
212  5.4548e-15
213  6.0561e-16
214  6.4104e-16
215  1.8997e-21
216  6.4634e-21
217  2.7896e-21
218  1.1118e-17
219  3.7772e-16
220  2.4956e-18
221  2.4654e-17
222  1.9752e-14
223  7.6356e-14
224  1.4082e-14
225  7.5902e-14
226  3.0206e-09
227  3.6633e-09
228  4.4885e-08
229  2.1465e-08
230  1.4357e-07
231  7.6152e-08
232  2.9116e-07
233  3.1897e-07
234  6.4951e-07
235  1.7206e-06
236  2.7790e-06
237  2.2789e-06
238  1.4388e-06
239  1.4958e-06
240  6.8649e-08
241  1.8024e-06
242  1.9753e-06
243  4.9026e-07
244  4.5211e-07
245  1.6093e-07
246  3.0298e-08
247  1.8073e-06
248  2.3648e-06
249  1.1333e-25
250  2.6304e-08
251  3.9416e-15
252  2.6660e-40
253  -8.9870e-319
254  3.6811e-317
255  -5.1793e-320
256  1.0187e-319
257  0.0000e+00
258  0.0000e+00
259  0.0000e+00
260  0.0000e+00
261  0.0000e+00
262  0.0000e+00
263  0.0000e+00
264  0.0000e+00
265  0.0000e+00
266  0.0000e+00
267  -1.9585e-320
268  1.4954e-30
269  5.5909e-28
270  1.3124e-27
271  5.2613e-45
272  2.4022e-05
273  4.7057e-04
274  1.3005e-19
275  5.4985e-20
276  3.2152e-16
277  7.2786e-25
278  0.0000e+00
279  0.0000e+00
280  0.0000e+00
281  0.0000e+00
282  0.0000e+00
283  0.0000e+00
284  0.0000e+00
285  0.0000e+00
286  0.0000e+00
287  0.0000e+00
288  0.0000e+00
289  0.0000e+00
290  0.0000e+00
291  0.0000e+00
292  0.0000e+00
293  0.0000e+00
294  0.0000e+00
295  0.0000e+00
296  0.0000e+00
297  0.0000e+00
298  0.0000e+00
299  0.0000e+00
300  0.0000e+00
301  0.0000e+00
302  0.0000e+00
303  0.0000e+00
304  0.0000e+00
305  0.0000e+00
306  0.0000e+00
307  0.0000e+00
308  0.0000e+00
309  1.0867e-26
310  5.0718e-12
311  4.4492e-14
312  1.3657e-16
313  3.0291e-19
314  7.1830e-22
315  8.3619e-25
316  3.6619e-27
317  0.0000e+00
318  0.0000e+00
319  0.0000e+00
320  0.0000e+00
321  0.0000e+00
322  0.0000e+00
323  0.0000e+00
324  0.0000e+00
325  0.0000e+00
326  0.0000e+00
327  0.0000e+00
328  0.0000e+00
329  0.0000e+00
330  0.0000e+00
331  0.0000e+00
332  0.0000e+00
333  0.0000e+00
334  0.0000e+00
335  0.0000e+00
336  0.0000e+00
337  0.0000e+00

