337
time(s) = 1000000000000 t9 = 1.5768006616475214e-12 rho(g/cc) = 1.8149999999996003e-23 
0  0.0000e+00
1  1.5618e-05
2  9.3987e-13
3  4.2201e-20
4  5.8577e-05
5  0.0000e+00
6  2.1268e-28
7  1.1477e-16
8  9.3315e-04
9  1.2216e-22
10  2.4856e-12
11  4.3387e-13
12  5.8133e-10
13  2.1094e-09
14  4.5836e-03
15  1.4944e-04
16  1.8093e-06
17  2.3393e-08
18  8.6070e-04
19  1.1403e-03
20  4.3578e-04
21  2.9872e-07
22  1.4656e-03
23  2.9605e-06
24  4.5509e-06
25  2.1957e-06
26  1.8892e-05
27  1.8938e-06
28  4.8390e-06
29  3.0903e-06
30  4.9869e-06
31  1.8119e-06
32  1.8590e-05
33  6.4464e-06
34  4.5444e-06
35  1.0004e-05
36  1.5461e-05
37  1.4172e-06
38  1.9582e-06
39  3.8177e-07
40  9.9945e-07
41  3.1216e-06
42  3.3395e-06
43  1.1642e-05
44  4.3698e-05
45  1.8255e-05
46  2.7008e-05
47  1.0054e-05
48  3.8277e-05
49  1.2809e-05
50  8.2449e-06
51  8.6395e-06
52  1.5666e-05
53  9.9557e-06
54  1.4404e-05
55  1.6702e-06
56  1.7146e-06
57  6.5231e-07
58  4.7498e-06
59  1.0343e-06
60  2.9801e-06
61  1.8459e-06
62  2.3562e-06
63  2.1685e-06
64  6.3775e-06
65  3.1827e-06
66  3.3551e-06
67  3.1745e-06
68  3.7633e-06
69  1.6550e-06
70  2.7439e-06
71  1.6974e-06
72  4.0094e-06
73  2.5441e-06
74  2.7972e-06
75  3.4187e-06
76  1.0378e-05
77  5.0843e-05
78  1.0545e-04
79  1.1085e-04
80  1.1319e-04
81  1.6359e-05
82  5.0300e-06
83  4.1076e-06
84  1.3499e-06
85  5.7106e-07
86  2.5905e-06
87  6.6097e-07
88  9.3537e-07
89  1.3562e-06
90  1.5260e-06
91  9.0884e-07
92  9.3306e-07
93  7.1290e-07
94  1.0393e-06
95  1.0964e-06
96  1.3953e-06
97  1.0841e-06
98  1.0894e-06
99  9.0277e-07
100  9.0285e-07
101  5.6216e-07
102  6.3839e-07
103  4.5128e-07
104  6.2612e-07
105  5.5239e-07
106  1.9457e-06
107  1.3171e-06
108  2.4826e-06
109  2.7525e-06
110  4.4580e-06
111  2.0544e-06
112  2.8329e-06
113  7.5864e-07
114  1.9223e-06
115  1.9032e-07
116  2.1296e-07
117  6.6513e-08
118  3.3527e-07
119  5.3595e-07
120  5.6753e-06
121  5.4904e-06
122  1.0652e-05
123  4.4425e-06
124  4.0742e-06
125  2.8599e-06
126  4.9452e-06
127  1.0822e-05
128  4.0109e-05
129  6.5014e-05
130  1.3998e-04
131  1.7117e-04
132  2.5706e-04
133  2.4252e-04
134  2.6152e-04
135  1.9269e-04
136  1.4227e-04
137  9.2142e-05
138  1.9127e-04
139  3.5853e-05
140  1.0194e-04
141  4.8606e-05
142  3.6293e-05
143  2.6928e-05
144  3.5855e-05
145  3.0410e-05
146  6.2532e-05
147  4.1921e-05
148  6.8137e-05
149  4.9218e-05
150  6.2411e-05
151  7.3968e-05
152  1.4071e-04
153  3.7243e-05
154  9.8418e-05
155  7.5409e-05
156  7.3633e-05
157  6.4441e-05
158  7.9903e-05
159  2.9429e-05
160  7.0052e-05
161  1.0406e-04
162  8.3959e-05
163  1.0886e-04
164  9.7901e-05
165  9.8557e-05
166  6.2554e-05
167  6.4449e-05
168  5.7901e-05
169  3.9857e-05
170  4.2433e-05
171  2.4924e-05
172  3.7425e-05
173  1.9855e-05
174  3.6317e-05
175  2.1447e-05
176  1.5986e-05
177  1.8236e-05
178  9.6068e-06
179  1.4554e-05
180  9.0027e-06
181  7.7743e-06
182  6.4721e-06
183  3.1582e-06
184  2.2872e-06
185  7.5869e-07
186  1.3367e-06
187  4.9988e-07
188  6.3761e-07
189  5.5238e-07
190  1.3234e-06
191  1.1361e-06
192  3.6087e-06
193  5.8168e-06
194  1.5172e-05
195  2.0500e-05
196  6.7367e-05
197  3.7157e-05
198  5.9518e-05
199  9.8261e-06
200  1.2935e-06
201  7.1527e-08
202  1.3132e-08
203  3.7705e-08
204  6.3362e-08
205  2.6951e-08
206  4.6926e-07
207  5.4022e-07
208  4.2697e-07
209  5.6313e-07
210  2.5296e-09
211  2.2025e-15
212  1.4844e-14
213  1.4697e-15
214  1.6467e-15
215  5.2257e-21
216  1.7589e-20
217  6.7700e-21
218  2.8560e-17
219  8.4175e-19
220  6.7914e-18
221  5.9832e-17
222  5.0738e-14
223  2.1004e-13
224  3.8323e-14
225  1.8420e-13
226  7.7592e-09
227  1.0077e-08
228  1.2215e-07
229  5.2092e-08
230  3.6797e-07
231  2.0948e-07
232  7.0128e-07
233  7.3425e-07
234  1.5423e-06
235  3.3678e-06
236  5.5335e-06
237  4.3295e-06
238  3.0453e-06
239  2.9196e-06
240  1.3298e-07
241  3.2613e-06
242  3.7919e-06
243  1.0104e-06
244  8.0693e-07
245  3.0017e-07
246  5.3279e-08
247  3.7469e-06
248  3.7945e-06
249  1.0999e-25
250  4.0286e-08
251  6.6613e-15
252  6.9579e-40
253  -3.5671e-319
254  8.8943e-317
255  -2.4676e-319
256  1.3831e-319
257  0.0000e+00
258  0.0000e+00
259  0.0000e+00
260  0.0000e+00
261  0.0000e+00
262  0.0000e+00
263  0.0000e+00
264  0.0000e+00
265  0.0000e+00
266  0.0000e+00
267  1.1912e-320
268  6.4158e-29
269  9.9627e-27
270  4.6256e-27
271  3.3774e-38
272  2.1567e-05
273  4.3810e-04
274  1.5207e-19
275  7.6102e-20
276  3.8734e-16
277  8.7203e-25
278  0.0000e+00
279  0.0000e+00
280  0.0000e+00
281  0.0000e+00
282  0.0000e+00
283  0.0000e+00
284  0.0000e+00
285  0.0000e+00
286  0.0000e+00
287  0.0000e+00
288  0.0000e+00
289  0.0000e+00
290  0.0000e+00
291  0.0000e+00
292  0.0000e+00
293  0.0000e+00
294  0.0000e+00
295  0.0000e+00
296  0.0000e+00
297  0.0000e+00
298  0.0000e+00
299  0.0000e+00
300  0.0000e+00
301  0.0000e+00
302  0.0000e+00
303  0.0000e+00
304  0.0000e+00
305  0.0000e+00
306  0.0000e+00
307  0.0000e+00
308  0.0000e+00
309  5.0582e-27
310  2.7549e-14
311  1.7139e-16
312  3.7082e-19
313  5.9062e-22
314  9.9299e-25
315  7.8710e-28
316  0.0000e+00
317  0.0000e+00
318  0.0000e+00
319  0.0000e+00
320  0.0000e+00
321  0.0000e+00
322  0.0000e+00
323  0.0000e+00
324  0.0000e+00
325  0.0000e+00
326  0.0000e+00
327  0.0000e+00
328  0.0000e+00
329  0.0000e+00
330  0.0000e+00
331  0.0000e+00
332  0.0000e+00
333  0.0000e+00
334  0.0000e+00
335  0.0000e+00
336  0.0000e+00
337  0.0000e+00

