337
time(s) = 1000000000000 t9 = 1.5768006616475214e-12 rho(g/cc) = 1.8149999999996003e-23 
0  0.0000e+00
1  2.3476e-06
2  4.8010e-13
3  1.0371e-17
4  8.9338e-06
5  0.0000e+00
6  1.5360e-22
7  4.4148e-09
8  8.4021e-04
9  1.9763e-13
10  2.7319e-06
11  1.0407e-10
12  2.2872e-07
13  2.4772e-08
14  3.1932e-04
15  2.2326e-03
16  2.8075e-05
17  3.8656e-07
18  6.3380e-04
19  8.6781e-04
20  2.7165e-04
21  4.7353e-07
22  6.8418e-04
23  1.1238e-06
24  3.1224e-06
25  6.8069e-06
26  2.7622e-05
27  3.3473e-06
28  9.2099e-06
29  4.8853e-06
30  5.5727e-06
31  1.8298e-06
32  1.5849e-05
33  7.2310e-06
34  6.5670e-06
35  1.1681e-05
36  1.5138e-05
37  1.6179e-06
38  2.0179e-06
39  3.6952e-07
40  1.1074e-06
41  3.2870e-06
42  3.0914e-06
43  7.4800e-06
44  3.2064e-05
45  3.2532e-05
46  5.7109e-05
47  3.9066e-05
48  6.0273e-05
49  2.4302e-05
50  1.4491e-05
51  2.2324e-05
52  3.2411e-05
53  7.9678e-06
54  1.6517e-05
55  5.4413e-06
56  6.1282e-06
57  3.0673e-06
58  1.0853e-05
59  2.6172e-06
60  7.0800e-06
61  4.1726e-06
62  6.5733e-06
63  5.1411e-06
64  1.1176e-05
65  6.6587e-06
66  6.8239e-06
67  5.7560e-06
68  6.3576e-06
69  3.4305e-06
70  3.4420e-06
71  2.8507e-06
72  5.4766e-06
73  4.0009e-06
74  3.9484e-06
75  5.5169e-06
76  1.2512e-05
77  4.8801e-05
78  7.2069e-05
79  6.7342e-05
80  2.5389e-05
81  8.9345e-06
82  1.1037e-05
83  3.7687e-06
84  1.9028e-06
85  5.2156e-07
86  8.3750e-07
87  4.0413e-07
88  1.1973e-06
89  1.5230e-06
90  1.5823e-06
91  1.0293e-06
92  7.2258e-07
93  4.0555e-07
94  6.0949e-07
95  7.7901e-07
96  8.5835e-07
97  9.1127e-07
98  8.0988e-07
99  6.6014e-07
100  6.9502e-07
101  3.8605e-07
102  3.8574e-07
103  3.0991e-07
104  3.3295e-07
105  3.8609e-07
106  5.4485e-07
107  3.6787e-07
108  5.0065e-07
109  5.3892e-07
110  1.0719e-06
111  8.9235e-07
112  1.0646e-06
113  7.1747e-07
114  1.0278e-06
115  1.9949e-07
116  2.7651e-07
117  7.8646e-08
118  1.8478e-07
119  1.5884e-07
120  9.0347e-07
121  7.7104e-07
122  1.1776e-06
123  6.7036e-07
124  6.1563e-07
125  8.0967e-07
126  2.6018e-06
127  6.4858e-06
128  2.6319e-05
129  3.8388e-05
130  6.8995e-05
131  7.4792e-05
132  1.4272e-04
133  1.8380e-04
134  1.7715e-04
135  9.6198e-05
136  1.7022e-04
137  9.5930e-05
138  7.1318e-05
139  2.2241e-05
140  3.9038e-05
141  3.8150e-05
142  8.6540e-05
143  7.2928e-05
144  6.7834e-05
145  8.5065e-05
146  1.4431e-04
147  1.5815e-04
148  1.6853e-04
149  1.3069e-04
150  1.0549e-04
151  1.1359e-04
152  1.8976e-04
153  1.1975e-04
154  2.2199e-04
155  1.8859e-04
156  1.4788e-04
157  1.2935e-04
158  1.2738e-04
159  5.5487e-05
160  1.1871e-04
161  1.3860e-04
162  9.8774e-05
163  1.2340e-04
164  9.6708e-05
165  9.4989e-05
166  4.8175e-05
167  4.3891e-05
168  3.8470e-05
169  2.8283e-05
170  2.4064e-05
171  1.8243e-05
172  1.8900e-05
173  1.3126e-05
174  1.6123e-05
175  9.9405e-06
176  9.7502e-06
177  1.0126e-05
178  6.3499e-06
179  7.8398e-06
180  4.4080e-06
181  4.1867e-06
182  4.0323e-06
183  2.2185e-06
184  1.9821e-06
185  8.3174e-07
186  1.0536e-06
187  3.7896e-07
188  4.8271e-07
189  4.2961e-07
190  1.0800e-06
191  1.0051e-06
192  2.1773e-06
193  3.5743e-06
194  1.0945e-05
195  1.9172e-05
196  4.6889e-05
197  2.7903e-05
198  3.3321e-05
199  5.9118e-06
200  5.1238e-07
201  3.4549e-08
202  2.4307e-08
203  7.0425e-09
204  5.0474e-09
205  5.5911e-09
206  5.8862e-08
207  6.6349e-08
208  4.7003e-08
209  6.2749e-08
210  3.2469e-10
211  2.4059e-16
212  1.6016e-15
213  2.0309e-16
214  2.1177e-16
215  5.7084e-22
216  1.8978e-21
217  9.3551e-22
218  3.6729e-18
219  4.5245e-17
220  7.3275e-19
221  8.2678e-18
222  6.5251e-15
223  2.2944e-14
224  4.1348e-15
225  2.5454e-14
226  9.9786e-10
227  1.1008e-09
228  1.3179e-08
229  7.1983e-09
230  4.7600e-08
231  2.2883e-08
232  1.0685e-07
233  1.1479e-07
234  2.4051e-07
235  6.5536e-07
236  1.0135e-06
237  8.2602e-07
238  5.1063e-07
239  5.2215e-07
240  2.3726e-08
241  6.1044e-07
242  6.9154e-07
243  1.5161e-07
244  1.8106e-07
245  5.1503e-08
246  1.1882e-08
247  5.5094e-07
248  8.1732e-07
249  8.5506e-26
250  1.1636e-08
251  1.5319e-15
252  4.3497e-41
253  -4.1228e-318
254  1.1566e-317
255  4.3171e-320
256  1.2902e-319
257  0.0000e+00
258  0.0000e+00
259  0.0000e+00
260  0.0000e+00
261  0.0000e+00
262  0.0000e+00
263  0.0000e+00
264  0.0000e+00
265  0.0000e+00
266  0.0000e+00
267  4.6136e-320
268  1.2140e-34
269  1.9037e-32
270  2.0961e-32
271  6.3988e-45
272  2.6164e-05
273  4.9983e-04
274  1.0746e-19
275  3.8365e-20
276  2.5580e-16
277  5.8156e-25
278  0.0000e+00
279  0.0000e+00
280  0.0000e+00
281  0.0000e+00
282  0.0000e+00
283  0.0000e+00
284  0.0000e+00
285  0.0000e+00
286  0.0000e+00
287  0.0000e+00
288  0.0000e+00
289  0.0000e+00
290  0.0000e+00
291  0.0000e+00
292  0.0000e+00
293  0.0000e+00
294  0.0000e+00
295  0.0000e+00
296  0.0000e+00
297  0.0000e+00
298  0.0000e+00
299  0.0000e+00
300  0.0000e+00
301  0.0000e+00
302  0.0000e+00
303  0.0000e+00
304  0.0000e+00
305  0.0000e+00
306  0.0000e+00
307  0.0000e+00
308  0.0000e+00
309  2.2956e-26
310  3.6429e-09
311  5.2192e-11
312  2.6456e-13
313  9.4630e-16
314  3.6550e-18
315  6.7622e-21
316  4.8556e-23
317  3.8116e-26
318  0.0000e+00
319  0.0000e+00
320  0.0000e+00
321  0.0000e+00
322  0.0000e+00
323  0.0000e+00
324  0.0000e+00
325  0.0000e+00
326  0.0000e+00
327  0.0000e+00
328  0.0000e+00
329  0.0000e+00
330  0.0000e+00
331  0.0000e+00
332  0.0000e+00
333  0.0000e+00
334  0.0000e+00
335  0.0000e+00
336  0.0000e+00
337  0.0000e+00

