337
time(s) = 1000000000000 t9 = 1.5768006616475214e-12 rho(g/cc) = 1.8149999999996003e-23 
0  0.0000e+00
1  1.4983e-05
2  3.5530e-13
3  7.1576e-20
4  7.8010e-05
5  0.0000e+00
6  3.7033e-30
7  1.1063e-16
8  9.9409e-04
9  1.9026e-23
10  5.2752e-12
11  1.7283e-13
12  1.9235e-11
13  6.6888e-10
14  6.9976e-03
15  1.0636e-05
16  1.9569e-07
17  5.6033e-09
18  1.0714e-03
19  1.3431e-03
20  5.6615e-04
21  2.9773e-07
22  2.1167e-03
23  5.7659e-06
24  5.7789e-06
25  1.7640e-06
26  2.7765e-05
27  1.1579e-06
28  2.4864e-06
29  1.7708e-06
30  3.6434e-06
31  2.0028e-06
32  2.1894e-05
33  4.8501e-06
34  3.4465e-06
35  7.2742e-06
36  1.1730e-05
37  1.5109e-06
38  2.3233e-06
39  5.1935e-07
40  8.5852e-07
41  2.6247e-06
42  2.7827e-06
43  9.2267e-06
44  3.6043e-05
45  1.8966e-05
46  1.7874e-05
47  6.9193e-06
48  3.4201e-05
49  7.4841e-06
50  4.8790e-06
51  4.4478e-06
52  5.9089e-06
53  8.7746e-06
54  1.0403e-05
55  5.0055e-07
56  7.3106e-07
57  2.3338e-07
58  2.2701e-06
59  5.4092e-07
60  1.3735e-06
61  8.3620e-07
62  1.0340e-06
63  8.5964e-07
64  2.8348e-06
65  1.4580e-06
66  1.6650e-06
67  1.3910e-06
68  1.8561e-06
69  6.6130e-07
70  1.2902e-06
71  8.2390e-07
72  1.8451e-06
73  1.2847e-06
74  1.4764e-06
75  1.7683e-06
76  6.9648e-06
77  3.9226e-05
78  1.0332e-04
79  1.2789e-04
80  2.0272e-04
81  3.3218e-05
82  7.4529e-06
83  4.8553e-06
84  2.0438e-06
85  1.7661e-06
86  6.1943e-06
87  1.1129e-06
88  8.5173e-07
89  1.6476e-06
90  1.9740e-06
91  1.2880e-06
92  1.9511e-06
93  1.1454e-06
94  1.4072e-06
95  1.4630e-06
96  1.9338e-06
97  1.4910e-06
98  1.9379e-06
99  1.6329e-06
100  1.5397e-06
101  8.9580e-07
102  1.0178e-06
103  6.6465e-07
104  9.6252e-07
105  9.1913e-07
106  1.8628e-06
107  1.7133e-06
108  1.9639e-06
109  1.7477e-06
110  4.2536e-06
111  2.1404e-06
112  3.6519e-06
113  1.3101e-06
114  2.3291e-06
115  3.5200e-07
116  3.8531e-07
117  1.3420e-07
118  6.6265e-07
119  7.6750e-07
120  7.4256e-06
121  6.2664e-06
122  1.2757e-05
123  6.3644e-06
124  7.6037e-06
125  6.8322e-06
126  1.6974e-05
127  2.8482e-05
128  7.6560e-05
129  1.0274e-04
130  1.7703e-04
131  1.7963e-04
132  3.2132e-04
133  2.3942e-04
134  2.5491e-04
135  1.7933e-04
136  2.0407e-04
137  7.8141e-05
138  1.7752e-04
139  2.3199e-05
140  2.3795e-05
141  1.2249e-05
142  1.4842e-05
143  1.3748e-05
144  2.0380e-05
145  1.6813e-05
146  3.2630e-05
147  1.9509e-05
148  4.5270e-05
149  3.7859e-05
150  4.7761e-05
151  4.8607e-05
152  8.0956e-05
153  1.7607e-05
154  5.8910e-05
155  5.0072e-05
156  5.1775e-05
157  4.2832e-05
158  5.1273e-05
159  1.9909e-05
160  4.9298e-05
161  7.8892e-05
162  6.9402e-05
163  8.9749e-05
164  9.2643e-05
165  1.0240e-04
166  6.1755e-05
167  6.2065e-05
168  4.8164e-05
169  3.1155e-05
170  4.4068e-05
171  2.8911e-05
172  4.4507e-05
173  2.0095e-05
174  3.6334e-05
175  2.2096e-05
176  1.8334e-05
177  2.5370e-05
178  1.2466e-05
179  1.7810e-05
180  1.0475e-05
181  8.6485e-06
182  9.1076e-06
183  4.9650e-06
184  3.6691e-06
185  1.0965e-06
186  1.5151e-06
187  4.5858e-07
188  4.6426e-07
189  3.6714e-07
190  8.6777e-07
191  9.7413e-07
192  4.3870e-06
193  7.0434e-06
194  1.5602e-05
195  1.9824e-05
196  7.8240e-05
197  4.3804e-05
198  8.4093e-05
199  1.5562e-05
200  2.6176e-06
201  2.0197e-07
202  1.0029e-07
203  9.0436e-08
204  1.8595e-07
205  9.8581e-08
206  1.6790e-06
207  1.7805e-06
208  1.4520e-06
209  1.8105e-06
210  7.3727e-09
211  5.9800e-15
212  5.0863e-14
213  3.9778e-15
214  4.7930e-15
215  1.4188e-20
216  6.0267e-20
217  1.8323e-20
218  8.3129e-17
219  1.1960e-15
220  2.3270e-17
221  1.6193e-16
222  1.4768e-13
223  5.7028e-13
224  1.3131e-13
225  4.9854e-13
226  2.2585e-08
227  2.7360e-08
228  4.1852e-07
229  1.4099e-07
230  1.0668e-06
231  5.6874e-07
232  1.7041e-06
233  1.6665e-06
234  3.8387e-06
235  6.2402e-06
236  1.0445e-05
237  7.5152e-06
238  5.6999e-06
239  3.9488e-06
240  2.2632e-07
241  4.7028e-06
242  5.8476e-06
243  8.7961e-07
244  1.9596e-06
245  3.6256e-07
246  5.9065e-08
247  3.0012e-06
248  4.1711e-06
249  1.8768e-25
250  4.5127e-08
251  5.2598e-15
252  6.1331e-40
253  -2.3483e-318
254  1.5279e-317
255  1.8958e-319
256  6.0978e-320
257  0.0000e+00
258  0.0000e+00
259  0.0000e+00
260  0.0000e+00
261  0.0000e+00
262  0.0000e+00
263  0.0000e+00
264  0.0000e+00
265  0.0000e+00
266  0.0000e+00
267  4.1571e-320
268  8.2580e-28
269  6.6938e-26
270  4.1832e-26
271  2.8420e-38
272  1.6485e-05
273  3.7219e-04
274  1.9307e-19
275  1.3650e-19
276  5.1020e-16
277  1.1318e-24
278  0.0000e+00
279  0.0000e+00
280  0.0000e+00
281  0.0000e+00
282  0.0000e+00
283  0.0000e+00
284  0.0000e+00
285  0.0000e+00
286  0.0000e+00
287  0.0000e+00
288  0.0000e+00
289  0.0000e+00
290  0.0000e+00
291  0.0000e+00
292  0.0000e+00
293  0.0000e+00
294  0.0000e+00
295  0.0000e+00
296  0.0000e+00
297  0.0000e+00
298  0.0000e+00
299  0.0000e+00
300  0.0000e+00
301  0.0000e+00
302  0.0000e+00
303  0.0000e+00
304  0.0000e+00
305  0.0000e+00
306  0.0000e+00
307  0.0000e+00
308  0.0000e+00
309  1.9950e-27
310  1.4395e-17
311  8.1255e-20
312  1.5902e-22
313  2.3082e-25
314  2.3099e-28
315  0.0000e+00
316  0.0000e+00
317  0.0000e+00
318  0.0000e+00
319  0.0000e+00
320  0.0000e+00
321  0.0000e+00
322  0.0000e+00
323  0.0000e+00
324  0.0000e+00
325  0.0000e+00
326  0.0000e+00
327  0.0000e+00
328  0.0000e+00
329  0.0000e+00
330  0.0000e+00
331  0.0000e+00
332  0.0000e+00
333  0.0000e+00
334  0.0000e+00
335  0.0000e+00
336  0.0000e+00
337  0.0000e+00

