337
time(s) = 1000000000000 t9 = 1.5768006616475214e-12 rho(g/cc) = 1.8149999999996003e-23 
0  0.0000e+00
1  1.6206e-05
2  5.9411e-13
3  7.0515e-20
4  7.2481e-05
5  0.0000e+00
6  4.8948e-30
7  6.8421e-17
8  9.6915e-04
9  2.0142e-23
10  2.4805e-12
11  1.1826e-13
12  6.7965e-11
13  1.0807e-09
14  5.8293e-03
15  2.8826e-05
16  3.6872e-07
17  6.0253e-09
18  9.6681e-04
19  1.2481e-03
20  5.0952e-04
21  2.9498e-07
22  1.7970e-03
23  4.3181e-06
24  5.0828e-06
25  1.8538e-06
26  2.1938e-05
27  1.4264e-06
28  3.4114e-06
29  2.3236e-06
30  4.2562e-06
31  1.9977e-06
32  2.1440e-05
33  5.3367e-06
34  3.6562e-06
35  8.1403e-06
36  1.2927e-05
37  1.2501e-06
38  1.7959e-06
39  3.8607e-07
40  8.6958e-07
41  2.7277e-06
42  2.9439e-06
43  1.0367e-05
44  3.9589e-05
45  1.8066e-05
46  2.1893e-05
47  8.4239e-06
48  3.7711e-05
49  9.3246e-06
50  6.1459e-06
51  6.0635e-06
52  9.6215e-06
53  1.0383e-05
54  1.3476e-05
55  8.5745e-07
56  1.0506e-06
57  3.7096e-07
58  3.2589e-06
59  7.3142e-07
60  1.9855e-06
61  1.2248e-06
62  1.5101e-06
63  1.3440e-06
64  4.2517e-06
65  2.1165e-06
66  2.3413e-06
67  2.1265e-06
68  2.6645e-06
69  1.0455e-06
70  1.9301e-06
71  1.2042e-06
72  2.8634e-06
73  1.8770e-06
74  2.1441e-06
75  2.5373e-06
76  8.7404e-06
77  4.5447e-05
78  1.0707e-04
79  1.2192e-04
80  1.5886e-04
81  2.3576e-05
82  6.2291e-06
83  4.8000e-06
84  1.7219e-06
85  1.1025e-06
86  4.4127e-06
87  8.9707e-07
88  8.2089e-07
89  1.4268e-06
90  1.6308e-06
91  1.0064e-06
92  1.3749e-06
93  9.1098e-07
94  1.1823e-06
95  1.2113e-06
96  1.6322e-06
97  1.2387e-06
98  1.4088e-06
99  1.1967e-06
100  1.1628e-06
101  7.0129e-07
102  8.1330e-07
103  5.4632e-07
104  7.8922e-07
105  7.1112e-07
106  1.8400e-06
107  1.6756e-06
108  2.1525e-06
109  2.3021e-06
110  4.4311e-06
111  2.0079e-06
112  3.1606e-06
113  9.8470e-07
114  2.0225e-06
115  2.5899e-07
116  2.8878e-07
117  1.1305e-07
118  6.9524e-07
119  8.1733e-07
120  6.6232e-06
121  5.5634e-06
122  1.1030e-05
123  4.8030e-06
124  5.7679e-06
125  6.8380e-06
126  1.5869e-05
127  2.1577e-05
128  5.5325e-05
129  8.3267e-05
130  1.6197e-04
131  1.8405e-04
132  3.0217e-04
133  2.4518e-04
134  2.5968e-04
135  1.8926e-04
136  1.6553e-04
137  9.2715e-05
138  2.2323e-04
139  3.1218e-05
140  4.6208e-05
141  2.1246e-05
142  1.9956e-05
143  1.7565e-05
144  2.6514e-05
145  2.1939e-05
146  4.3361e-05
147  2.5900e-05
148  5.4183e-05
149  4.3015e-05
150  5.5123e-05
151  5.9370e-05
152  1.0643e-04
153  2.3689e-05
154  7.2033e-05
155  5.8649e-05
156  6.0572e-05
157  5.1387e-05
158  6.3169e-05
159  2.3761e-05
160  5.7405e-05
161  9.0098e-05
162  7.6783e-05
163  9.8743e-05
164  9.6461e-05
165  1.0170e-04
166  6.2791e-05
167  6.4370e-05
168  5.3206e-05
169  3.4963e-05
170  4.4397e-05
171  2.7388e-05
172  4.2541e-05
173  2.0048e-05
174  3.7066e-05
175  2.1998e-05
176  1.6797e-05
177  2.1805e-05
178  1.1091e-05
179  1.6592e-05
180  1.0076e-05
181  8.2343e-06
182  7.2669e-06
183  3.6775e-06
184  2.8176e-06
185  9.3858e-07
186  1.7287e-06
187  6.1331e-07
188  6.7347e-07
189  5.2623e-07
190  1.1045e-06
191  9.9718e-07
192  3.8687e-06
193  6.3216e-06
194  1.5214e-05
195  1.9763e-05
196  7.2334e-05
197  4.0150e-05
198  7.1801e-05
199  1.2569e-05
200  1.9008e-06
201  1.2837e-07
202  3.5019e-08
203  6.4543e-08
204  1.2264e-07
205  5.8724e-08
206  9.3126e-07
207  1.0451e-06
208  8.8606e-07
209  1.1249e-06
210  4.8032e-09
211  4.0661e-15
212  2.9895e-14
213  2.6196e-15
214  3.1245e-15
215  9.6474e-21
216  3.5423e-20
217  1.2067e-20
218  5.4192e-17
219  1.5540e-18
220  1.3677e-17
221  1.0664e-16
222  9.6275e-14
223  3.8777e-13
224  7.7179e-14
225  3.2832e-13
226  1.4723e-08
227  1.8604e-08
228  2.4599e-07
229  9.2847e-08
230  6.9677e-07
231  3.8672e-07
232  1.1938e-06
233  1.1912e-06
234  2.7045e-06
235  4.9192e-06
236  8.1004e-06
237  6.1060e-06
238  4.5398e-06
239  3.6543e-06
240  1.8268e-07
241  4.1886e-06
242  5.3608e-06
243  1.0649e-06
244  1.4506e-06
245  3.5725e-07
246  6.2760e-08
247  3.8350e-06
248  4.1278e-06
249  1.5673e-25
250  4.2261e-08
251  6.4817e-15
252  7.1531e-40
253  -4.6114e-318
254  1.9895e-317
255  -2.4194e-319
256  6.4935e-320
257  0.0000e+00
258  0.0000e+00
259  0.0000e+00
260  0.0000e+00
261  0.0000e+00
262  0.0000e+00
263  0.0000e+00
264  0.0000e+00
265  0.0000e+00
266  0.0000e+00
267  -3.8883e-321
268  2.7465e-28
269  2.5662e-26
270  1.3571e-26
271  5.5905e-38
272  1.9031e-05
273  4.0440e-04
274  1.7317e-19
275  1.0279e-19
276  4.5102e-16
277  1.0086e-24
278  0.0000e+00
279  0.0000e+00
280  0.0000e+00
281  0.0000e+00
282  0.0000e+00
283  0.0000e+00
284  0.0000e+00
285  0.0000e+00
286  0.0000e+00
287  0.0000e+00
288  0.0000e+00
289  0.0000e+00
290  0.0000e+00
291  0.0000e+00
292  0.0000e+00
293  0.0000e+00
294  0.0000e+00
295  0.0000e+00
296  0.0000e+00
297  0.0000e+00
298  0.0000e+00
299  0.0000e+00
300  0.0000e+00
301  0.0000e+00
302  0.0000e+00
303  0.0000e+00
304  0.0000e+00
305  0.0000e+00
306  0.0000e+00
307  0.0000e+00
308  0.0000e+00
309  2.1707e-27
310  4.9477e-16
311  2.8374e-18
312  5.6406e-21
313  8.3090e-24
314  1.2827e-26
315  0.0000e+00
316  0.0000e+00
317  0.0000e+00
318  0.0000e+00
319  0.0000e+00
320  0.0000e+00
321  0.0000e+00
322  0.0000e+00
323  0.0000e+00
324  0.0000e+00
325  0.0000e+00
326  0.0000e+00
327  0.0000e+00
328  0.0000e+00
329  0.0000e+00
330  0.0000e+00
331  0.0000e+00
332  0.0000e+00
333  0.0000e+00
334  0.0000e+00
335  0.0000e+00
336  0.0000e+00
337  0.0000e+00

