337
time(s) = 1000000000000 t9 = 1.5768006616475214e-12 rho(g/cc) = 1.8149999999996003e-23 
0  0.0000e+00
1  1.6620e-05
2  4.4744e-13
3  1.9644e-20
4  1.1273e-04
5  0.0000e+00
6  1.7751e-29
7  1.3805e-16
8  1.0139e-03
9  3.1664e-23
10  1.2974e-11
11  1.9431e-12
12  1.2997e-12
13  2.0369e-12
14  8.6847e-03
15  1.4941e-06
16  8.7499e-07
17  4.4322e-08
18  1.2761e-03
19  1.4637e-03
20  6.5640e-04
21  2.7788e-07
22  2.5598e-03
23  1.0664e-05
24  6.1695e-06
25  1.7176e-06
26  5.7029e-05
27  8.5106e-07
28  9.2013e-07
29  7.9156e-07
30  2.1142e-06
31  2.6011e-06
32  2.8744e-05
33  5.9620e-06
34  5.0135e-06
35  9.4223e-06
36  1.5838e-05
37  5.9465e-06
38  1.0178e-05
39  2.4135e-06
40  2.0432e-06
41  5.5341e-06
42  5.5387e-06
43  1.8819e-05
44  8.1305e-05
45  6.9890e-05
46  2.9197e-05
47  1.5432e-05
48  1.0276e-04
49  2.6567e-05
50  1.2531e-05
51  8.4393e-06
52  1.1708e-05
53  2.2066e-05
54  2.1467e-05
55  7.4995e-07
56  1.6269e-06
57  4.1565e-07
58  4.5593e-06
59  1.6094e-06
60  3.4749e-06
61  1.8646e-06
62  2.5386e-06
63  1.6734e-06
64  5.7611e-06
65  3.7878e-06
66  4.5685e-06
67  2.7001e-06
68  4.2829e-06
69  1.2742e-06
70  2.5074e-06
71  2.0101e-06
72  3.6304e-06
73  2.7177e-06
74  2.7297e-06
75  3.7577e-06
76  9.5427e-06
77  4.3886e-05
78  1.1915e-04
79  1.5628e-04
80  2.8246e-04
81  5.7090e-05
82  6.2938e-06
83  1.4875e-06
84  1.8772e-06
85  2.6359e-06
86  6.7963e-06
87  1.1214e-06
88  8.1198e-07
89  1.5162e-06
90  2.4843e-06
91  1.7389e-06
92  1.9359e-06
93  9.5240e-07
94  1.2316e-06
95  1.4056e-06
96  1.7113e-06
97  1.4414e-06
98  2.3251e-06
99  1.9254e-06
100  1.8355e-06
101  1.0274e-06
102  1.0312e-06
103  7.2525e-07
104  1.1078e-06
105  1.1157e-06
106  2.3317e-06
107  1.5023e-06
108  1.9820e-06
109  1.9768e-06
110  4.3278e-06
111  2.5719e-06
112  3.5148e-06
113  1.4374e-06
114  2.4036e-06
115  3.4837e-07
116  4.1045e-07
117  2.1147e-07
118  9.6126e-07
119  9.4365e-07
120  7.1009e-06
121  6.4500e-06
122  1.1605e-05
123  4.9224e-06
124  4.1611e-06
125  4.7810e-06
126  1.6753e-05
127  3.8568e-05
128  1.4496e-04
129  1.3910e-04
130  2.1792e-04
131  1.3751e-04
132  6.2469e-04
133  1.6346e-04
134  1.8523e-04
135  1.6508e-04
136  2.7051e-04
137  4.4316e-05
138  5.2340e-05
139  1.1421e-05
140  1.3491e-05
141  1.1055e-05
142  9.7607e-06
143  9.2121e-06
144  1.0056e-05
145  9.1579e-06
146  2.4968e-05
147  1.9009e-05
148  3.2020e-05
149  2.5879e-05
150  2.8443e-05
151  2.7568e-05
152  4.1958e-05
153  1.2570e-05
154  3.7235e-05
155  3.2894e-05
156  3.0229e-05
157  2.7016e-05
158  3.8265e-05
159  1.4579e-05
160  3.8499e-05
161  5.8133e-05
162  4.8923e-05
163  6.7379e-05
164  7.1964e-05
165  7.7248e-05
166  4.5259e-05
167  4.1976e-05
168  4.1068e-05
169  2.9278e-05
170  3.1899e-05
171  2.1321e-05
172  2.8792e-05
173  1.4272e-05
174  2.8031e-05
175  1.8084e-05
176  1.6317e-05
177  1.9072e-05
178  9.0184e-06
179  1.2067e-05
180  6.9980e-06
181  6.4306e-06
182  8.0061e-06
183  4.4838e-06
184  3.3492e-06
185  1.0357e-06
186  1.1263e-06
187  3.1094e-07
188  3.5915e-07
189  2.8406e-07
190  6.8789e-07
191  9.3059e-07
192  4.3986e-06
193  6.6798e-06
194  1.2141e-05
195  1.5554e-05
196  7.3365e-05
197  4.2439e-05
198  8.4498e-05
199  1.6365e-05
200  3.7835e-06
201  4.4487e-07
202  8.1529e-07
203  1.6767e-07
204  3.6148e-07
205  2.7575e-07
206  6.5235e-06
207  4.0833e-06
208  3.8863e-06
209  4.4024e-06
210  1.1320e-08
211  9.4394e-15
212  1.0816e-13
213  7.4221e-15
214  7.3574e-15
215  2.2396e-20
216  1.2816e-19
217  3.4189e-20
218  1.2761e-16
219  3.6076e-18
220  4.9485e-17
221  3.0215e-16
222  2.2670e-13
223  9.0019e-13
224  2.7924e-13
225  9.3022e-13
226  3.4669e-08
227  4.3188e-08
228  8.9003e-07
229  2.6306e-07
230  1.6367e-06
231  8.9773e-07
232  3.1731e-06
233  3.2837e-06
234  5.7718e-06
235  7.5127e-06
236  1.2074e-05
237  8.8149e-06
238  6.1035e-06
239  4.2530e-06
240  2.4675e-07
241  5.3975e-06
242  6.2035e-06
243  9.5623e-07
244  2.0079e-06
245  4.0806e-07
246  9.6664e-08
247  3.2960e-06
248  5.3684e-06
249  1.9164e-25
250  1.0916e-07
251  5.5670e-15
252  1.4163e-39
253  -8.7242e-319
254  1.3244e-317
255  1.0038e-319
256  6.8596e-320
257  0.0000e+00
258  0.0000e+00
259  0.0000e+00
260  0.0000e+00
261  0.0000e+00
262  0.0000e+00
263  0.0000e+00
264  0.0000e+00
265  0.0000e+00
266  0.0000e+00
267  2.4372e-320
268  1.9127e-27
269  8.9346e-26
270  5.9303e-26
271  1.8817e-38
272  1.2640e-05
273  3.3070e-04
274  2.2864e-19
275  2.3408e-19
276  6.0557e-16
277  1.3162e-24
278  0.0000e+00
279  0.0000e+00
280  0.0000e+00
281  0.0000e+00
282  0.0000e+00
283  0.0000e+00
284  0.0000e+00
285  0.0000e+00
286  0.0000e+00
287  0.0000e+00
288  0.0000e+00
289  0.0000e+00
290  0.0000e+00
291  0.0000e+00
292  0.0000e+00
293  0.0000e+00
294  0.0000e+00
295  0.0000e+00
296  0.0000e+00
297  0.0000e+00
298  0.0000e+00
299  0.0000e+00
300  0.0000e+00
301  0.0000e+00
302  0.0000e+00
303  0.0000e+00
304  0.0000e+00
305  0.0000e+00
306  0.0000e+00
307  0.0000e+00
308  0.0000e+00
309  4.8376e-28
310  1.3156e-21
311  7.0801e-24
312  1.3377e-26
313  0.0000e+00
314  0.0000e+00
315  0.0000e+00
316  0.0000e+00
317  0.0000e+00
318  0.0000e+00
319  0.0000e+00
320  0.0000e+00
321  0.0000e+00
322  0.0000e+00
323  0.0000e+00
324  0.0000e+00
325  0.0000e+00
326  0.0000e+00
327  0.0000e+00
328  0.0000e+00
329  0.0000e+00
330  0.0000e+00
331  0.0000e+00
332  0.0000e+00
333  0.0000e+00
334  0.0000e+00
335  0.0000e+00
336  0.0000e+00
337  0.0000e+00

