337
time(s) = 1000000000000 t9 = 1.5768006616475214e-12 rho(g/cc) = 1.8149999999996003e-23 
0  0.0000e+00
1  5.8775e-07
2  6.4362e-10
3  6.3873e-10
4  2.1630e-06
5  0.0000e+00
6  6.4404e-17
7  1.6476e-10
8  9.4654e-04
9  4.7802e-05
10  4.6702e-08
11  7.3675e-10
12  1.0198e-05
13  1.7234e-06
14  8.3104e-06
15  1.5637e-03
16  2.7907e-05
17  7.1200e-08
18  3.8515e-04
19  5.2628e-04
20  2.0377e-04
21  9.0518e-06
22  2.7359e-04
23  1.1724e-04
24  7.7868e-05
25  1.2575e-04
26  1.9734e-04
27  9.9538e-06
28  2.5046e-05
29  9.6004e-06
30  1.0594e-05
31  3.9444e-06
32  3.1399e-05
33  1.6655e-05
34  2.1853e-05
35  2.3211e-05
36  2.4519e-05
37  5.1620e-06
38  5.6525e-06
39  1.7421e-06
40  2.6069e-06
41  5.8660e-06
42  5.0349e-06
43  1.1932e-05
44  3.2772e-05
45  2.3907e-05
46  2.0386e-05
47  2.3122e-05
48  1.6622e-05
49  6.8531e-06
50  6.8232e-06
51  1.5438e-05
52  1.6320e-05
53  5.2218e-06
54  1.3884e-05
55  2.1874e-06
56  4.2072e-06
57  2.3690e-06
58  4.4786e-06
59  1.2155e-06
60  3.0773e-06
61  1.9785e-06
62  4.9516e-06
63  2.0824e-06
64  4.1321e-06
65  2.2766e-06
66  3.9786e-06
67  2.7732e-06
68  4.5374e-06
69  2.2205e-06
70  1.8011e-06
71  1.4171e-06
72  1.9422e-06
73  1.9961e-06
74  2.0344e-06
75  3.1895e-06
76  6.0401e-06
77  1.7362e-05
78  2.0570e-05
79  2.0755e-05
80  1.8771e-05
81  1.0819e-05
82  7.0189e-06
83  3.7650e-06
84  2.4197e-06
85  1.6295e-06
86  1.6449e-06
87  1.3075e-06
88  1.1190e-06
89  1.3768e-06
90  1.7306e-06
91  1.1511e-06
92  1.0511e-06
93  3.0912e-07
94  1.0354e-06
95  9.8571e-07
96  9.1625e-07
97  1.2071e-06
98  7.3430e-07
99  5.6939e-07
100  8.5433e-07
101  5.0691e-07
102  7.5141e-07
103  4.6128e-07
104  3.2567e-07
105  4.3974e-07
106  4.2847e-07
107  2.0795e-07
108  2.2983e-07
109  2.0134e-07
110  3.6643e-07
111  3.9503e-07
112  5.6600e-07
113  5.6634e-07
114  1.4146e-06
115  3.7176e-07
116  8.3897e-07
117  2.5186e-07
118  5.4819e-07
119  1.3980e-07
120  3.3881e-07
121  2.3982e-07
122  4.0168e-07
123  1.9580e-07
124  2.0369e-07
125  3.4413e-07
126  2.1259e-06
127  3.4342e-06
128  1.2173e-05
129  1.7558e-05
130  2.1104e-05
131  2.0172e-05
132  3.7229e-05
133  5.6350e-05
134  7.1815e-05
135  5.5559e-05
136  8.5318e-05
137  4.8596e-05
138  5.0545e-05
139  3.0590e-05
140  5.3056e-05
141  3.0513e-05
142  1.3458e-05
143  9.8433e-06
144  5.6846e-06
145  5.0019e-06
146  5.9952e-06
147  7.4697e-06
148  1.7330e-05
149  1.8940e-05
150  2.8638e-05
151  3.1585e-05
152  4.6677e-05
153  2.9594e-05
154  4.5397e-05
155  3.8617e-05
156  4.5556e-05
157  3.5448e-05
158  3.4360e-05
159  1.7015e-05
160  3.9387e-05
161  3.8814e-05
162  3.2995e-05
163  3.3287e-05
164  2.5070e-05
165  2.6661e-05
166  1.2528e-05
167  1.1925e-05
168  8.4373e-06
169  4.7886e-06
170  3.7187e-06
171  3.0630e-06
172  3.4616e-06
173  3.2862e-06
174  4.6122e-06
175  3.0419e-06
176  3.5387e-06
177  3.0657e-06
178  3.1477e-06
179  3.8080e-06
180  3.7237e-06
181  3.5049e-06
182  4.3378e-06
183  2.6135e-06
184  3.2555e-06
185  1.5794e-06
186  1.8841e-06
187  6.1185e-07
188  6.9654e-07
189  3.8042e-07
190  9.0910e-07
191  6.6966e-07
192  1.5392e-06
193  2.1072e-06
194  9.6384e-06
195  1.5597e-05
196  3.7882e-05
197  2.2746e-05
198  3.9226e-05
199  1.5138e-05
200  2.5940e-06
201  2.4786e-07
202  3.9680e-08
203  8.3725e-09
204  4.7980e-09
205  3.0158e-09
206  3.5121e-08
207  3.2427e-08
208  3.2284e-08
209  3.1831e-08
210  9.0512e-11
211  6.3739e-17
212  7.5998e-16
213  4.8992e-17
214  5.8783e-17
215  1.5123e-22
216  9.0050e-22
217  5.9436e-13
218  1.0195e-18
219  1.8608e-17
220  3.4769e-19
221  1.9945e-18
222  1.8402e-15
223  6.0785e-15
224  1.9620e-15
225  6.1403e-15
226  2.7699e-10
227  2.9163e-10
228  6.2535e-09
229  1.7364e-09
230  1.3046e-08
231  6.0621e-09
232  2.1916e-08
233  2.0591e-08
234  4.1487e-08
235  1.7096e-07
236  2.7407e-07
237  2.1804e-07
238  1.2673e-07
239  1.4638e-07
240  7.9411e-09
241  1.8225e-07
242  2.2220e-07
243  3.2580e-08
244  9.1838e-08
245  1.1870e-08
246  2.7193e-09
247  1.0670e-07
248  1.5812e-07
249  1.4325e-25
250  2.6166e-09
251  3.9846e-16
252  2.4915e-42
253  -7.5220e-318
254  -5.5734e-317
255  -8.7069e-320
256  4.5439e-320
257  0.0000e+00
258  0.0000e+00
259  0.0000e+00
260  0.0000e+00
261  0.0000e+00
262  0.0000e+00
263  0.0000e+00
264  0.0000e+00
265  0.0000e+00
266  0.0000e+00
267  -2.5049e-321
268  4.6694e-44
269  4.7679e-39
270  1.6664e-41
271  6.3991e-44
272  2.6954e-05
273  5.1419e-04
274  8.4630e-20
275  2.5420e-20
276  1.9232e-16
277  4.3842e-25
278  0.0000e+00
279  0.0000e+00
280  0.0000e+00
281  0.0000e+00
282  0.0000e+00
283  0.0000e+00
284  0.0000e+00
285  0.0000e+00
286  0.0000e+00
287  0.0000e+00
288  0.0000e+00
289  0.0000e+00
290  0.0000e+00
291  0.0000e+00
292  0.0000e+00
293  0.0000e+00
294  0.0000e+00
295  0.0000e+00
296  0.0000e+00
297  0.0000e+00
298  0.0000e+00
299  0.0000e+00
300  0.0000e+00
301  0.0000e+00
302  0.0000e+00
303  0.0000e+00
304  0.0000e+00
305  0.0000e+00
306  0.0000e+00
307  0.0000e+00
308  0.0000e+00
309  8.8463e-26
310  1.5395e-03
311  1.3037e-04
312  1.8205e-05
313  7.0520e-07
314  5.3516e-08
315  1.2395e-09
316  8.5225e-11
317  5.7905e-13
318  4.6055e-14
319  7.6553e-17
320  1.5801e-18
321  7.0889e-22
322  1.0803e-23
323  1.4552e-27
324  0.0000e+00
325  0.0000e+00
326  0.0000e+00
327  0.0000e+00
328  0.0000e+00
329  0.0000e+00
330  0.0000e+00
331  0.0000e+00
332  0.0000e+00
333  0.0000e+00
334  0.0000e+00
335  0.0000e+00
336  0.0000e+00
337  0.0000e+00

