337
time(s) = 1000000000000 t9 = 2.235940727757274e-12 rho(g/cc) = 7.3499999999989708e-24 
0  0.0000e+00
1  4.7736e-12
2  9.8200e-17
3  2.9763e-20
4  2.8138e-14
5  0.0000e+00
6  5.4850e-31
7  5.7545e-19
8  5.6793e-08
9  5.3669e-23
10  5.8823e-18
11  1.5026e-20
12  2.5451e-24
13  8.7373e-26
14  1.7508e-21
15  3.5705e-23
16  1.8444e-54
17  1.0451e-26
18  3.9973e-25
19  1.1347e-58
20  8.6818e-43
21  0.0000e+00
22  1.3095e-97
23  7.0811e-43
24  0.0000e+00
25  0.0000e+00
26  0.0000e+00
27  0.0000e+00
28  0.0000e+00
29  0.0000e+00
30  0.0000e+00
31  0.0000e+00
32  1.0043e-44
33  1.8448e-42
34  1.6315e-23
35  1.0794e-24
36  2.4566e-24
37  3.8810e-24
38  9.3992e-24
39  2.2220e-25
40  1.1923e-20
41  1.3559e-22
42  1.1504e-20
43  1.1667e-19
44  2.5115e-19
45  3.9454e-20
46  4.3880e-16
47  4.7180e-16
48  2.7087e-15
49  4.7420e-17
50  3.8002e-14
51  6.9052e-16
52  3.0069e-17
53  1.4185e-17
54  3.5682e-15
55  2.1324e-17
56  3.4944e-17
57  2.0272e-16
58  7.3860e-15
59  9.8445e-16
60  5.5528e-13
61  4.8976e-14
62  1.1006e-13
63  1.7469e-13
64  1.3926e-12
65  4.6848e-13
66  4.8327e-10
67  3.7321e-11
68  1.4856e-10
69  4.8735e-10
70  3.2873e-07
71  1.3072e-08
72  1.5802e-05
73  1.8477e-06
74  8.2206e-06
75  1.2439e-05
76  1.1441e-05
77  4.0532e-05
78  1.8089e-04
79  3.6034e-05
80  6.8421e-04
81  1.6268e-04
82  3.0422e-05
83  2.9269e-07
84  3.5514e-09
85  1.5223e-10
86  2.2563e-10
87  6.3435e-11
88  6.1182e-10
89  3.0465e-11
90  1.7415e-10
91  3.3425e-11
92  1.8950e-10
93  9.5221e-10
94  7.2003e-10
95  1.0177e-09
96  6.5295e-09
97  3.1876e-09
98  3.7846e-07
99  1.0313e-07
100  2.2831e-08
101  4.0150e-08
102  1.9001e-07
103  2.1911e-08
104  3.4773e-08
105  4.9599e-08
106  1.2529e-08
107  3.8521e-09
108  6.1999e-08
109  2.3318e-08
110  2.1927e-08
111  4.6438e-08
112  1.3706e-07
113  6.0059e-08
114  3.0052e-06
115  5.1654e-07
116  6.7569e-07
117  4.5027e-06
118  2.2046e-05
119  3.5213e-06
120  1.4143e-04
121  6.4322e-05
122  3.0128e-04
123  6.3598e-05
124  2.3254e-05
125  3.8807e-05
126  4.0134e-05
127  1.0050e-04
128  4.5571e-04
129  4.8631e-04
130  2.7633e-03
131  1.3165e-03
132  1.1623e-03
133  4.1717e-06
134  4.8126e-09
135  9.8309e-12
136  1.0698e-14
137  1.2888e-17
138  5.3168e-20
139  1.0139e-21
140  5.7641e-24
141  3.7933e-27
142  1.8868e-40
143  3.0828e-31
144  1.5505e-31
145  6.2751e-36
146  8.0667e-41
147  0.0000e+00
148  0.0000e+00
149  0.0000e+00
150  0.0000e+00
151  0.0000e+00
152  0.0000e+00
153  0.0000e+00
154  0.0000e+00
155  0.0000e+00
156  0.0000e+00
157  0.0000e+00
158  0.0000e+00
159  0.0000e+00
160  0.0000e+00
161  0.0000e+00
162  0.0000e+00
163  0.0000e+00
164  0.0000e+00
165  0.0000e+00
166  0.0000e+00
167  0.0000e+00
168  0.0000e+00
169  0.0000e+00
170  0.0000e+00
171  0.0000e+00
172  0.0000e+00
173  0.0000e+00
174  0.0000e+00
175  0.0000e+00
176  0.0000e+00
177  0.0000e+00
178  0.0000e+00
179  0.0000e+00
180  0.0000e+00
181  0.0000e+00
182  0.0000e+00
183  0.0000e+00
184  0.0000e+00
185  0.0000e+00
186  0.0000e+00
187  0.0000e+00
188  0.0000e+00
189  0.0000e+00
190  0.0000e+00
191  0.0000e+00
192  0.0000e+00
193  0.0000e+00
194  0.0000e+00
195  0.0000e+00
196  0.0000e+00
197  0.0000e+00
198  0.0000e+00
199  0.0000e+00
200  0.0000e+00
201  0.0000e+00
202  0.0000e+00
203  0.0000e+00
204  0.0000e+00
205  7.7486e-40
206  2.5119e-24
207  2.4099e-24
208  0.0000e+00
209  1.4210e-24
210  1.9735e-25
211  8.2379e-25
212  0.0000e+00
213  5.1133e-39
214  1.1835e-32
215  1.0248e-32
216  1.6632e-25
217  5.0593e-25
218  6.9903e-25
219  1.0868e-29
220  1.4149e-34
221  2.7213e-27
222  3.7623e-30
223  5.5711e-25
224  3.3915e-36
225  1.6222e-25
226  2.5201e-25
227  2.2048e-25
228  4.0384e-25
229  6.1939e-25
230  1.1772e-23
231  4.0069e-24
232  2.4432e-23
233  1.1243e-23
234  2.2658e-23
235  2.6808e-23
236  1.7435e-23
237  1.9948e-23
238  6.3662e-24
239  1.5961e-23
240  5.9573e-25
241  1.2991e-23
242  4.6309e-24
243  1.0650e-24
244  7.7366e-24
245  7.6684e-25
246  2.9446e-26
247  7.6023e-25
248  3.9622e-25
249  3.6541e-39
250  0.0000e+00
251  0.0000e+00
252  0.0000e+00
253  0.0000e+00
254  0.0000e+00
255  0.0000e+00
256  0.0000e+00
257  0.0000e+00
258  0.0000e+00
259  0.0000e+00
260  0.0000e+00
261  0.0000e+00
262  0.0000e+00
263  0.0000e+00
264  0.0000e+00
265  0.0000e+00
266  0.0000e+00
267  0.0000e+00
268  0.0000e+00
269  0.0000e+00
270  0.0000e+00
271  0.0000e+00
272  0.0000e+00
273  0.0000e+00
274  0.0000e+00
275  0.0000e+00
276  0.0000e+00
277  0.0000e+00
278  0.0000e+00
279  0.0000e+00
280  0.0000e+00
281  0.0000e+00
282  0.0000e+00
283  0.0000e+00
284  0.0000e+00
285  0.0000e+00
286  0.0000e+00
287  0.0000e+00
288  0.0000e+00
289  0.0000e+00
290  0.0000e+00
291  0.0000e+00
292  0.0000e+00
293  0.0000e+00
294  0.0000e+00
295  0.0000e+00
296  0.0000e+00
297  0.0000e+00
298  0.0000e+00
299  0.0000e+00
300  0.0000e+00
301  0.0000e+00
302  0.0000e+00
303  0.0000e+00
304  0.0000e+00
305  0.0000e+00
306  0.0000e+00
307  0.0000e+00
308  0.0000e+00
309  0.0000e+00
310  0.0000e+00
311  0.0000e+00
312  0.0000e+00
313  0.0000e+00
314  0.0000e+00
315  0.0000e+00
316  0.0000e+00
317  0.0000e+00
318  0.0000e+00
319  0.0000e+00
320  0.0000e+00
321  0.0000e+00
322  0.0000e+00
323  0.0000e+00
324  0.0000e+00
325  0.0000e+00
326  0.0000e+00
327  0.0000e+00
328  0.0000e+00
329  0.0000e+00
330  0.0000e+00
331  0.0000e+00
332  0.0000e+00
333  0.0000e+00
334  0.0000e+00
335  0.0000e+00
336  0.0000e+00
337  0.0000e+00

