337
time(s) = 1000000000000 t9 = 8.0067407379779728e-13 rho(g/cc) = 3.3749999999998981e-25 
0  0.0000e+00
1  1.8526e-07
2  8.5573e-10
3  3.3224e-12
4  6.3067e-07
5  0.0000e+00
6  4.0220e-27
7  1.4253e-11
8  2.8919e-08
9  1.7630e-10
10  6.3181e-11
11  8.6276e-12
12  5.8480e-08
13  4.8543e-09
14  8.1505e-08
15  7.4719e-04
16  1.1674e-05
17  1.2023e-07
18  2.9671e-06
19  9.8744e-05
20  1.5211e-04
21  8.3533e-06
22  8.6097e-06
23  2.9902e-05
24  1.5739e-05
25  4.2528e-06
26  1.5010e-06
27  3.0467e-07
28  1.2700e-06
29  3.6456e-07
30  7.2119e-07
31  2.2826e-07
32  6.5789e-07
33  5.6568e-07
34  1.0890e-06
35  3.9982e-07
36  1.6073e-07
37  1.6160e-07
38  1.0134e-07
39  4.4658e-08
40  2.0141e-07
41  5.4968e-07
42  1.1589e-06
43  9.2681e-07
44  7.3751e-07
45  6.4985e-07
46  5.2570e-07
47  3.3633e-07
48  1.9375e-07
49  9.5656e-08
50  7.2652e-08
51  1.7129e-07
52  1.4050e-07
53  1.1481e-07
54  2.2787e-07
55  4.9403e-08
56  7.5731e-08
57  3.0121e-08
58  5.3430e-08
59  1.6538e-08
60  3.4452e-08
61  1.5317e-08
62  4.7265e-08
63  1.7756e-08
64  4.4098e-08
65  2.3744e-08
66  4.5210e-08
67  2.4438e-08
68  4.1920e-08
69  2.1004e-08
70  1.8690e-08
71  1.7090e-08
72  2.5507e-08
73  2.6370e-08
74  4.9498e-08
75  1.6669e-07
76  3.6296e-07
77  5.1313e-07
78  4.4056e-07
79  5.6360e-07
80  5.6153e-07
81  3.9001e-07
82  1.3270e-07
83  3.8167e-08
84  1.8169e-08
85  1.2648e-08
86  1.5991e-08
87  1.5844e-08
88  1.4391e-08
89  1.5175e-08
90  1.5219e-08
91  1.2178e-08
92  1.3998e-08
93  5.3322e-09
94  8.9019e-09
95  1.0489e-08
96  1.0507e-08
97  1.8652e-08
98  1.0823e-08
99  7.5064e-09
100  1.8070e-08
101  7.8172e-09
102  1.1224e-08
103  6.9631e-09
104  5.8121e-09
105  7.6215e-09
106  2.0113e-08
107  8.8955e-09
108  1.0935e-08
109  1.3443e-08
110  2.4425e-08
111  1.5486e-08
112  2.2621e-08
113  2.1324e-08
114  6.2951e-08
115  1.6330e-08
116  4.0123e-08
117  9.3901e-09
118  2.7233e-08
119  1.0151e-08
120  3.8716e-08
121  3.6768e-08
122  7.1496e-08
123  3.4191e-08
124  3.7346e-08
125  8.0799e-08
126  7.5838e-07
127  7.8141e-07
128  1.3244e-06
129  1.1153e-06
130  1.4636e-06
131  2.0300e-05
132  5.9323e-05
133  2.5682e-04
134  3.7870e-04
135  2.1599e-04
136  2.7801e-04
137  2.6360e-04
138  3.0818e-04
139  1.5990e-04
140  1.7831e-04
141  9.3710e-05
142  4.4978e-05
143  4.8437e-05
144  4.3426e-05
145  4.9335e-05
146  5.3725e-05
147  5.7452e-05
148  1.0793e-04
149  5.7993e-05
150  9.3156e-05
151  8.3272e-05
152  1.5840e-04
153  9.5441e-05
154  1.4395e-04
155  9.4236e-05
156  1.1229e-04
157  8.6115e-05
158  8.7033e-05
159  2.9524e-05
160  9.3266e-05
161  7.3061e-05
162  6.8886e-05
163  7.1109e-05
164  4.0924e-05
165  5.1859e-05
166  2.7096e-05
167  2.0738e-05
168  1.3343e-05
169  7.8059e-06
170  3.8462e-06
171  2.0245e-06
172  2.3687e-06
173  1.7499e-06
174  2.3972e-06
175  1.4128e-06
176  1.7371e-06
177  9.9637e-07
178  8.0700e-07
179  8.0612e-07
180  5.5864e-07
181  5.6552e-07
182  5.3683e-07
183  3.1658e-07
184  4.3054e-07
185  1.9297e-07
186  2.6177e-07
187  8.9932e-08
188  1.0113e-07
189  3.1683e-08
190  5.9642e-08
191  3.9980e-08
192  8.9953e-08
193  8.4876e-08
194  3.5158e-07
195  4.3026e-07
196  7.5547e-07
197  2.6108e-07
198  6.6175e-07
199  1.1284e-07
200  1.7092e-08
201  1.3759e-09
202  1.6493e-10
203  1.1375e-10
204  1.2177e-10
205  9.5142e-11
206  4.8286e-09
207  4.6057e-09
208  3.8705e-09
209  4.9172e-09
210  3.1727e-11
211  2.0003e-17
212  1.2857e-16
213  1.6489e-17
214  2.0657e-17
215  4.7459e-23
216  1.5235e-22
217  7.5965e-23
218  3.5828e-19
219  6.6043e-18
220  5.8822e-20
221  6.7126e-19
222  6.4800e-16
223  1.9075e-15
224  3.3193e-16
225  2.0666e-15
226  9.7339e-11
227  9.1518e-11
228  1.0580e-09
229  5.8443e-10
230  4.6191e-09
231  1.9025e-09
232  9.8166e-09
233  9.0633e-09
234  1.9766e-08
235  4.7048e-08
236  6.8921e-08
237  5.7985e-08
238  3.3438e-08
239  3.4767e-08
240  1.6118e-09
241  5.0365e-08
242  5.7798e-08
243  9.1444e-09
244  2.2557e-08
245  4.0825e-09
246  9.9770e-10
247  3.1602e-08
248  6.0889e-08
249  9.8952e-26
250  1.1153e-09
251  1.6492e-16
252  8.1581e-45
253  2.0393e-318
254  -3.5848e-317
255  1.3534e-319
256  1.4557e-319
257  0.0000e+00
258  0.0000e+00
259  0.0000e+00
260  0.0000e+00
261  0.0000e+00
262  0.0000e+00
263  0.0000e+00
264  0.0000e+00
265  0.0000e+00
266  0.0000e+00
267  3.2480e-320
268  4.3496e-44
269  2.3694e-42
270  9.9550e-45
271  2.2051e-43
272  7.2008e-05
273  6.6287e-04
274  2.3877e-16
275  6.3777e-15
276  4.2118e-13
277  5.6905e-22
278  0.0000e+00
279  0.0000e+00
280  0.0000e+00
281  0.0000e+00
282  0.0000e+00
283  0.0000e+00
284  0.0000e+00
285  0.0000e+00
286  0.0000e+00
287  0.0000e+00
288  0.0000e+00
289  0.0000e+00
290  0.0000e+00
291  0.0000e+00
292  0.0000e+00
293  0.0000e+00
294  0.0000e+00
295  0.0000e+00
296  0.0000e+00
297  0.0000e+00
298  0.0000e+00
299  0.0000e+00
300  0.0000e+00
301  0.0000e+00
302  0.0000e+00
303  0.0000e+00
304  0.0000e+00
305  0.0000e+00
306  0.0000e+00
307  0.0000e+00
308  0.0000e+00
309  7.4579e-26
310  3.8246e-05
311  3.6215e-05
312  2.5418e-05
313  2.4123e-05
314  2.1612e-05
315  8.8932e-06
316  2.5803e-05
317  2.3450e-06
318  2.6388e-04
319  1.7714e-05
320  9.4803e-05
321  2.3908e-06
322  3.2234e-06
323  1.7770e-08
324  4.3309e-08
325  7.2454e-10
326  6.1585e-11
327  9.2229e-14
328  1.3368e-15
329  4.4976e-19
330  3.3900e-21
331  5.1812e-26
332  0.0000e+00
333  0.0000e+00
334  0.0000e+00
335  0.0000e+00
336  0.0000e+00
337  0.0000e+00

