337
time(s) = 1000000000000 t9 = 1.9038674973855339e-12 rho(g/cc) = 4.5374999999994996e-24 
0  0.0000e+00
1  5.7705e-12
2  1.1888e-16
3  2.3446e-20
4  2.8459e-14
5  0.0000e+00
6  1.8842e-31
7  4.9744e-19
8  5.2055e-08
9  2.6923e-23
10  5.9843e-18
11  1.2638e-20
12  2.2849e-24
13  3.1137e-25
14  1.3935e-21
15  4.8982e-23
16  1.8255e-54
17  4.6283e-27
18  4.0378e-25
19  8.5817e-59
20  4.6705e-43
21  0.0000e+00
22  5.7442e-98
23  3.8070e-43
24  0.0000e+00
25  0.0000e+00
26  0.0000e+00
27  0.0000e+00
28  0.0000e+00
29  0.0000e+00
30  0.0000e+00
31  0.0000e+00
32  1.9558e-39
33  1.4409e-51
34  1.4768e-23
35  4.1770e-24
36  9.4893e-24
37  5.8792e-24
38  2.8555e-24
39  1.5721e-24
40  9.1113e-21
41  7.3280e-23
42  3.5222e-20
43  1.3633e-19
44  5.6456e-20
45  1.1442e-19
46  3.2719e-16
47  2.9608e-16
48  1.5985e-16
49  9.8863e-18
50  1.3407e-14
51  2.1977e-16
52  1.3904e-17
53  3.1672e-17
54  1.3074e-15
55  8.1406e-18
56  5.6627e-17
57  6.5203e-17
58  3.9818e-16
59  1.5757e-16
60  1.7976e-13
61  2.7269e-14
62  1.8118e-13
63  4.7552e-14
64  1.7231e-13
65  2.0309e-13
66  1.8914e-10
67  1.7847e-11
68  1.6707e-10
69  3.7091e-10
70  1.9739e-08
71  1.4327e-09
72  6.0776e-06
73  2.5765e-06
74  1.8106e-05
75  2.7553e-06
76  1.0293e-05
77  4.3158e-05
78  1.6044e-05
79  1.1094e-05
80  2.8641e-04
81  3.9735e-05
82  3.8073e-06
83  2.9144e-08
84  4.3945e-10
85  4.8502e-11
86  3.0025e-10
87  2.7013e-10
88  4.8199e-10
89  2.9163e-11
90  8.6243e-10
91  2.1090e-10
92  4.7216e-09
93  1.3829e-09
94  2.1481e-09
95  7.6749e-09
96  3.8547e-09
97  6.2840e-09
98  7.6815e-07
99  1.5131e-07
100  5.5349e-08
101  1.5767e-07
102  3.1564e-07
103  3.9338e-08
104  3.5381e-07
105  2.2305e-07
106  3.7014e-08
107  4.4829e-08
108  1.1123e-07
109  4.2115e-08
110  1.7363e-07
111  1.7484e-07
112  1.4840e-07
113  1.5750e-07
114  1.9226e-05
115  2.5636e-06
116  1.0414e-05
117  1.8734e-05
118  1.0147e-05
119  1.0402e-05
120  3.2013e-05
121  5.1314e-05
122  4.6381e-04
123  1.0530e-04
124  1.7078e-04
125  1.2247e-04
126  6.2808e-04
127  2.3288e-04
128  2.0543e-04
129  4.8749e-04
130  3.2170e-03
131  1.1057e-03
132  6.0050e-04
133  1.6387e-06
134  1.6054e-09
135  3.2838e-12
136  4.3965e-15
137  7.0952e-18
138  4.2324e-20
139  9.2266e-22
140  5.2450e-24
141  0.0000e+00
142  0.0000e+00
143  0.0000e+00
144  0.0000e+00
145  0.0000e+00
146  0.0000e+00
147  0.0000e+00
148  0.0000e+00
149  0.0000e+00
150  0.0000e+00
151  0.0000e+00
152  0.0000e+00
153  0.0000e+00
154  0.0000e+00
155  0.0000e+00
156  0.0000e+00
157  0.0000e+00
158  0.0000e+00
159  0.0000e+00
160  0.0000e+00
161  0.0000e+00
162  0.0000e+00
163  0.0000e+00
164  0.0000e+00
165  0.0000e+00
166  0.0000e+00
167  0.0000e+00
168  0.0000e+00
169  0.0000e+00
170  0.0000e+00
171  0.0000e+00
172  0.0000e+00
173  0.0000e+00
174  0.0000e+00
175  0.0000e+00
176  0.0000e+00
177  0.0000e+00
178  0.0000e+00
179  0.0000e+00
180  0.0000e+00
181  0.0000e+00
182  0.0000e+00
183  0.0000e+00
184  0.0000e+00
185  0.0000e+00
186  0.0000e+00
187  0.0000e+00
188  0.0000e+00
189  0.0000e+00
190  0.0000e+00
191  0.0000e+00
192  0.0000e+00
193  0.0000e+00
194  0.0000e+00
195  0.0000e+00
196  0.0000e+00
197  0.0000e+00
198  0.0000e+00
199  0.0000e+00
200  0.0000e+00
201  0.0000e+00
202  0.0000e+00
203  0.0000e+00
204  0.0000e+00
205  0.0000e+00
206  0.0000e+00
207  0.0000e+00
208  0.0000e+00
209  0.0000e+00
210  0.0000e+00
211  0.0000e+00
212  0.0000e+00
213  0.0000e+00
214  0.0000e+00
215  0.0000e+00
216  0.0000e+00
217  0.0000e+00
218  0.0000e+00
219  0.0000e+00
220  0.0000e+00
221  0.0000e+00
222  0.0000e+00
223  0.0000e+00
224  0.0000e+00
225  0.0000e+00
226  0.0000e+00
227  0.0000e+00
228  0.0000e+00
229  0.0000e+00
230  0.0000e+00
231  0.0000e+00
232  0.0000e+00
233  0.0000e+00
234  0.0000e+00
235  0.0000e+00
236  0.0000e+00
237  0.0000e+00
238  0.0000e+00
239  0.0000e+00
240  0.0000e+00
241  0.0000e+00
242  0.0000e+00
243  0.0000e+00
244  0.0000e+00
245  0.0000e+00
246  0.0000e+00
247  0.0000e+00
248  0.0000e+00
249  0.0000e+00
250  0.0000e+00
251  0.0000e+00
252  0.0000e+00
253  0.0000e+00
254  0.0000e+00
255  0.0000e+00
256  0.0000e+00
257  0.0000e+00
258  0.0000e+00
259  0.0000e+00
260  0.0000e+00
261  0.0000e+00
262  0.0000e+00
263  0.0000e+00
264  0.0000e+00
265  0.0000e+00
266  0.0000e+00
267  0.0000e+00
268  0.0000e+00
269  0.0000e+00
270  0.0000e+00
271  0.0000e+00
272  0.0000e+00
273  0.0000e+00
274  0.0000e+00
275  0.0000e+00
276  0.0000e+00
277  0.0000e+00
278  0.0000e+00
279  0.0000e+00
280  0.0000e+00
281  0.0000e+00
282  0.0000e+00
283  0.0000e+00
284  0.0000e+00
285  0.0000e+00
286  0.0000e+00
287  0.0000e+00
288  0.0000e+00
289  0.0000e+00
290  0.0000e+00
291  0.0000e+00
292  0.0000e+00
293  0.0000e+00
294  0.0000e+00
295  0.0000e+00
296  0.0000e+00
297  0.0000e+00
298  0.0000e+00
299  0.0000e+00
300  0.0000e+00
301  0.0000e+00
302  0.0000e+00
303  0.0000e+00
304  0.0000e+00
305  0.0000e+00
306  0.0000e+00
307  0.0000e+00
308  0.0000e+00
309  0.0000e+00
310  0.0000e+00
311  0.0000e+00
312  0.0000e+00
313  0.0000e+00
314  0.0000e+00
315  0.0000e+00
316  0.0000e+00
317  0.0000e+00
318  0.0000e+00
319  0.0000e+00
320  0.0000e+00
321  0.0000e+00
322  0.0000e+00
323  0.0000e+00
324  0.0000e+00
325  0.0000e+00
326  0.0000e+00
327  0.0000e+00
328  0.0000e+00
329  0.0000e+00
330  0.0000e+00
331  0.0000e+00
332  0.0000e+00
333  0.0000e+00
334  0.0000e+00
335  0.0000e+00
336  0.0000e+00
337  0.0000e+00

