337
time(s) = 1000000000000 t9 = 2.3411851943118231e-12 rho(g/cc) = 8.4374999999987326e-24 
0  0.0000e+00
1  4.7727e-12
2  1.0661e-16
3  3.1728e-20
4  2.5200e-14
5  0.0000e+00
6  1.0653e-30
7  6.1562e-19
8  5.8083e-08
9  6.5128e-23
10  5.8341e-18
11  1.5594e-20
12  2.6557e-24
13  9.3962e-26
14  1.9753e-21
15  3.4823e-23
16  7.0460e-54
17  1.4546e-26
18  4.7672e-25
19  4.1334e-58
20  1.1115e-42
21  0.0000e+00
22  7.0971e-97
23  9.0680e-43
24  0.0000e+00
25  0.0000e+00
26  0.0000e+00
27  0.0000e+00
28  0.0000e+00
29  0.0000e+00
30  0.0000e+00
31  0.0000e+00
32  1.1498e-44
33  0.0000e+00
34  1.2955e-99
35  1.0795e-24
36  2.5086e-24
37  8.1602e-25
38  5.8341e-24
39  6.2370e-26
40  4.2242e-21
41  6.1416e-23
42  2.7367e-21
43  3.6860e-20
44  1.9083e-19
45  1.8168e-20
46  1.9526e-16
47  2.2496e-16
48  2.7742e-15
49  4.3625e-17
50  2.3723e-14
51  4.6030e-16
52  2.6537e-17
53  6.0683e-18
54  2.9255e-15
55  1.8343e-17
56  1.9524e-17
57  1.4673e-16
58  9.3561e-15
59  9.8567e-16
60  4.1792e-13
61  3.5396e-14
62  5.9146e-14
63  1.4120e-13
64  1.9983e-12
65  4.9991e-13
66  4.3443e-10
67  3.5501e-11
68  1.3023e-10
69  3.9150e-10
70  5.6416e-07
71  2.0135e-08
72  1.6070e-05
73  1.6572e-06
74  5.3279e-06
75  1.7169e-05
76  1.1798e-05
77  3.4571e-05
78  3.4187e-04
79  5.1614e-05
80  8.0881e-04
81  2.4107e-04
82  5.8672e-05
83  6.2533e-07
84  8.0331e-09
85  2.8957e-10
86  3.1221e-10
87  5.2511e-11
88  4.3696e-10
89  2.1841e-11
90  7.3084e-11
91  2.3375e-11
92  7.6695e-11
93  7.2855e-10
94  4.9278e-10
95  4.8906e-10
96  7.3584e-09
97  2.7430e-09
98  2.6436e-07
99  7.9796e-08
100  1.7982e-08
101  2.3179e-08
102  1.3030e-07
103  1.5631e-08
104  1.5280e-08
105  2.8155e-08
106  9.2619e-09
107  2.2229e-09
108  3.7276e-08
109  1.5491e-08
110  1.1098e-08
111  2.7998e-08
112  1.1046e-07
113  4.5423e-08
114  1.5427e-06
115  3.1803e-07
116  4.2654e-07
117  2.4660e-06
118  3.1252e-05
119  4.5614e-06
120  1.2954e-04
121  4.9457e-05
122  1.6882e-04
123  3.7567e-05
124  1.1375e-05
125  3.2830e-05
126  2.9829e-05
127  7.4795e-05
128  6.1731e-04
129  5.0214e-04
130  2.4298e-03
131  1.2777e-03
132  1.3294e-03
133  5.2497e-06
134  6.4409e-09
135  1.3305e-11
136  1.4512e-14
137  1.7381e-17
138  6.6783e-20
139  1.2298e-21
140  7.1632e-24
141  4.8713e-27
142  3.0363e-40
143  4.7132e-31
144  2.3705e-31
145  9.5809e-36
146  1.2981e-40
147  0.0000e+00
148  0.0000e+00
149  0.0000e+00
150  0.0000e+00
151  0.0000e+00
152  0.0000e+00
153  0.0000e+00
154  0.0000e+00
155  0.0000e+00
156  0.0000e+00
157  0.0000e+00
158  0.0000e+00
159  0.0000e+00
160  0.0000e+00
161  0.0000e+00
162  0.0000e+00
163  0.0000e+00
164  0.0000e+00
165  0.0000e+00
166  0.0000e+00
167  0.0000e+00
168  0.0000e+00
169  0.0000e+00
170  0.0000e+00
171  0.0000e+00
172  0.0000e+00
173  0.0000e+00
174  0.0000e+00
175  0.0000e+00
176  0.0000e+00
177  0.0000e+00
178  0.0000e+00
179  0.0000e+00
180  0.0000e+00
181  0.0000e+00
182  0.0000e+00
183  0.0000e+00
184  0.0000e+00
185  0.0000e+00
186  0.0000e+00
187  0.0000e+00
188  0.0000e+00
189  0.0000e+00
190  0.0000e+00
191  0.0000e+00
192  0.0000e+00
193  0.0000e+00
194  0.0000e+00
195  0.0000e+00
196  0.0000e+00
197  0.0000e+00
198  0.0000e+00
199  0.0000e+00
200  0.0000e+00
201  0.0000e+00
202  0.0000e+00
203  0.0000e+00
204  0.0000e+00
205  2.0320e-39
206  6.0818e-24
207  4.9171e-24
208  1.0412e-24
209  2.6826e-24
210  1.0395e-26
211  1.3978e-24
212  7.8556e-33
213  6.4093e-25
214  1.6931e-24
215  1.7389e-32
216  0.0000e+00
217  1.5434e-49
218  1.2539e-41
219  1.8174e-29
220  2.5099e-25
221  8.2442e-25
222  5.3666e-25
223  9.3164e-25
224  1.2469e-30
225  1.1288e-29
226  4.2908e-25
227  3.7408e-25
228  7.8758e-25
229  9.8513e-25
230  2.0004e-23
231  6.8122e-24
232  3.9316e-23
233  1.7208e-23
234  3.2604e-23
235  3.9199e-23
236  2.6042e-23
237  2.9988e-23
238  9.9547e-24
239  2.3303e-23
240  9.6113e-25
241  1.9081e-23
242  7.1267e-24
243  1.4903e-24
244  1.0775e-23
245  1.0641e-24
246  4.2241e-26
247  1.0711e-24
248  6.1488e-25
249  4.5688e-39
250  0.0000e+00
251  0.0000e+00
252  0.0000e+00
253  0.0000e+00
254  0.0000e+00
255  0.0000e+00
256  0.0000e+00
257  0.0000e+00
258  0.0000e+00
259  0.0000e+00
260  0.0000e+00
261  0.0000e+00
262  0.0000e+00
263  0.0000e+00
264  0.0000e+00
265  0.0000e+00
266  0.0000e+00
267  0.0000e+00
268  0.0000e+00
269  0.0000e+00
270  0.0000e+00
271  0.0000e+00
272  0.0000e+00
273  0.0000e+00
274  0.0000e+00
275  0.0000e+00
276  0.0000e+00
277  0.0000e+00
278  0.0000e+00
279  0.0000e+00
280  0.0000e+00
281  0.0000e+00
282  0.0000e+00
283  0.0000e+00
284  0.0000e+00
285  0.0000e+00
286  0.0000e+00
287  0.0000e+00
288  0.0000e+00
289  0.0000e+00
290  0.0000e+00
291  0.0000e+00
292  0.0000e+00
293  0.0000e+00
294  0.0000e+00
295  0.0000e+00
296  0.0000e+00
297  0.0000e+00
298  0.0000e+00
299  0.0000e+00
300  0.0000e+00
301  0.0000e+00
302  0.0000e+00
303  0.0000e+00
304  0.0000e+00
305  0.0000e+00
306  0.0000e+00
307  0.0000e+00
308  0.0000e+00
309  0.0000e+00
310  0.0000e+00
311  0.0000e+00
312  0.0000e+00
313  0.0000e+00
314  0.0000e+00
315  0.0000e+00
316  0.0000e+00
317  0.0000e+00
318  0.0000e+00
319  0.0000e+00
320  0.0000e+00
321  0.0000e+00
322  0.0000e+00
323  0.0000e+00
324  0.0000e+00
325  0.0000e+00
326  0.0000e+00
327  0.0000e+00
328  0.0000e+00
329  0.0000e+00
330  0.0000e+00
331  0.0000e+00
332  0.0000e+00
333  0.0000e+00
334  0.0000e+00
335  0.0000e+00
336  0.0000e+00
337  0.0000e+00

