337
time(s) = 1000000000000 t9 = 2.643767541756282e-12 rho(g/cc) = 1.2149999999997813e-23 
0  0.0000e+00
1  6.5462e-12
2  2.5009e-16
3  3.7086e-20
4  1.0061e-13
5  0.0000e+00
6  1.7171e-29
7  8.3318e-19
8  6.1348e-08
9  1.0584e-22
10  5.5923e-18
11  1.7534e-20
12  3.3522e-24
13  1.2179e-25
14  2.7987e-21
15  3.6073e-23
16  1.9790e-53
17  2.4926e-26
18  8.3929e-25
19  1.9044e-57
20  1.7921e-42
21  0.0000e+00
22  2.5876e-96
23  1.4620e-42
24  0.0000e+00
25  0.0000e+00
26  0.0000e+00
27  0.0000e+00
28  0.0000e+00
29  0.0000e+00
30  0.0000e+00
31  0.0000e+00
32  0.0000e+00
33  0.0000e+00
34  0.0000e+00
35  0.0000e+00
36  0.0000e+00
37  0.0000e+00
38  5.8068e-91
39  4.1784e-172
40  1.7390e-23
41  3.8391e-25
42  8.5332e-24
43  1.6875e-22
44  3.6635e-21
45  2.8229e-22
46  2.4841e-18
47  3.6560e-18
48  1.5428e-16
49  2.4869e-18
50  8.9118e-16
51  2.1047e-17
52  2.8424e-18
53  2.5266e-19
54  3.0278e-16
55  2.3426e-18
56  1.4402e-18
57  1.0095e-17
58  1.5888e-15
59  1.5748e-16
60  4.6922e-14
61  4.6142e-15
62  5.9164e-15
63  1.6332e-14
64  8.7001e-13
65  1.9717e-13
66  1.3066e-10
67  1.2585e-11
68  6.3951e-11
69  1.0925e-10
70  6.3456e-07
71  2.5876e-08
72  1.1849e-05
73  1.5945e-06
74  3.0448e-06
75  2.1206e-05
76  1.7160e-05
77  3.0157e-05
78  9.6064e-04
79  1.2867e-04
80  1.5739e-03
81  7.1721e-04
82  3.2093e-04
83  4.9512e-06
84  8.3205e-08
85  2.5199e-09
86  2.4350e-09
87  2.9806e-10
88  8.6993e-10
89  5.1357e-11
90  9.2090e-11
91  5.3874e-11
92  1.2713e-10
93  1.2546e-09
94  1.0003e-09
95  6.2973e-10
96  1.8478e-08
97  6.7429e-09
98  4.5086e-07
99  1.6498e-07
100  4.2326e-08
101  3.5321e-08
102  1.7944e-07
103  2.8104e-08
104  1.4797e-08
105  2.6753e-08
106  7.7865e-09
107  1.6963e-09
108  1.0909e-08
109  5.5392e-09
110  3.3967e-09
111  6.8110e-09
112  3.0644e-08
113  1.4793e-08
114  3.1635e-07
115  7.5368e-08
116  1.1104e-07
117  4.0052e-07
118  1.5400e-05
119  2.4654e-06
120  4.3886e-05
121  1.7189e-05
122  4.0816e-05
123  1.0852e-05
124  3.2725e-06
125  1.1623e-05
126  1.3612e-05
127  3.4771e-05
128  5.6216e-04
129  4.0715e-04
130  1.5918e-03
131  1.0101e-03
132  1.5823e-03
133  8.5732e-06
134  1.3454e-08
135  2.8887e-11
136  3.7418e-14
137  5.5226e-17
138  2.1479e-19
139  3.9306e-21
140  2.8503e-23
141  5.4801e-25
142  7.9115e-28
143  1.7228e-31
144  8.6651e-32
145  3.1455e-36
146  4.5132e-41
147  0.0000e+00
148  0.0000e+00
149  0.0000e+00
150  0.0000e+00
151  0.0000e+00
152  0.0000e+00
153  0.0000e+00
154  0.0000e+00
155  0.0000e+00
156  0.0000e+00
157  0.0000e+00
158  0.0000e+00
159  0.0000e+00
160  0.0000e+00
161  0.0000e+00
162  0.0000e+00
163  0.0000e+00
164  0.0000e+00
165  0.0000e+00
166  0.0000e+00
167  0.0000e+00
168  0.0000e+00
169  0.0000e+00
170  0.0000e+00
171  0.0000e+00
172  0.0000e+00
173  0.0000e+00
174  0.0000e+00
175  0.0000e+00
176  0.0000e+00
177  0.0000e+00
178  0.0000e+00
179  0.0000e+00
180  0.0000e+00
181  0.0000e+00
182  0.0000e+00
183  0.0000e+00
184  0.0000e+00
185  0.0000e+00
186  0.0000e+00
187  0.0000e+00
188  0.0000e+00
189  0.0000e+00
190  0.0000e+00
191  0.0000e+00
192  0.0000e+00
193  0.0000e+00
194  0.0000e+00
195  0.0000e+00
196  0.0000e+00
197  0.0000e+00
198  0.0000e+00
199  0.0000e+00
200  0.0000e+00
201  0.0000e+00
202  0.0000e+00
203  0.0000e+00
204  0.0000e+00
205  3.3419e-40
206  7.3405e-25
207  1.1782e-24
208  0.0000e+00
209  7.0511e-25
210  4.4321e-25
211  4.4118e-25
212  8.1746e-26
213  3.1068e-39
214  5.5663e-25
215  5.4883e-33
216  0.0000e+00
217  0.0000e+00
218  3.3709e-29
219  5.5586e-30
220  0.0000e+00
221  3.4669e-25
222  1.0531e-30
223  2.8495e-25
224  0.0000e+00
225  5.1122e-30
226  1.4120e-25
227  1.1807e-25
228  3.3001e-25
229  3.2638e-25
230  6.5894e-24
231  2.1597e-24
232  1.3670e-23
233  5.7932e-24
234  1.1767e-23
235  1.2684e-23
236  9.6541e-24
237  1.0404e-23
238  2.8986e-24
239  7.1331e-24
240  3.6863e-25
241  7.7397e-24
242  3.2315e-24
243  4.8524e-25
244  3.9787e-24
245  4.0848e-25
246  1.7946e-26
247  4.8552e-25
248  3.0400e-25
249  1.8145e-39
250  0.0000e+00
251  0.0000e+00
252  0.0000e+00
253  0.0000e+00
254  0.0000e+00
255  0.0000e+00
256  0.0000e+00
257  0.0000e+00
258  0.0000e+00
259  0.0000e+00
260  0.0000e+00
261  0.0000e+00
262  0.0000e+00
263  0.0000e+00
264  0.0000e+00
265  0.0000e+00
266  0.0000e+00
267  0.0000e+00
268  0.0000e+00
269  0.0000e+00
270  0.0000e+00
271  0.0000e+00
272  0.0000e+00
273  0.0000e+00
274  0.0000e+00
275  0.0000e+00
276  0.0000e+00
277  0.0000e+00
278  0.0000e+00
279  0.0000e+00
280  0.0000e+00
281  0.0000e+00
282  0.0000e+00
283  0.0000e+00
284  0.0000e+00
285  0.0000e+00
286  0.0000e+00
287  0.0000e+00
288  0.0000e+00
289  0.0000e+00
290  0.0000e+00
291  0.0000e+00
292  0.0000e+00
293  0.0000e+00
294  0.0000e+00
295  0.0000e+00
296  0.0000e+00
297  0.0000e+00
298  0.0000e+00
299  0.0000e+00
300  0.0000e+00
301  0.0000e+00
302  0.0000e+00
303  0.0000e+00
304  0.0000e+00
305  0.0000e+00
306  0.0000e+00
307  0.0000e+00
308  0.0000e+00
309  0.0000e+00
310  0.0000e+00
311  0.0000e+00
312  0.0000e+00
313  0.0000e+00
314  0.0000e+00
315  0.0000e+00
316  0.0000e+00
317  0.0000e+00
318  0.0000e+00
319  0.0000e+00
320  0.0000e+00
321  0.0000e+00
322  0.0000e+00
323  0.0000e+00
324  0.0000e+00
325  0.0000e+00
326  0.0000e+00
327  0.0000e+00
328  0.0000e+00
329  0.0000e+00
330  0.0000e+00
331  0.0000e+00
332  0.0000e+00
333  0.0000e+00
334  0.0000e+00
335  0.0000e+00
336  0.0000e+00
337  0.0000e+00

