337
time(s) = 1000000000000 t9 = 2.7407999028731252e-12 rho(g/cc) = 1.353749999999743e-23 
0  0.0000e+00
1  7.3491e-12
2  3.3347e-16
3  3.8713e-20
4  2.3206e-13
5  0.0000e+00
6  4.8885e-29
7  9.0960e-19
8  6.2271e-08
9  1.2107e-22
10  5.5077e-18
11  1.8180e-20
12  3.6333e-24
13  1.3088e-25
14  2.9978e-21
15  3.7948e-23
16  9.5428e-54
17  2.6386e-26
18  9.2829e-25
19  1.1653e-57
20  2.0840e-42
21  0.0000e+00
22  3.3043e-96
23  1.7001e-42
24  0.0000e+00
25  0.0000e+00
26  0.0000e+00
27  0.0000e+00
28  0.0000e+00
29  0.0000e+00
30  0.0000e+00
31  0.0000e+00
32  0.0000e+00
33  0.0000e+00
34  0.0000e+00
35  0.0000e+00
36  0.0000e+00
37  0.0000e+00
38  0.0000e+00
39  3.9971e-173
40  5.6227e-165
41  0.0000e+00
42  2.1431e-24
43  1.8498e-23
44  4.5644e-22
45  3.7956e-23
46  3.5602e-19
47  5.5686e-19
48  2.7433e-17
49  5.9592e-19
50  1.7975e-16
51  4.3642e-18
52  6.8455e-19
53  5.9383e-20
54  8.5236e-17
55  7.0932e-19
56  4.2648e-19
57  2.6005e-18
58  4.9747e-16
59  5.6600e-17
60  1.6670e-14
61  1.7452e-15
62  2.2538e-15
63  5.6929e-15
64  4.1538e-13
65  1.0837e-13
66  7.1522e-11
67  7.0373e-12
68  4.0262e-11
69  6.1483e-11
70  5.0584e-07
71  2.3471e-08
72  1.0700e-05
73  1.5453e-06
74  3.0785e-06
75  2.0692e-05
76  1.8307e-05
77  3.2870e-05
78  1.1217e-03
79  1.6249e-04
80  2.0684e-03
81  9.6527e-04
82  4.6884e-04
83  8.1102e-06
84  1.4902e-07
85  4.4273e-09
86  5.0631e-09
87  6.7412e-10
88  1.9852e-09
89  1.2376e-10
90  2.3223e-10
91  1.0585e-10
92  2.7594e-10
93  2.3081e-09
94  1.9374e-09
95  1.2831e-09
96  2.9405e-08
97  1.1974e-08
98  8.0116e-07
99  3.0808e-07
100  8.4128e-08
101  6.7725e-08
102  3.6669e-07
103  6.3970e-08
104  3.3358e-08
105  6.1335e-08
106  1.7134e-08
107  3.7277e-09
108  1.5507e-08
109  8.0144e-09
110  4.9128e-09
111  7.4330e-09
112  2.1600e-08
113  1.1335e-08
114  2.3161e-07
115  5.3792e-08
116  7.3421e-08
117  2.3410e-07
118  9.4339e-06
119  1.5957e-06
120  2.9050e-05
121  1.2195e-05
122  3.0428e-05
123  8.2865e-06
124  2.5212e-06
125  7.4324e-06
126  9.3093e-06
127  2.5221e-05
128  4.2553e-04
129  3.4176e-04
130  1.3595e-03
131  8.8713e-04
132  1.5203e-03
133  9.0736e-06
134  1.5466e-08
135  3.3365e-11
136  4.6099e-14
137  7.4599e-17
138  3.0242e-19
139  5.5996e-21
140  4.4003e-23
141  9.2052e-25
142  1.3937e-40
143  1.0428e-31
144  5.2450e-32
145  1.8724e-36
146  2.7328e-41
147  0.0000e+00
148  0.0000e+00
149  0.0000e+00
150  0.0000e+00
151  0.0000e+00
152  0.0000e+00
153  0.0000e+00
154  0.0000e+00
155  0.0000e+00
156  0.0000e+00
157  0.0000e+00
158  0.0000e+00
159  0.0000e+00
160  0.0000e+00
161  0.0000e+00
162  0.0000e+00
163  0.0000e+00
164  0.0000e+00
165  0.0000e+00
166  0.0000e+00
167  0.0000e+00
168  0.0000e+00
169  0.0000e+00
170  0.0000e+00
171  0.0000e+00
172  0.0000e+00
173  0.0000e+00
174  0.0000e+00
175  0.0000e+00
176  0.0000e+00
177  0.0000e+00
178  0.0000e+00
179  0.0000e+00
180  0.0000e+00
181  0.0000e+00
182  0.0000e+00
183  0.0000e+00
184  0.0000e+00
185  0.0000e+00
186  0.0000e+00
187  0.0000e+00
188  0.0000e+00
189  0.0000e+00
190  0.0000e+00
191  0.0000e+00
192  0.0000e+00
193  0.0000e+00
194  0.0000e+00
195  0.0000e+00
196  0.0000e+00
197  0.0000e+00
198  0.0000e+00
199  0.0000e+00
200  0.0000e+00
201  0.0000e+00
202  0.0000e+00
203  0.0000e+00
204  0.0000e+00
205  1.3253e-40
206  1.7961e-25
207  4.4102e-25
208  0.0000e+00
209  2.6813e-25
210  2.6969e-25
211  2.5599e-25
212  0.0000e+00
213  2.4729e-39
214  4.1385e-25
215  1.9080e-52
216  0.0000e+00
217  2.1181e-25
218  2.5063e-29
219  2.6636e-25
220  0.0000e+00
221  1.1393e-27
222  5.8889e-31
223  4.5675e-30
224  0.0000e+00
225  4.1636e-26
226  9.0057e-26
227  1.4614e-25
228  2.2104e-25
229  1.8032e-25
230  3.8042e-24
231  1.2229e-24
232  8.2772e-24
233  3.4536e-24
234  7.4482e-24
235  7.6212e-24
236  5.9778e-24
237  6.3206e-24
238  1.6317e-24
239  4.2010e-24
240  2.8920e-25
241  4.9813e-24
242  2.1351e-24
243  3.0027e-25
244  2.4493e-24
245  2.5197e-25
246  1.1684e-26
247  3.3719e-25
248  2.5930e-25
249  0.0000e+00
250  0.0000e+00
251  0.0000e+00
252  0.0000e+00
253  0.0000e+00
254  0.0000e+00
255  0.0000e+00
256  0.0000e+00
257  0.0000e+00
258  0.0000e+00
259  0.0000e+00
260  0.0000e+00
261  0.0000e+00
262  0.0000e+00
263  0.0000e+00
264  0.0000e+00
265  0.0000e+00
266  0.0000e+00
267  0.0000e+00
268  0.0000e+00
269  0.0000e+00
270  0.0000e+00
271  0.0000e+00
272  0.0000e+00
273  0.0000e+00
274  0.0000e+00
275  0.0000e+00
276  0.0000e+00
277  0.0000e+00
278  0.0000e+00
279  0.0000e+00
280  0.0000e+00
281  0.0000e+00
282  0.0000e+00
283  0.0000e+00
284  0.0000e+00
285  0.0000e+00
286  0.0000e+00
287  0.0000e+00
288  0.0000e+00
289  0.0000e+00
290  0.0000e+00
291  0.0000e+00
292  0.0000e+00
293  0.0000e+00
294  0.0000e+00
295  0.0000e+00
296  0.0000e+00
297  0.0000e+00
298  0.0000e+00
299  0.0000e+00
300  0.0000e+00
301  0.0000e+00
302  0.0000e+00
303  0.0000e+00
304  0.0000e+00
305  0.0000e+00
306  0.0000e+00
307  0.0000e+00
308  0.0000e+00
309  0.0000e+00
310  0.0000e+00
311  0.0000e+00
312  0.0000e+00
313  0.0000e+00
314  0.0000e+00
315  0.0000e+00
316  0.0000e+00
317  0.0000e+00
318  0.0000e+00
319  0.0000e+00
320  0.0000e+00
321  0.0000e+00
322  0.0000e+00
323  0.0000e+00
324  0.0000e+00
325  0.0000e+00
326  0.0000e+00
327  0.0000e+00
328  0.0000e+00
329  0.0000e+00
330  0.0000e+00
331  0.0000e+00
332  0.0000e+00
333  0.0000e+00
334  0.0000e+00
335  0.0000e+00
336  0.0000e+00
337  0.0000e+00

