337
time(s) = 1000000000000 t9 = 1.4085543946093585e-12 rho(g/cc) = 1.8374999999998716e-24 
0  0.0000e+00
1  1.8109e-10
2  4.0469e-15
3  5.8604e-22
4  1.5911e-09
5  0.0000e+00
6  7.7343e-27
7  1.3831e-18
8  4.2717e-08
9  6.8864e-23
10  5.1041e-18
11  4.2712e-21
12  2.2998e-14
13  1.6239e-18
14  4.9376e-21
15  1.3422e-21
16  4.6717e-16
17  1.6792e-19
18  1.0904e-21
19  7.8336e-23
20  6.9620e-16
21  2.8059e-18
22  5.0972e-17
23  8.2194e-20
24  3.5784e-16
25  1.1076e-16
26  2.4294e-16
27  4.1681e-17
28  1.9666e-16
29  1.2244e-17
30  5.1878e-16
31  2.7359e-16
32  4.5510e-16
33  3.5444e-16
34  2.4140e-15
35  2.2981e-15
36  3.5924e-15
37  1.7247e-16
38  4.7604e-16
39  3.7740e-16
40  8.6301e-16
41  4.7315e-16
42  1.9073e-14
43  1.0346e-14
44  3.6080e-14
45  6.5036e-15
46  8.1151e-15
47  4.4803e-14
48  2.8956e-13
49  2.5268e-14
50  1.5506e-14
51  2.4974e-14
52  4.7620e-13
53  1.4170e-12
54  4.1913e-12
55  8.3925e-14
56  1.8725e-13
57  1.7268e-13
58  4.1804e-13
59  5.3187e-13
60  5.4015e-12
61  2.1736e-12
62  1.9243e-12
63  2.8262e-12
64  5.0526e-12
65  5.6141e-12
66  1.5016e-11
67  9.9300e-12
68  7.5078e-12
69  4.2308e-12
70  7.4995e-12
71  3.1582e-12
72  1.3768e-11
73  2.4668e-11
74  4.5739e-11
75  3.9581e-11
76  1.2767e-10
77  8.3368e-10
78  1.1717e-09
79  8.5039e-10
80  5.2225e-09
81  3.7090e-10
82  8.0416e-11
83  1.3116e-10
84  1.0736e-10
85  3.9664e-10
86  2.8881e-09
87  1.9871e-10
88  3.4376e-10
89  8.6775e-10
90  4.7684e-10
91  1.8710e-10
92  1.5481e-09
93  5.8738e-10
94  6.5027e-10
95  5.9532e-10
96  5.7161e-10
97  5.5685e-10
98  1.6164e-09
99  7.3612e-10
100  4.5443e-10
101  4.1184e-10
102  3.7112e-10
103  2.3319e-10
104  4.9872e-10
105  7.7655e-10
106  1.2555e-09
107  6.9191e-10
108  6.5476e-10
109  1.1580e-09
110  1.5794e-09
111  9.3749e-10
112  2.9068e-10
113  1.3954e-10
114  6.8003e-11
115  2.9129e-11
116  6.6799e-11
117  9.3124e-11
118  1.8673e-10
119  8.2553e-11
120  6.5129e-11
121  4.7528e-11
122  3.6609e-11
123  3.4428e-11
124  1.2608e-10
125  8.6889e-10
126  5.3786e-08
127  2.9981e-06
128  2.1190e-05
129  1.2019e-04
130  1.7610e-03
131  1.0578e-03
132  1.2852e-03
133  2.3859e-04
134  4.7094e-04
135  7.7334e-05
136  3.7615e-06
137  4.1358e-07
138  1.8199e-06
139  4.5677e-08
140  8.0745e-08
141  1.3929e-07
142  3.6470e-07
143  3.8984e-07
144  2.4784e-07
145  3.4227e-07
146  1.2934e-06
147  2.0779e-06
148  6.2687e-06
149  4.2329e-06
150  3.4514e-06
151  5.1635e-06
152  4.2598e-06
153  6.4988e-06
154  2.5756e-05
155  1.7408e-05
156  1.5870e-05
157  1.6751e-05
158  2.4296e-05
159  3.6311e-05
160  1.0190e-04
161  9.4591e-05
162  5.9190e-05
163  8.3684e-05
164  2.5028e-04
165  1.3934e-04
166  8.7128e-05
167  9.9883e-05
168  7.8315e-05
169  8.2275e-05
170  1.2929e-04
171  9.6501e-05
172  5.8200e-05
173  5.5676e-05
174  4.8582e-05
175  3.6504e-05
176  4.4069e-05
177  3.7087e-05
178  2.2533e-05
179  1.7409e-05
180  1.1370e-05
181  1.2068e-05
182  1.8768e-05
183  4.7731e-06
184  2.2677e-06
185  1.0651e-06
186  1.8445e-06
187  7.4233e-07
188  8.8098e-07
189  1.8030e-06
190  5.3606e-06
191  1.0988e-05
192  2.2212e-05
193  2.2317e-05
194  2.9572e-05
195  2.1823e-05
196  3.2092e-05
197  7.8481e-06
198  2.3831e-06
199  9.4274e-08
200  2.4584e-09
201  2.0052e-11
202  4.4679e-13
203  3.3215e-14
204  2.0940e-14
205  8.0016e-16
206  1.8351e-16
207  1.1697e-16
208  1.2920e-16
209  7.7852e-17
210  7.4345e-22
211  9.2223e-20
212  2.6559e-25
213  1.1679e-19
214  6.2500e-20
215  1.1598e-46
216  1.3175e-42
217  1.1700e-35
218  6.4667e-29
219  1.3973e-20
220  3.5204e-20
221  1.4947e-20
222  1.2754e-25
223  4.1490e-25
224  3.3181e-25
225  3.9622e-25
226  1.7568e-20
227  1.9905e-20
228  1.0576e-18
229  1.1205e-19
230  8.0903e-19
231  4.1327e-19
232  7.9785e-19
233  3.7942e-19
234  3.6270e-19
235  1.7278e-19
236  1.1368e-19
237  5.2115e-20
238  2.2202e-20
239  4.6207e-21
240  1.1233e-22
241  8.3006e-22
242  7.9358e-22
243  1.6772e-22
244  1.4171e-22
245  7.1603e-23
246  1.6657e-23
247  6.3208e-22
248  1.5108e-21
249  2.8421e-36
250  1.4481e-23
251  4.8816e-29
252  9.7411e-219
253  0.0000e+00
254  6.0260e-72
255  0.0000e+00
256  0.0000e+00
257  0.0000e+00
258  0.0000e+00
259  0.0000e+00
260  0.0000e+00
261  0.0000e+00
262  0.0000e+00
263  0.0000e+00
264  0.0000e+00
265  0.0000e+00
266  0.0000e+00
267  0.0000e+00
268  0.0000e+00
269  0.0000e+00
270  1.4434e-29
271  0.0000e+00
272  0.0000e+00
273  0.0000e+00
274  2.8979e-25
275  0.0000e+00
276  0.0000e+00
277  0.0000e+00
278  0.0000e+00
279  0.0000e+00
280  0.0000e+00
281  0.0000e+00
282  0.0000e+00
283  0.0000e+00
284  0.0000e+00
285  0.0000e+00
286  0.0000e+00
287  0.0000e+00
288  0.0000e+00
289  0.0000e+00
290  0.0000e+00
291  0.0000e+00
292  0.0000e+00
293  0.0000e+00
294  0.0000e+00
295  0.0000e+00
296  0.0000e+00
297  0.0000e+00
298  0.0000e+00
299  0.0000e+00
300  0.0000e+00
301  0.0000e+00
302  0.0000e+00
303  0.0000e+00
304  0.0000e+00
305  0.0000e+00
306  0.0000e+00
307  0.0000e+00
308  0.0000e+00
309  0.0000e+00
310  0.0000e+00
311  0.0000e+00
312  0.0000e+00
313  0.0000e+00
314  0.0000e+00
315  0.0000e+00
316  0.0000e+00
317  0.0000e+00
318  0.0000e+00
319  0.0000e+00
320  0.0000e+00
321  0.0000e+00
322  0.0000e+00
323  0.0000e+00
324  0.0000e+00
325  0.0000e+00
326  0.0000e+00
327  0.0000e+00
328  0.0000e+00
329  0.0000e+00
330  0.0000e+00
331  0.0000e+00
332  0.0000e+00
333  0.0000e+00
334  0.0000e+00
335  0.0000e+00
336  0.0000e+00
337  0.0000e+00

