337
time(s) = 1000000000000 t9 = 2.0175722393657914e-12 rho(g/cc) = 5.3999999999993521e-24 
0  0.0000e+00
1  5.7024e-12
2  1.2330e-16
3  2.5532e-20
4  3.1918e-14
5  0.0000e+00
6  2.1637e-31
7  5.3777e-19
8  5.3800e-08
9  3.4429e-23
10  5.9360e-18
11  1.3686e-20
12  2.4215e-24
13  2.2908e-25
14  1.4412e-21
15  4.2152e-23
16  2.9106e-54
17  5.5317e-27
18  3.5853e-25
19  1.2477e-58
20  5.9503e-43
21  0.0000e+00
22  7.1147e-98
23  4.8509e-43
24  0.0000e+00
25  0.0000e+00
26  0.0000e+00
27  0.0000e+00
28  0.0000e+00
29  0.0000e+00
30  0.0000e+00
31  0.0000e+00
32  3.9642e-39
33  9.3992e-43
34  3.1601e-23
35  5.6199e-24
36  1.3084e-23
37  1.0436e-23
38  5.9999e-24
39  1.6709e-24
40  1.8145e-20
41  1.4483e-22
42  4.5817e-20
43  2.4016e-19
44  1.1020e-19
45  1.3066e-19
46  6.0414e-16
47  5.8133e-16
48  5.7612e-16
49  1.9797e-17
50  2.9692e-14
51  4.9734e-16
52  2.4750e-17
53  4.1677e-17
54  2.3760e-15
55  1.4351e-17
56  6.4443e-17
57  1.3044e-16
58  1.2607e-15
59  3.4657e-16
60  3.6784e-13
61  4.6262e-14
62  2.2844e-13
63  9.3975e-14
64  3.5543e-13
65  3.0207e-13
66  3.2132e-10
67  2.7030e-11
68  1.8949e-10
69  4.6722e-10
70  5.1120e-08
71  2.9834e-09
72  9.3687e-06
73  2.6135e-06
74  1.7067e-05
75  4.2093e-06
76  1.1516e-05
77  4.8115e-05
78  3.4968e-05
79  1.6999e-05
80  4.2681e-04
81  6.9083e-05
82  8.0647e-06
83  6.6649e-08
84  8.3370e-10
85  7.1399e-11
86  2.5075e-10
87  1.6159e-10
88  5.5678e-10
89  3.0854e-11
90  6.1760e-10
91  1.2669e-10
92  2.0272e-09
93  1.1321e-09
94  1.5541e-09
95  4.3772e-09
96  3.6873e-09
97  4.6504e-09
98  6.6194e-07
99  1.4115e-07
100  3.9421e-08
101  1.1315e-07
102  2.9411e-07
103  3.5391e-08
104  2.0064e-07
105  1.5231e-07
106  2.5926e-08
107  2.0981e-08
108  1.0391e-07
109  3.8082e-08
110  1.0391e-07
111  1.2003e-07
112  1.3432e-07
113  1.0015e-07
114  1.0809e-05
115  1.4824e-06
116  3.7737e-06
117  1.2212e-05
118  7.8364e-06
119  4.6622e-06
120  5.7027e-05
121  6.3768e-05
122  5.2667e-04
123  1.1402e-04
124  1.1656e-04
125  8.1601e-05
126  2.7411e-04
127  1.8014e-04
128  2.1762e-04
129  4.5751e-04
130  3.1947e-03
131  1.2355e-03
132  7.8974e-04
133  2.3863e-06
134  2.4847e-09
135  5.0295e-12
136  6.1790e-15
137  9.0979e-18
138  4.9581e-20
139  1.0488e-21
140  6.0681e-24
141  4.9740e-38
142  6.0703e-42
143  6.6671e-33
144  3.3532e-33
145  6.8184e-38
146  2.5952e-42
147  0.0000e+00
148  0.0000e+00
149  0.0000e+00
150  0.0000e+00
151  0.0000e+00
152  0.0000e+00
153  0.0000e+00
154  0.0000e+00
155  0.0000e+00
156  0.0000e+00
157  0.0000e+00
158  0.0000e+00
159  0.0000e+00
160  0.0000e+00
161  0.0000e+00
162  0.0000e+00
163  0.0000e+00
164  0.0000e+00
165  0.0000e+00
166  0.0000e+00
167  0.0000e+00
168  0.0000e+00
169  0.0000e+00
170  0.0000e+00
171  0.0000e+00
172  0.0000e+00
173  0.0000e+00
174  0.0000e+00
175  0.0000e+00
176  0.0000e+00
177  0.0000e+00
178  0.0000e+00
179  0.0000e+00
180  0.0000e+00
181  0.0000e+00
182  0.0000e+00
183  0.0000e+00
184  0.0000e+00
185  0.0000e+00
186  0.0000e+00
187  0.0000e+00
188  0.0000e+00
189  0.0000e+00
190  0.0000e+00
191  0.0000e+00
192  0.0000e+00
193  0.0000e+00
194  0.0000e+00
195  0.0000e+00
196  0.0000e+00
197  0.0000e+00
198  0.0000e+00
199  0.0000e+00
200  0.0000e+00
201  0.0000e+00
202  0.0000e+00
203  0.0000e+00
204  0.0000e+00
205  0.0000e+00
206  0.0000e+00
207  0.0000e+00
208  0.0000e+00
209  0.0000e+00
210  0.0000e+00
211  0.0000e+00
212  0.0000e+00
213  0.0000e+00
214  0.0000e+00
215  0.0000e+00
216  0.0000e+00
217  0.0000e+00
218  0.0000e+00
219  0.0000e+00
220  0.0000e+00
221  0.0000e+00
222  0.0000e+00
223  0.0000e+00
224  0.0000e+00
225  0.0000e+00
226  0.0000e+00
227  0.0000e+00
228  1.2269e-30
229  3.6086e-26
230  1.0269e-25
231  2.2289e-29
232  7.8598e-25
233  2.4789e-25
234  1.1001e-24
235  9.3438e-25
236  4.0048e-25
237  7.2828e-25
238  0.0000e+00
239  3.8493e-25
240  1.6260e-26
241  4.0171e-25
242  0.0000e+00
243  0.0000e+00
244  0.0000e+00
245  0.0000e+00
246  0.0000e+00
247  0.0000e+00
248  0.0000e+00
249  0.0000e+00
250  0.0000e+00
251  0.0000e+00
252  0.0000e+00
253  0.0000e+00
254  0.0000e+00
255  0.0000e+00
256  0.0000e+00
257  0.0000e+00
258  0.0000e+00
259  0.0000e+00
260  0.0000e+00
261  0.0000e+00
262  0.0000e+00
263  0.0000e+00
264  0.0000e+00
265  0.0000e+00
266  0.0000e+00
267  0.0000e+00
268  0.0000e+00
269  0.0000e+00
270  0.0000e+00
271  0.0000e+00
272  0.0000e+00
273  0.0000e+00
274  0.0000e+00
275  0.0000e+00
276  0.0000e+00
277  0.0000e+00
278  0.0000e+00
279  0.0000e+00
280  0.0000e+00
281  0.0000e+00
282  0.0000e+00
283  0.0000e+00
284  0.0000e+00
285  0.0000e+00
286  0.0000e+00
287  0.0000e+00
288  0.0000e+00
289  0.0000e+00
290  0.0000e+00
291  0.0000e+00
292  0.0000e+00
293  0.0000e+00
294  0.0000e+00
295  0.0000e+00
296  0.0000e+00
297  0.0000e+00
298  0.0000e+00
299  0.0000e+00
300  0.0000e+00
301  0.0000e+00
302  0.0000e+00
303  0.0000e+00
304  0.0000e+00
305  0.0000e+00
306  0.0000e+00
307  0.0000e+00
308  0.0000e+00
309  0.0000e+00
310  0.0000e+00
311  0.0000e+00
312  0.0000e+00
313  0.0000e+00
314  0.0000e+00
315  0.0000e+00
316  0.0000e+00
317  0.0000e+00
318  0.0000e+00
319  0.0000e+00
320  0.0000e+00
321  0.0000e+00
322  0.0000e+00
323  0.0000e+00
324  0.0000e+00
325  0.0000e+00
326  0.0000e+00
327  0.0000e+00
328  0.0000e+00
329  0.0000e+00
330  0.0000e+00
331  0.0000e+00
332  0.0000e+00
333  0.0000e+00
334  0.0000e+00
335  0.0000e+00
336  0.0000e+00
337  0.0000e+00

