337
time(s) = 1000000000000 t9 = 2.444114709118657e-12 rho(g/cc) = 9.5999999999984638e-24 
0  0.0000e+00
1  5.1628e-12
2  1.3548e-16
3  3.3489e-20
4  2.7132e-14
5  0.0000e+00
6  2.3749e-30
7  6.7893e-19
8  5.9263e-08
9  7.7486e-23
10  5.7628e-18
11  1.6140e-20
12  2.8281e-24
13  1.0376e-25
14  2.2861e-21
15  3.5119e-23
16  5.1443e-54
17  1.9154e-26
18  6.2469e-25
19  4.2770e-58
20  1.3558e-42
21  0.0000e+00
22  1.0755e-96
23  1.1061e-42
24  0.0000e+00
25  0.0000e+00
26  0.0000e+00
27  0.0000e+00
28  0.0000e+00
29  0.0000e+00
30  0.0000e+00
31  0.0000e+00
32  5.0048e-46
33  0.0000e+00
34  0.0000e+00
35  2.8819e-25
36  3.7184e-25
37  3.9986e-74
38  1.6275e-24
39  5.5183e-27
40  9.2173e-22
41  1.6420e-23
42  4.7939e-22
43  7.8053e-21
44  7.9751e-20
45  6.3042e-21
46  5.9821e-17
47  7.4853e-17
48  1.6300e-15
49  2.4599e-17
50  1.0446e-14
51  2.1858e-16
52  1.7733e-17
53  2.4142e-18
54  1.7960e-15
55  1.2050e-17
56  9.6436e-18
57  7.7081e-17
58  7.3112e-15
59  6.8815e-16
60  2.4128e-13
61  2.1111e-14
62  3.0054e-14
63  8.4074e-14
64  2.0003e-12
65  4.3587e-13
66  3.2815e-10
67  2.8837e-11
68  1.1280e-10
69  2.7816e-10
70  7.0605e-07
71  2.4829e-08
72  1.4797e-05
73  1.6252e-06
74  3.9120e-06
75  1.9930e-05
76  1.3206e-05
77  3.0670e-05
78  5.4208e-04
79  7.2085e-05
80  9.7526e-04
81  3.5479e-04
82  1.1109e-04
83  1.3371e-06
84  1.8664e-08
85  6.1245e-10
86  5.6385e-10
87  6.8291e-11
88  3.5183e-10
89  1.8374e-11
90  4.3129e-11
91  2.1715e-11
92  5.3790e-11
93  5.9106e-10
94  4.1398e-10
95  3.1178e-10
96  7.9136e-09
97  2.6737e-09
98  2.1489e-07
99  7.0032e-08
100  1.6345e-08
101  1.6898e-08
102  9.6899e-08
103  1.2522e-08
104  8.8642e-09
105  1.8016e-08
106  6.7707e-09
107  1.4855e-09
108  2.1456e-08
109  9.8809e-09
110  6.3652e-09
111  1.6510e-08
112  7.5756e-08
113  3.1750e-08
114  8.3209e-07
115  1.9277e-07
116  2.7741e-07
117  1.3195e-06
118  3.0204e-05
119  4.4254e-06
120  9.6322e-05
121  3.5133e-05
122  9.6123e-05
123  2.3053e-05
124  6.7658e-06
125  2.5192e-05
126  2.3961e-05
127  5.8015e-05
128  6.9277e-04
129  4.9380e-04
130  2.1153e-03
131  1.2082e-03
132  1.4693e-03
133  6.4473e-06
134  8.5380e-09
135  1.7902e-11
136  2.0334e-14
137  2.5491e-17
138  9.5568e-20
139  1.7363e-21
140  1.0751e-23
141  1.1035e-26
142  2.6216e-40
143  4.0692e-31
144  2.0466e-31
145  8.0559e-36
146  1.1208e-40
147  0.0000e+00
148  0.0000e+00
149  0.0000e+00
150  0.0000e+00
151  0.0000e+00
152  0.0000e+00
153  0.0000e+00
154  0.0000e+00
155  0.0000e+00
156  0.0000e+00
157  0.0000e+00
158  0.0000e+00
159  0.0000e+00
160  0.0000e+00
161  0.0000e+00
162  0.0000e+00
163  0.0000e+00
164  0.0000e+00
165  0.0000e+00
166  0.0000e+00
167  0.0000e+00
168  0.0000e+00
169  0.0000e+00
170  0.0000e+00
171  0.0000e+00
172  0.0000e+00
173  0.0000e+00
174  0.0000e+00
175  0.0000e+00
176  0.0000e+00
177  0.0000e+00
178  0.0000e+00
179  0.0000e+00
180  0.0000e+00
181  0.0000e+00
182  0.0000e+00
183  0.0000e+00
184  0.0000e+00
185  0.0000e+00
186  0.0000e+00
187  0.0000e+00
188  0.0000e+00
189  0.0000e+00
190  0.0000e+00
191  0.0000e+00
192  0.0000e+00
193  0.0000e+00
194  0.0000e+00
195  0.0000e+00
196  0.0000e+00
197  0.0000e+00
198  0.0000e+00
199  0.0000e+00
200  0.0000e+00
201  0.0000e+00
202  0.0000e+00
203  0.0000e+00
204  0.0000e+00
205  1.6804e-39
206  3.8743e-24
207  3.8883e-24
208  7.9877e-25
209  2.5431e-24
210  1.1573e-24
211  1.1051e-24
212  9.9266e-33
213  6.2099e-39
214  1.4993e-24
215  7.6981e-52
216  0.0000e+00
217  7.0197e-25
218  9.0798e-29
219  1.2694e-24
220  0.0000e+00
221  3.7758e-27
222  2.4428e-30
223  2.0347e-29
224  2.4077e-25
225  2.0764e-25
226  3.7356e-25
227  2.8284e-25
228  7.0236e-25
229  8.4050e-25
230  1.7409e-23
231  5.8795e-24
232  3.3946e-23
233  1.4538e-23
234  2.7353e-23
235  3.2222e-23
236  2.2323e-23
237  2.5253e-23
238  8.2414e-24
239  1.8917e-23
240  8.4016e-25
241  1.6541e-23
242  6.4013e-24
243  1.2000e-24
244  8.8883e-24
245  8.8965e-25
246  3.6595e-26
247  9.3657e-25
248  5.5833e-25
249  3.7939e-39
250  0.0000e+00
251  0.0000e+00
252  0.0000e+00
253  0.0000e+00
254  0.0000e+00
255  0.0000e+00
256  0.0000e+00
257  0.0000e+00
258  0.0000e+00
259  0.0000e+00
260  0.0000e+00
261  0.0000e+00
262  0.0000e+00
263  0.0000e+00
264  0.0000e+00
265  0.0000e+00
266  0.0000e+00
267  0.0000e+00
268  0.0000e+00
269  0.0000e+00
270  0.0000e+00
271  0.0000e+00
272  0.0000e+00
273  0.0000e+00
274  0.0000e+00
275  0.0000e+00
276  0.0000e+00
277  0.0000e+00
278  0.0000e+00
279  0.0000e+00
280  0.0000e+00
281  0.0000e+00
282  0.0000e+00
283  0.0000e+00
284  0.0000e+00
285  0.0000e+00
286  0.0000e+00
287  0.0000e+00
288  0.0000e+00
289  0.0000e+00
290  0.0000e+00
291  0.0000e+00
292  0.0000e+00
293  0.0000e+00
294  0.0000e+00
295  0.0000e+00
296  0.0000e+00
297  0.0000e+00
298  0.0000e+00
299  0.0000e+00
300  0.0000e+00
301  0.0000e+00
302  0.0000e+00
303  0.0000e+00
304  0.0000e+00
305  0.0000e+00
306  0.0000e+00
307  0.0000e+00
308  0.0000e+00
309  0.0000e+00
310  0.0000e+00
311  0.0000e+00
312  0.0000e+00
313  0.0000e+00
314  0.0000e+00
315  0.0000e+00
316  0.0000e+00
317  0.0000e+00
318  0.0000e+00
319  0.0000e+00
320  0.0000e+00
321  0.0000e+00
322  0.0000e+00
323  0.0000e+00
324  0.0000e+00
325  0.0000e+00
326  0.0000e+00
327  0.0000e+00
328  0.0000e+00
329  0.0000e+00
330  0.0000e+00
331  0.0000e+00
332  0.0000e+00
333  0.0000e+00
334  0.0000e+00
335  0.0000e+00
336  0.0000e+00
337  0.0000e+00

