337
time(s) = 1000000000000 t9 = 1.786658690922519e-12 rho(g/cc) = 3.7499999999996246e-24 
0  0.0000e+00
1  5.2518e-12
2  9.5738e-17
3  2.1234e-20
4  2.2416e-14
5  0.0000e+00
6  2.0058e-31
7  4.3613e-19
8  5.0107e-08
9  2.0530e-23
10  6.0536e-18
11  1.1545e-20
12  2.1632e-24
13  4.2315e-25
14  1.4680e-21
15  6.1421e-23
16  3.8590e-54
17  4.7044e-27
18  5.1650e-25
19  1.5452e-58
20  3.7924e-43
21  0.0000e+00
22  7.4944e-98
23  3.0912e-43
24  0.0000e+00
25  0.0000e+00
26  0.0000e+00
27  0.0000e+00
28  0.0000e+00
29  0.0000e+00
30  0.0000e+00
31  0.0000e+00
32  4.7305e-45
33  0.0000e+00
34  0.0000e+00
35  1.0325e-24
36  2.2352e-24
37  2.3065e-65
38  5.5265e-25
39  6.2157e-25
40  1.2110e-21
41  1.0626e-23
42  7.3544e-21
43  2.1623e-20
44  1.1030e-20
45  2.8445e-20
46  6.2483e-17
47  5.4566e-17
48  2.0473e-17
49  2.2988e-18
50  2.6264e-15
51  4.2847e-17
52  3.6079e-18
53  1.0137e-17
54  4.1783e-16
55  2.7647e-18
56  2.9958e-17
57  1.7182e-17
58  7.4517e-17
59  4.4550e-17
60  4.4440e-14
61  8.2712e-15
62  7.1703e-14
63  1.3704e-14
64  5.1974e-14
65  8.0331e-14
66  6.7179e-11
67  7.4560e-12
68  9.1715e-11
69  1.9749e-10
70  5.4369e-09
71  5.6126e-10
72  2.6777e-06
73  1.7219e-06
74  1.2701e-05
75  1.5841e-06
76  6.7577e-06
77  2.7481e-05
78  6.2048e-06
79  5.7566e-06
80  1.4568e-04
81  1.7741e-05
82  1.4612e-06
83  1.0661e-08
84  2.6161e-10
85  3.0536e-11
86  4.1551e-10
87  4.2651e-10
88  4.3087e-10
89  3.0301e-11
90  1.1766e-09
91  3.3871e-10
92  1.0299e-08
93  1.8734e-09
94  2.7737e-09
95  1.2110e-08
96  4.9563e-09
97  9.5092e-09
98  8.6590e-07
99  1.6150e-07
100  8.2232e-08
101  2.1238e-07
102  3.2046e-07
103  4.2330e-08
104  5.4614e-07
105  2.9144e-07
106  4.9364e-08
107  8.3165e-08
108  1.0801e-07
109  4.3227e-08
110  2.3842e-07
111  2.3108e-07
112  1.6554e-07
113  2.7054e-07
114  3.1334e-05
115  4.1289e-06
116  2.6094e-05
117  2.7393e-05
118  1.4510e-05
119  2.1693e-05
120  2.2048e-05
121  3.7002e-05
122  3.3311e-04
123  8.1427e-05
124  1.9425e-04
125  1.5539e-04
126  1.1009e-03
127  2.8581e-04
128  2.2132e-04
129  5.4861e-04
130  3.1520e-03
131  9.4800e-04
132  4.3473e-04
133  1.0594e-06
134  9.7814e-10
135  2.0786e-12
136  3.0686e-15
137  5.2709e-18
138  3.3374e-20
139  7.5306e-22
140  4.1787e-24
141  0.0000e+00
142  0.0000e+00
143  0.0000e+00
144  0.0000e+00
145  0.0000e+00
146  0.0000e+00
147  0.0000e+00
148  0.0000e+00
149  0.0000e+00
150  0.0000e+00
151  0.0000e+00
152  0.0000e+00
153  0.0000e+00
154  0.0000e+00
155  0.0000e+00
156  0.0000e+00
157  0.0000e+00
158  0.0000e+00
159  0.0000e+00
160  0.0000e+00
161  0.0000e+00
162  0.0000e+00
163  0.0000e+00
164  0.0000e+00
165  0.0000e+00
166  0.0000e+00
167  0.0000e+00
168  0.0000e+00
169  0.0000e+00
170  0.0000e+00
171  0.0000e+00
172  0.0000e+00
173  0.0000e+00
174  0.0000e+00
175  0.0000e+00
176  0.0000e+00
177  0.0000e+00
178  0.0000e+00
179  0.0000e+00
180  0.0000e+00
181  0.0000e+00
182  0.0000e+00
183  0.0000e+00
184  0.0000e+00
185  0.0000e+00
186  0.0000e+00
187  0.0000e+00
188  0.0000e+00
189  0.0000e+00
190  0.0000e+00
191  0.0000e+00
192  0.0000e+00
193  0.0000e+00
194  0.0000e+00
195  0.0000e+00
196  0.0000e+00
197  0.0000e+00
198  0.0000e+00
199  0.0000e+00
200  0.0000e+00
201  0.0000e+00
202  0.0000e+00
203  0.0000e+00
204  0.0000e+00
205  0.0000e+00
206  0.0000e+00
207  0.0000e+00
208  0.0000e+00
209  0.0000e+00
210  0.0000e+00
211  0.0000e+00
212  0.0000e+00
213  0.0000e+00
214  0.0000e+00
215  0.0000e+00
216  0.0000e+00
217  0.0000e+00
218  0.0000e+00
219  0.0000e+00
220  0.0000e+00
221  0.0000e+00
222  0.0000e+00
223  0.0000e+00
224  0.0000e+00
225  0.0000e+00
226  0.0000e+00
227  0.0000e+00
228  0.0000e+00
229  0.0000e+00
230  0.0000e+00
231  0.0000e+00
232  0.0000e+00
233  0.0000e+00
234  0.0000e+00
235  0.0000e+00
236  0.0000e+00
237  0.0000e+00
238  0.0000e+00
239  0.0000e+00
240  0.0000e+00
241  0.0000e+00
242  0.0000e+00
243  0.0000e+00
244  0.0000e+00
245  0.0000e+00
246  0.0000e+00
247  0.0000e+00
248  0.0000e+00
249  0.0000e+00
250  0.0000e+00
251  0.0000e+00
252  0.0000e+00
253  0.0000e+00
254  0.0000e+00
255  0.0000e+00
256  0.0000e+00
257  0.0000e+00
258  0.0000e+00
259  0.0000e+00
260  0.0000e+00
261  0.0000e+00
262  0.0000e+00
263  0.0000e+00
264  0.0000e+00
265  0.0000e+00
266  0.0000e+00
267  0.0000e+00
268  0.0000e+00
269  0.0000e+00
270  0.0000e+00
271  0.0000e+00
272  0.0000e+00
273  0.0000e+00
274  0.0000e+00
275  0.0000e+00
276  0.0000e+00
277  0.0000e+00
278  0.0000e+00
279  0.0000e+00
280  0.0000e+00
281  0.0000e+00
282  0.0000e+00
283  0.0000e+00
284  0.0000e+00
285  0.0000e+00
286  0.0000e+00
287  0.0000e+00
288  0.0000e+00
289  0.0000e+00
290  0.0000e+00
291  0.0000e+00
292  0.0000e+00
293  0.0000e+00
294  0.0000e+00
295  0.0000e+00
296  0.0000e+00
297  0.0000e+00
298  0.0000e+00
299  0.0000e+00
300  0.0000e+00
301  0.0000e+00
302  0.0000e+00
303  0.0000e+00
304  0.0000e+00
305  0.0000e+00
306  0.0000e+00
307  0.0000e+00
308  0.0000e+00
309  0.0000e+00
310  0.0000e+00
311  0.0000e+00
312  0.0000e+00
313  0.0000e+00
314  0.0000e+00
315  0.0000e+00
316  0.0000e+00
317  0.0000e+00
318  0.0000e+00
319  0.0000e+00
320  0.0000e+00
321  0.0000e+00
322  0.0000e+00
323  0.0000e+00
324  0.0000e+00
325  0.0000e+00
326  0.0000e+00
327  0.0000e+00
328  0.0000e+00
329  0.0000e+00
330  0.0000e+00
331  0.0000e+00
332  0.0000e+00
333  0.0000e+00
334  0.0000e+00
335  0.0000e+00
336  0.0000e+00
337  0.0000e+00

