337
time(s) = 1000000000000 t9 = 2.9299112101154583e-12 rho(g/cc) = 1.653749999999653e-23 
0  0.0000e+00
1  8.7740e-12
2  5.2224e-16
3  4.1595e-20
4  7.7369e-13
5  0.0000e+00
6  3.0253e-28
7  1.0434e-18
8  6.3925e-08
9  1.5235e-22
10  5.3578e-18
11  1.9563e-20
12  4.1623e-24
13  1.5999e-25
14  4.1223e-21
15  5.9908e-23
16  2.1044e-53
17  3.6731e-26
18  2.0096e-24
19  3.7008e-57
20  2.8632e-42
21  0.0000e+00
22  5.6350e-95
23  2.3355e-42
24  0.0000e+00
25  0.0000e+00
26  0.0000e+00
27  0.0000e+00
28  0.0000e+00
29  0.0000e+00
30  0.0000e+00
31  0.0000e+00
32  0.0000e+00
33  0.0000e+00
34  0.0000e+00
35  0.0000e+00
36  0.0000e+00
37  0.0000e+00
38  0.0000e+00
39  0.0000e+00
40  0.0000e+00
41  0.0000e+00
42  2.1923e-43
43  0.0000e+00
44  3.2144e-24
45  4.2464e-25
46  4.1701e-21
47  7.1498e-21
48  3.8030e-19
49  2.4448e-20
50  4.0438e-18
51  9.8791e-20
52  1.9529e-20
53  1.8524e-21
54  4.0061e-18
55  3.8486e-20
56  2.6277e-20
57  1.0329e-19
58  2.9801e-17
59  5.4422e-18
60  1.5888e-15
61  1.9217e-16
62  2.7398e-16
63  5.0445e-16
64  6.5752e-14
65  2.7916e-14
66  1.8238e-11
67  1.8698e-12
68  1.2913e-11
69  1.7048e-11
70  2.6935e-07
71  1.7613e-08
72  9.0699e-06
73  1.5206e-06
74  3.8050e-06
75  1.8735e-05
76  1.9568e-05
77  4.3510e-05
78  1.2422e-03
79  2.2725e-04
80  3.4978e-03
81  1.5427e-03
82  7.5087e-04
83  1.5896e-05
84  3.5277e-07
85  1.0039e-08
86  2.0843e-08
87  3.6248e-09
88  1.4153e-08
89  9.6046e-10
90  2.4976e-09
91  6.5004e-10
92  1.9811e-09
93  5.1120e-09
94  5.0071e-09
95  3.8570e-09
96  4.3664e-08
97  2.3304e-08
98  1.7515e-06
99  7.1808e-07
100  2.2104e-07
101  1.7227e-07
102  1.1005e-06
103  2.3252e-07
104  1.3916e-07
105  2.6897e-07
106  8.2570e-08
107  1.7672e-08
108  5.9856e-08
109  3.4030e-08
110  2.3975e-08
111  2.6042e-08
112  2.3435e-08
113  1.3065e-08
114  1.7200e-07
115  3.9503e-08
116  4.3848e-08
117  9.1487e-08
118  3.1180e-06
119  5.7857e-07
120  1.2275e-05
121  5.9656e-06
122  1.8617e-05
123  5.2272e-06
124  1.6638e-06
125  3.0477e-06
126  3.9927e-06
127  1.1310e-05
128  1.8561e-04
129  2.0732e-04
130  8.9635e-04
131  6.0405e-04
132  1.1688e-03
133  8.2242e-06
134  1.6201e-08
135  3.4454e-11
136  5.1664e-14
137  9.8113e-17
138  4.3172e-19
139  8.1365e-21
140  7.2259e-23
141  1.6562e-24
142  7.7764e-38
143  3.4664e-32
144  1.7435e-32
145  5.2819e-37
146  9.5367e-42
147  0.0000e+00
148  0.0000e+00
149  0.0000e+00
150  0.0000e+00
151  0.0000e+00
152  0.0000e+00
153  0.0000e+00
154  0.0000e+00
155  0.0000e+00
156  0.0000e+00
157  0.0000e+00
158  0.0000e+00
159  0.0000e+00
160  0.0000e+00
161  0.0000e+00
162  0.0000e+00
163  0.0000e+00
164  0.0000e+00
165  0.0000e+00
166  0.0000e+00
167  0.0000e+00
168  0.0000e+00
169  0.0000e+00
170  0.0000e+00
171  0.0000e+00
172  0.0000e+00
173  0.0000e+00
174  0.0000e+00
175  0.0000e+00
176  0.0000e+00
177  0.0000e+00
178  0.0000e+00
179  0.0000e+00
180  0.0000e+00
181  0.0000e+00
182  0.0000e+00
183  0.0000e+00
184  0.0000e+00
185  0.0000e+00
186  0.0000e+00
187  0.0000e+00
188  0.0000e+00
189  0.0000e+00
190  0.0000e+00
191  0.0000e+00
192  0.0000e+00
193  0.0000e+00
194  0.0000e+00
195  0.0000e+00
196  0.0000e+00
197  0.0000e+00
198  0.0000e+00
199  0.0000e+00
200  0.0000e+00
201  0.0000e+00
202  0.0000e+00
203  0.0000e+00
204  0.0000e+00
205  0.0000e+00
206  0.0000e+00
207  0.0000e+00
208  0.0000e+00
209  0.0000e+00
210  0.0000e+00
211  0.0000e+00
212  0.0000e+00
213  0.0000e+00
214  0.0000e+00
215  0.0000e+00
216  0.0000e+00
217  0.0000e+00
218  1.3862e-25
219  0.0000e+00
220  0.0000e+00
221  0.0000e+00
222  1.2149e-30
223  0.0000e+00
224  0.0000e+00
225  1.6063e-26
226  4.9377e-26
227  1.0081e-25
228  4.5084e-30
229  1.0239e-25
230  1.2219e-24
231  3.6832e-25
232  2.8884e-24
233  8.1216e-25
234  2.3953e-24
235  2.2792e-24
236  1.7479e-24
237  2.2725e-24
238  4.6135e-25
239  1.4296e-24
240  1.6210e-25
241  1.9874e-24
242  7.5962e-25
243  1.1896e-25
244  9.9294e-25
245  1.0271e-25
246  3.6314e-27
247  1.8680e-25
248  0.0000e+00
249  0.0000e+00
250  0.0000e+00
251  0.0000e+00
252  0.0000e+00
253  0.0000e+00
254  0.0000e+00
255  0.0000e+00
256  0.0000e+00
257  0.0000e+00
258  0.0000e+00
259  0.0000e+00
260  0.0000e+00
261  0.0000e+00
262  0.0000e+00
263  0.0000e+00
264  0.0000e+00
265  0.0000e+00
266  0.0000e+00
267  0.0000e+00
268  0.0000e+00
269  0.0000e+00
270  0.0000e+00
271  0.0000e+00
272  0.0000e+00
273  0.0000e+00
274  0.0000e+00
275  0.0000e+00
276  0.0000e+00
277  0.0000e+00
278  0.0000e+00
279  0.0000e+00
280  0.0000e+00
281  0.0000e+00
282  0.0000e+00
283  0.0000e+00
284  0.0000e+00
285  0.0000e+00
286  0.0000e+00
287  0.0000e+00
288  0.0000e+00
289  0.0000e+00
290  0.0000e+00
291  0.0000e+00
292  0.0000e+00
293  0.0000e+00
294  0.0000e+00
295  0.0000e+00
296  0.0000e+00
297  0.0000e+00
298  0.0000e+00
299  0.0000e+00
300  0.0000e+00
301  0.0000e+00
302  0.0000e+00
303  0.0000e+00
304  0.0000e+00
305  0.0000e+00
306  0.0000e+00
307  0.0000e+00
308  0.0000e+00
309  0.0000e+00
310  0.0000e+00
311  0.0000e+00
312  0.0000e+00
313  0.0000e+00
314  0.0000e+00
315  0.0000e+00
316  0.0000e+00
317  0.0000e+00
318  0.0000e+00
319  0.0000e+00
320  0.0000e+00
321  0.0000e+00
322  0.0000e+00
323  0.0000e+00
324  0.0000e+00
325  0.0000e+00
326  0.0000e+00
327  0.0000e+00
328  0.0000e+00
329  0.0000e+00
330  0.0000e+00
331  0.0000e+00
332  0.0000e+00
333  0.0000e+00
334  0.0000e+00
335  0.0000e+00
336  0.0000e+00
337  0.0000e+00

