337
time(s) = 1000000000000 t9 = 2.8361438854784379e-12 rho(g/cc) = 1.4999999999997e-23 
0  0.0000e+00
1  8.1180e-12
2  4.2765e-16
3  4.0211e-20
4  4.6301e-13
5  0.0000e+00
6  1.2852e-28
7  9.8029e-19
8  6.3127e-08
9  1.3656e-22
10  5.4290e-18
11  1.8806e-20
12  3.8976e-24
13  1.4256e-25
14  3.6871e-21
15  5.0484e-23
16  2.4908e-53
17  3.2290e-26
18  1.5849e-24
19  3.7005e-57
20  2.6330e-42
21  0.0000e+00
22  1.3172e-95
23  2.1481e-42
24  0.0000e+00
25  0.0000e+00
26  0.0000e+00
27  0.0000e+00
28  0.0000e+00
29  0.0000e+00
30  0.0000e+00
31  0.0000e+00
32  0.0000e+00
33  0.0000e+00
34  0.0000e+00
35  0.0000e+00
36  0.0000e+00
37  0.0000e+00
38  0.0000e+00
39  0.0000e+00
40  5.4224e-166
41  0.0000e+00
42  1.7229e-26
43  1.6734e-24
44  4.2384e-23
45  3.9732e-24
46  4.1304e-20
47  6.7724e-20
48  5.9238e-18
49  2.4884e-19
50  2.9061e-17
51  7.1097e-19
52  1.2535e-19
53  1.1227e-20
54  1.9561e-17
55  1.7506e-19
56  1.0928e-19
57  5.5029e-19
58  1.2831e-16
59  1.7906e-17
60  5.2862e-15
61  5.9221e-16
62  7.9360e-16
63  1.7535e-15
64  1.7118e-13
65  5.5116e-14
66  3.6549e-11
67  3.6618e-12
68  2.3195e-11
69  3.2719e-11
70  3.7572e-07
71  2.0380e-08
72  9.7639e-06
73  1.5082e-06
74  3.3237e-06
75  1.9769e-05
76  1.8898e-05
77  3.7264e-05
78  1.2179e-03
79  1.9634e-04
80  2.7143e-03
81  1.2459e-03
82  6.2015e-04
83  1.1924e-05
84  2.3967e-07
85  6.9819e-09
86  1.0327e-08
87  1.5226e-09
88  5.0296e-09
89  3.2832e-10
90  7.0346e-10
91  2.2511e-10
92  6.4682e-10
93  3.6818e-09
94  3.3232e-09
95  2.3769e-09
96  3.9116e-08
97  1.8152e-08
98  1.2716e-06
99  5.0787e-07
100  1.4756e-07
101  1.1678e-07
102  6.8860e-07
103  1.3294e-07
104  7.2851e-08
105  1.3838e-07
106  4.0360e-08
107  8.7451e-09
108  3.0844e-08
109  1.6640e-08
110  1.0741e-08
111  1.3135e-08
112  1.9389e-08
113  1.0779e-08
114  1.9062e-07
115  4.3648e-08
116  5.3490e-08
117  1.4306e-07
118  5.4959e-06
119  9.7797e-07
120  1.9059e-05
121  8.6144e-06
122  2.3748e-05
123  6.5801e-06
124  2.0360e-06
125  4.7328e-06
126  6.1141e-06
127  1.7314e-05
128  2.9295e-04
129  2.7289e-04
130  1.1287e-03
131  7.5035e-04
132  1.3771e-03
133  8.9721e-06
134  1.6512e-08
135  3.5483e-11
136  5.1571e-14
137  9.0978e-17
138  3.8556e-19
139  7.2227e-21
140  6.0797e-23
141  1.3399e-24
142  9.2445e-39
143  6.1328e-32
144  3.0845e-32
145  1.0676e-36
146  1.6418e-41
147  0.0000e+00
148  0.0000e+00
149  0.0000e+00
150  0.0000e+00
151  0.0000e+00
152  0.0000e+00
153  0.0000e+00
154  0.0000e+00
155  0.0000e+00
156  0.0000e+00
157  0.0000e+00
158  0.0000e+00
159  0.0000e+00
160  0.0000e+00
161  0.0000e+00
162  0.0000e+00
163  0.0000e+00
164  0.0000e+00
165  0.0000e+00
166  0.0000e+00
167  0.0000e+00
168  0.0000e+00
169  0.0000e+00
170  0.0000e+00
171  0.0000e+00
172  0.0000e+00
173  0.0000e+00
174  0.0000e+00
175  0.0000e+00
176  0.0000e+00
177  0.0000e+00
178  0.0000e+00
179  0.0000e+00
180  0.0000e+00
181  0.0000e+00
182  0.0000e+00
183  0.0000e+00
184  0.0000e+00
185  0.0000e+00
186  0.0000e+00
187  0.0000e+00
188  0.0000e+00
189  0.0000e+00
190  0.0000e+00
191  0.0000e+00
192  0.0000e+00
193  0.0000e+00
194  0.0000e+00
195  0.0000e+00
196  0.0000e+00
197  0.0000e+00
198  0.0000e+00
199  0.0000e+00
200  0.0000e+00
201  0.0000e+00
202  0.0000e+00
203  0.0000e+00
204  0.0000e+00
205  0.0000e+00
206  0.0000e+00
207  0.0000e+00
208  0.0000e+00
209  0.0000e+00
210  0.0000e+00
211  0.0000e+00
212  0.0000e+00
213  0.0000e+00
214  1.8537e-25
215  0.0000e+00
216  0.0000e+00
217  1.6543e-25
218  1.5456e-42
219  0.0000e+00
220  0.0000e+00
221  8.8983e-28
222  9.8084e-26
223  8.7820e-26
224  0.0000e+00
225  2.2719e-26
226  8.8291e-26
227  8.2310e-26
228  9.9908e-26
229  1.0107e-25
230  2.1828e-24
231  7.1650e-25
232  4.9726e-24
233  1.9828e-24
234  4.5116e-24
235  4.3825e-24
236  3.5124e-24
237  3.7694e-24
238  8.9657e-25
239  2.4719e-24
240  2.0751e-25
241  3.1749e-24
242  1.3396e-24
243  1.9612e-25
244  1.5665e-24
245  1.6295e-25
246  7.1845e-27
247  2.7542e-25
248  0.0000e+00
249  0.0000e+00
250  0.0000e+00
251  0.0000e+00
252  0.0000e+00
253  0.0000e+00
254  0.0000e+00
255  0.0000e+00
256  0.0000e+00
257  0.0000e+00
258  0.0000e+00
259  0.0000e+00
260  0.0000e+00
261  0.0000e+00
262  0.0000e+00
263  0.0000e+00
264  0.0000e+00
265  0.0000e+00
266  0.0000e+00
267  0.0000e+00
268  0.0000e+00
269  0.0000e+00
270  0.0000e+00
271  0.0000e+00
272  0.0000e+00
273  0.0000e+00
274  0.0000e+00
275  0.0000e+00
276  0.0000e+00
277  0.0000e+00
278  0.0000e+00
279  0.0000e+00
280  0.0000e+00
281  0.0000e+00
282  0.0000e+00
283  0.0000e+00
284  0.0000e+00
285  0.0000e+00
286  0.0000e+00
287  0.0000e+00
288  0.0000e+00
289  0.0000e+00
290  0.0000e+00
291  0.0000e+00
292  0.0000e+00
293  0.0000e+00
294  0.0000e+00
295  0.0000e+00
296  0.0000e+00
297  0.0000e+00
298  0.0000e+00
299  0.0000e+00
300  0.0000e+00
301  0.0000e+00
302  0.0000e+00
303  0.0000e+00
304  0.0000e+00
305  0.0000e+00
306  0.0000e+00
307  0.0000e+00
308  0.0000e+00
309  0.0000e+00
310  0.0000e+00
311  0.0000e+00
312  0.0000e+00
313  0.0000e+00
314  0.0000e+00
315  0.0000e+00
316  0.0000e+00
317  0.0000e+00
318  0.0000e+00
319  0.0000e+00
320  0.0000e+00
321  0.0000e+00
322  0.0000e+00
323  0.0000e+00
324  0.0000e+00
325  0.0000e+00
326  0.0000e+00
327  0.0000e+00
328  0.0000e+00
329  0.0000e+00
330  0.0000e+00
331  0.0000e+00
332  0.0000e+00
333  0.0000e+00
334  0.0000e+00
335  0.0000e+00
336  0.0000e+00
337  0.0000e+00

