337
time(s) = 1000000000000 t9 = 9.6994756509651543e-13 rho(g/cc) = 5.9999999999997599e-25 
0  0.0000e+00
1  1.3797e-04
2  7.6626e-12
3  2.6279e-19
4  3.9976e-03
5  0.0000e+00
6  1.5151e-31
7  3.2096e-18
8  3.2438e-08
9  3.9643e-23
10  3.6073e-18
11  2.5968e-21
12  6.3696e-19
13  2.5538e-13
14  2.6564e-11
15  2.6241e-12
16  3.6621e-13
17  4.0286e-14
18  6.4284e-06
19  8.9379e-06
20  7.2782e-07
21  3.2236e-10
22  1.9734e-06
23  1.1417e-09
24  8.9743e-10
25  5.7894e-09
26  6.6069e-09
27  1.1797e-08
28  3.3352e-08
29  8.7989e-09
30  2.4231e-09
31  3.0665e-09
32  2.2429e-08
33  2.1101e-08
34  2.0323e-08
35  1.4397e-08
36  1.2284e-08
37  1.2231e-09
38  1.8057e-09
39  8.6172e-11
40  4.9486e-09
41  1.8926e-08
42  1.5104e-08
43  3.4379e-08
44  1.0275e-07
45  1.7926e-08
46  2.7953e-08
47  3.3600e-08
48  1.6346e-08
49  1.4044e-08
50  2.0393e-08
51  7.4833e-09
52  1.5095e-08
53  2.4442e-09
54  1.6834e-08
55  1.0080e-08
56  2.9108e-08
57  9.5144e-09
58  1.4074e-08
59  3.0622e-09
60  1.2118e-08
61  5.8025e-09
62  2.4154e-08
63  1.5467e-08
64  1.7136e-08
65  6.5156e-09
66  8.5811e-09
67  6.6386e-09
68  1.4879e-08
69  1.0284e-08
70  9.8712e-09
71  9.5321e-09
72  1.3349e-08
73  7.5928e-09
74  2.2727e-08
75  7.3825e-08
76  3.2466e-07
77  1.7279e-06
78  2.3614e-06
79  1.4153e-06
80  7.1878e-07
81  2.5684e-07
82  6.8382e-07
83  8.8308e-08
84  8.6589e-08
85  8.2941e-08
86  8.1343e-08
87  8.3386e-08
88  5.9959e-07
89  2.2297e-07
90  2.2362e-07
91  2.2723e-07
92  1.3047e-07
93  1.4947e-07
94  2.6239e-07
95  3.6710e-07
96  4.5557e-07
97  3.8691e-07
98  1.7699e-07
99  1.2043e-07
100  1.3101e-07
101  1.1900e-07
102  1.8079e-07
103  1.3332e-07
104  8.8546e-07
105  3.6170e-07
106  1.2472e-05
107  2.6470e-06
108  2.6836e-06
109  3.9242e-06
110  1.0739e-05
111  6.9795e-06
112  1.2279e-06
113  2.2058e-07
114  8.6399e-07
115  5.4815e-08
116  1.4439e-07
117  1.4123e-07
118  8.8656e-07
119  3.4804e-06
120  1.7046e-05
121  1.5486e-05
122  1.7714e-05
123  9.0649e-06
124  6.5745e-06
125  1.2742e-05
126  2.7404e-05
127  3.5724e-05
128  6.0498e-05
129  5.4098e-05
130  4.9870e-05
131  4.0777e-05
132  5.7598e-05
133  3.7437e-05
134  1.9609e-05
135  4.0120e-06
136  1.2529e-05
137  2.2726e-07
138  7.9482e-07
139  2.0443e-08
140  1.0843e-05
141  7.5498e-06
142  9.4893e-07
143  4.0158e-06
144  1.2249e-06
145  1.4664e-08
146  8.4519e-07
147  2.7789e-08
148  3.5405e-08
149  4.3090e-08
150  6.0584e-08
151  1.1108e-07
152  1.5917e-07
153  9.6257e-08
154  1.6087e-07
155  1.2141e-07
156  1.5977e-07
157  2.1243e-07
158  3.2851e-07
159  2.7883e-07
160  3.2666e-07
161  3.7169e-07
162  4.6822e-07
163  5.2561e-07
164  4.4821e-07
165  4.1211e-07
166  2.8676e-07
167  4.8431e-07
168  5.9231e-07
169  3.3482e-07
170  2.8066e-07
171  2.7700e-07
172  2.3293e-07
173  2.9062e-07
174  4.6380e-07
175  3.8049e-07
176  3.2681e-07
177  3.7868e-07
178  3.8024e-07
179  4.3439e-07
180  4.2848e-07
181  3.9981e-07
182  4.0350e-07
183  1.9341e-07
184  2.0226e-07
185  1.2661e-07
186  5.4024e-07
187  6.1995e-07
188  2.5618e-06
189  6.1280e-06
190  1.4634e-05
191  2.1593e-05
192  5.4328e-05
193  1.5188e-04
194  4.0263e-04
195  3.2203e-04
196  3.3281e-04
197  1.1830e-04
198  2.1014e-04
199  9.7582e-05
200  5.3325e-05
201  6.1759e-05
202  1.0499e-04
203  4.6920e-05
204  3.5077e-05
205  3.9011e-05
206  2.5866e-04
207  2.5192e-04
208  2.1068e-04
209  2.3567e-04
210  7.0199e-07
211  6.4716e-13
212  5.9064e-12
213  3.0732e-13
214  4.5421e-13
215  1.5355e-18
216  6.9985e-18
217  1.4156e-18
218  7.8777e-15
219  2.4733e-16
220  2.7022e-15
221  1.2511e-14
222  1.3995e-11
223  6.1717e-11
224  1.5248e-11
225  3.8517e-11
226  2.1403e-06
227  2.9610e-06
228  4.8601e-05
229  1.0892e-05
230  9.9646e-05
231  6.1550e-05
232  1.5870e-04
233  1.0006e-04
234  1.4320e-04
235  1.2440e-04
236  1.2476e-04
237  9.0237e-05
238  4.9631e-05
239  3.6741e-05
240  1.0570e-06
241  4.1813e-05
242  4.4354e-05
243  1.0262e-05
244  1.7823e-05
245  4.7234e-06
246  1.3802e-06
247  3.7713e-05
248  7.2934e-05
249  7.6177e-25
250  1.7911e-06
251  3.9183e-14
252  5.3037e-39
253  -5.9414e-318
254  3.0438e-317
255  2.2012e-319
256  1.6339e-319
257  0.0000e+00
258  0.0000e+00
259  0.0000e+00
260  0.0000e+00
261  0.0000e+00
262  0.0000e+00
263  0.0000e+00
264  0.0000e+00
265  0.0000e+00
266  0.0000e+00
267  6.7470e-320
268  1.0042e-29
269  6.1933e-29
270  6.0776e-28
271  7.8690e-35
272  1.5629e-08
273  7.8705e-08
274  1.0360e-12
275  9.2109e-13
276  5.8014e-12
277  1.6704e-21
278  1.4632e-22
279  0.0000e+00
280  0.0000e+00
281  0.0000e+00
282  0.0000e+00
283  0.0000e+00
284  0.0000e+00
285  0.0000e+00
286  0.0000e+00
287  0.0000e+00
288  0.0000e+00
289  0.0000e+00
290  0.0000e+00
291  0.0000e+00
292  0.0000e+00
293  0.0000e+00
294  0.0000e+00
295  0.0000e+00
296  0.0000e+00
297  0.0000e+00
298  0.0000e+00
299  0.0000e+00
300  0.0000e+00
301  0.0000e+00
302  0.0000e+00
303  0.0000e+00
304  0.0000e+00
305  0.0000e+00
306  0.0000e+00
307  0.0000e+00
308  0.0000e+00
309  2.3867e-26
310  4.2258e-21
311  3.4158e-23
312  9.3242e-26
313  0.0000e+00
314  0.0000e+00
315  0.0000e+00
316  0.0000e+00
317  0.0000e+00
318  0.0000e+00
319  0.0000e+00
320  0.0000e+00
321  0.0000e+00
322  0.0000e+00
323  0.0000e+00
324  0.0000e+00
325  0.0000e+00
326  0.0000e+00
327  0.0000e+00
328  0.0000e+00
329  0.0000e+00
330  0.0000e+00
331  0.0000e+00
332  0.0000e+00
333  0.0000e+00
334  0.0000e+00
335  0.0000e+00
336  0.0000e+00
337  0.0000e+00

