337
time(s) = 1000000000000 t9 = 2.1281578194689478e-12 rho(g/cc) = 6.3374999999991764e-24 
0  0.0000e+00
1  5.2385e-12
2  1.1052e-16
3  2.7701e-20
4  3.1635e-14
5  0.0000e+00
6  3.1429e-31
7  5.5898e-19
8  5.5372e-08
9  4.3438e-23
10  5.9068e-18
11  1.4377e-20
12  2.4848e-24
13  9.2291e-26
14  1.5914e-21
15  3.8829e-23
16  1.9669e-54
17  7.4308e-27
18  3.7812e-25
19  1.0469e-58
20  7.6764e-43
21  0.0000e+00
22  1.2029e-97
23  6.2600e-43
24  0.0000e+00
25  0.0000e+00
26  0.0000e+00
27  0.0000e+00
28  0.0000e+00
29  0.0000e+00
30  0.0000e+00
31  0.0000e+00
32  4.8396e-39
33  2.7413e-40
34  3.1021e-23
35  3.4082e-24
36  8.0224e-24
37  8.7055e-24
38  8.5822e-24
39  8.0173e-25
40  1.9147e-20
41  1.7133e-22
42  3.0422e-20
43  2.2008e-19
44  1.8311e-19
45  8.0159e-20
46  6.4443e-16
47  6.5510e-16
48  1.4941e-15
49  3.3124e-17
50  4.1164e-14
51  7.1289e-16
52  2.9704e-17
53  2.9933e-17
54  3.2970e-15
55  1.9580e-17
56  5.4151e-17
57  1.9160e-16
58  3.4499e-15
59  6.5557e-16
60  5.3033e-13
61  5.4779e-14
62  1.8618e-13
63  1.4727e-13
64  7.0697e-13
65  3.8239e-13
66  4.3510e-10
67  3.3938e-11
68  1.7434e-10
69  5.1387e-10
70  1.3434e-07
71  6.4634e-09
72  1.2967e-05
73  2.2617e-06
74  1.2908e-05
75  7.2350e-06
76  1.1648e-05
77  4.6345e-05
78  7.9701e-05
79  2.4753e-05
80  5.6309e-04
81  1.0845e-04
82  1.5814e-05
83  1.4096e-07
84  1.6794e-09
85  9.8588e-11
86  2.2375e-10
87  9.7409e-11
88  6.5933e-10
89  3.4306e-11
90  3.8760e-10
91  6.7032e-11
92  6.9092e-10
93  1.0574e-09
94  1.0851e-09
95  2.2373e-09
96  4.7252e-09
97  3.7453e-09
98  5.2477e-07
99  1.2577e-07
100  2.9308e-08
101  7.1961e-08
102  2.5303e-07
103  2.9516e-08
104  9.0209e-08
105  9.0427e-08
106  1.7449e-08
107  8.5260e-09
108  8.7703e-08
109  3.1663e-08
110  4.9741e-08
111  7.6049e-08
112  1.3649e-07
113  7.3717e-08
114  5.8299e-06
115  8.5712e-07
116  1.3757e-06
117  7.6838e-06
118  1.0547e-05
119  2.7096e-06
120  1.0403e-04
121  7.0418e-05
122  4.6651e-04
123  9.8079e-05
124  5.6873e-05
125  4.9910e-05
126  8.8413e-05
127  1.3620e-04
128  2.9228e-04
129  4.6052e-04
130  3.0470e-03
131  1.3087e-03
132  9.8136e-04
133  3.2410e-06
134  3.5642e-09
135  7.2420e-12
136  8.2551e-15
137  1.0793e-17
138  5.0940e-20
139  1.0295e-21
140  5.9361e-24
141  3.5497e-27
142  4.7305e-41
143  8.3836e-32
144  4.2166e-32
145  1.6882e-36
146  2.0224e-41
147  0.0000e+00
148  0.0000e+00
149  0.0000e+00
150  0.0000e+00
151  0.0000e+00
152  0.0000e+00
153  0.0000e+00
154  0.0000e+00
155  0.0000e+00
156  0.0000e+00
157  0.0000e+00
158  0.0000e+00
159  0.0000e+00
160  0.0000e+00
161  0.0000e+00
162  0.0000e+00
163  0.0000e+00
164  0.0000e+00
165  0.0000e+00
166  0.0000e+00
167  0.0000e+00
168  0.0000e+00
169  0.0000e+00
170  0.0000e+00
171  0.0000e+00
172  0.0000e+00
173  0.0000e+00
174  0.0000e+00
175  0.0000e+00
176  0.0000e+00
177  0.0000e+00
178  0.0000e+00
179  0.0000e+00
180  0.0000e+00
181  0.0000e+00
182  0.0000e+00
183  0.0000e+00
184  0.0000e+00
185  0.0000e+00
186  0.0000e+00
187  0.0000e+00
188  0.0000e+00
189  0.0000e+00
190  0.0000e+00
191  0.0000e+00
192  0.0000e+00
193  0.0000e+00
194  0.0000e+00
195  0.0000e+00
196  0.0000e+00
197  0.0000e+00
198  0.0000e+00
199  0.0000e+00
200  0.0000e+00
201  0.0000e+00
202  0.0000e+00
203  0.0000e+00
204  0.0000e+00
205  0.0000e+00
206  0.0000e+00
207  0.0000e+00
208  0.0000e+00
209  9.3002e-27
210  3.5200e-29
211  0.0000e+00
212  0.0000e+00
213  1.6390e-25
214  2.3662e-25
215  0.0000e+00
216  0.0000e+00
217  3.7225e-50
218  2.2314e-25
219  2.1272e-25
220  0.0000e+00
221  0.0000e+00
222  1.1740e-30
223  3.1388e-30
224  0.0000e+00
225  1.1991e-25
226  6.9875e-26
227  1.2045e-25
228  9.5608e-30
229  1.4694e-25
230  2.6063e-24
231  8.7544e-25
232  6.1259e-24
233  3.0152e-24
234  7.1262e-24
235  7.9680e-24
236  5.0304e-24
237  5.6514e-24
238  1.5635e-24
239  4.6760e-24
240  2.4954e-25
241  3.9607e-24
242  1.1833e-24
243  3.4044e-25
244  2.3837e-24
245  2.4549e-25
246  8.1038e-27
247  2.9577e-25
248  0.0000e+00
249  0.0000e+00
250  0.0000e+00
251  0.0000e+00
252  0.0000e+00
253  0.0000e+00
254  0.0000e+00
255  0.0000e+00
256  0.0000e+00
257  0.0000e+00
258  0.0000e+00
259  0.0000e+00
260  0.0000e+00
261  0.0000e+00
262  0.0000e+00
263  0.0000e+00
264  0.0000e+00
265  0.0000e+00
266  0.0000e+00
267  0.0000e+00
268  0.0000e+00
269  0.0000e+00
270  0.0000e+00
271  0.0000e+00
272  0.0000e+00
273  0.0000e+00
274  0.0000e+00
275  0.0000e+00
276  0.0000e+00
277  0.0000e+00
278  0.0000e+00
279  0.0000e+00
280  0.0000e+00
281  0.0000e+00
282  0.0000e+00
283  0.0000e+00
284  0.0000e+00
285  0.0000e+00
286  0.0000e+00
287  0.0000e+00
288  0.0000e+00
289  0.0000e+00
290  0.0000e+00
291  0.0000e+00
292  0.0000e+00
293  0.0000e+00
294  0.0000e+00
295  0.0000e+00
296  0.0000e+00
297  0.0000e+00
298  0.0000e+00
299  0.0000e+00
300  0.0000e+00
301  0.0000e+00
302  0.0000e+00
303  0.0000e+00
304  0.0000e+00
305  0.0000e+00
306  0.0000e+00
307  0.0000e+00
308  0.0000e+00
309  0.0000e+00
310  0.0000e+00
311  0.0000e+00
312  0.0000e+00
313  0.0000e+00
314  0.0000e+00
315  0.0000e+00
316  0.0000e+00
317  0.0000e+00
318  0.0000e+00
319  0.0000e+00
320  0.0000e+00
321  0.0000e+00
322  0.0000e+00
323  0.0000e+00
324  0.0000e+00
325  0.0000e+00
326  0.0000e+00
327  0.0000e+00
328  0.0000e+00
329  0.0000e+00
330  0.0000e+00
331  0.0000e+00
332  0.0000e+00
333  0.0000e+00
334  0.0000e+00
335  0.0000e+00
336  0.0000e+00
337  0.0000e+00

