337
time(s) = 1000000000000 t9 = 1.2709908670302745e-12 rho(g/cc) = 1.3499999999999187e-24 
0  0.0000e+00
1  2.5829e-11
2  2.0839e-16
3  1.7006e-23
4  1.3378e-09
5  0.0000e+00
6  1.2238e-26
7  3.9293e-19
8  3.9628e-08
9  4.1834e-23
10  6.1069e-18
11  3.1240e-21
12  1.2344e-14
13  7.2215e-19
14  2.4203e-21
15  1.2508e-22
16  2.9534e-16
17  8.6918e-20
18  1.3503e-21
19  2.2811e-23
20  3.9327e-16
21  1.2138e-18
22  2.6168e-17
23  3.3177e-20
24  1.9797e-16
25  5.7075e-17
26  1.2195e-16
27  2.1419e-17
28  1.0401e-16
29  5.3514e-18
30  2.9284e-16
31  1.4684e-16
32  2.4384e-16
33  1.8950e-16
34  1.3340e-15
35  9.9796e-16
36  1.4417e-15
37  1.0027e-16
38  2.1986e-16
39  1.7762e-16
40  4.6316e-16
41  2.4984e-16
42  1.1929e-14
43  3.8757e-15
44  1.3488e-14
45  2.4748e-15
46  5.3570e-15
47  1.8737e-14
48  1.2261e-13
49  1.0204e-14
50  4.8699e-15
51  6.4187e-15
52  4.8325e-13
53  4.8075e-13
54  1.4191e-12
55  2.5619e-14
56  6.4734e-14
57  5.4048e-14
58  1.5209e-13
59  3.7488e-13
60  3.2235e-12
61  9.2102e-13
62  6.7404e-13
63  1.1020e-12
64  1.9378e-12
65  3.5670e-12
66  9.2665e-12
67  4.0197e-12
68  3.2284e-12
69  1.9579e-12
70  2.8356e-12
71  2.4242e-12
72  1.3187e-11
73  1.3246e-11
74  2.1922e-11
75  1.7473e-11
76  4.3302e-11
77  2.6878e-10
78  3.5670e-10
79  2.3611e-10
80  1.6445e-09
81  1.1311e-10
82  8.9717e-12
83  1.9168e-11
84  8.6167e-11
85  1.4085e-10
86  9.8348e-10
87  5.4857e-11
88  8.2870e-11
89  2.2874e-10
90  2.1837e-10
91  6.2071e-11
92  4.4049e-10
93  1.1888e-10
94  1.9331e-10
95  1.8261e-10
96  1.1327e-10
97  1.3432e-10
98  5.3981e-10
99  1.5959e-10
100  1.0333e-10
101  1.2987e-10
102  8.2328e-11
103  6.3233e-11
104  2.4491e-10
105  2.0253e-10
106  2.9286e-10
107  1.8392e-10
108  1.8899e-10
109  5.0268e-10
110  7.0648e-10
111  3.4673e-10
112  9.4504e-11
113  6.0357e-11
114  2.7939e-11
115  1.3891e-11
116  2.8544e-11
117  7.7291e-11
118  1.5003e-10
119  5.7728e-11
120  3.5747e-11
121  2.6056e-11
122  1.5166e-11
123  2.1964e-11
124  1.7828e-10
125  1.4850e-09
126  9.5379e-09
127  2.3842e-07
128  1.7257e-06
129  2.7178e-05
130  4.3543e-04
131  3.3015e-04
132  6.8612e-04
133  3.4786e-05
134  6.8287e-05
135  1.9169e-05
136  6.1018e-07
137  1.8773e-08
138  6.8040e-08
139  1.9916e-08
140  4.4705e-08
141  1.9421e-07
142  1.6013e-07
143  1.5241e-07
144  1.2976e-07
145  4.3476e-07
146  3.1390e-06
147  2.3439e-06
148  6.5278e-06
149  4.6292e-06
150  3.9281e-06
151  7.7649e-06
152  1.1638e-05
153  1.6780e-05
154  6.0285e-05
155  3.0614e-05
156  3.0519e-05
157  3.7689e-05
158  1.0406e-04
159  1.1738e-04
160  2.4448e-04
161  2.3181e-04
162  1.5960e-04
163  1.7696e-04
164  6.4834e-04
165  2.9547e-04
166  1.3898e-04
167  1.4375e-04
168  1.8706e-04
169  1.4785e-04
170  2.3152e-04
171  1.6759e-04
172  7.4391e-05
173  7.3870e-05
174  1.0753e-04
175  7.5498e-05
176  8.8571e-05
177  6.2328e-05
178  3.7768e-05
179  3.1436e-05
180  2.9209e-05
181  4.0583e-05
182  8.3610e-05
183  1.5599e-05
184  6.2739e-06
185  3.6235e-06
186  1.5327e-05
187  6.6899e-06
188  5.6344e-06
189  6.3511e-06
190  2.1194e-05
191  6.7073e-05
192  1.4232e-04
193  1.0547e-04
194  9.0603e-05
195  7.1056e-05
196  1.2866e-04
197  2.7276e-05
198  6.0068e-06
199  2.0630e-07
200  4.1028e-09
201  2.4769e-11
202  3.8631e-13
203  1.3874e-14
204  6.4596e-15
205  1.5420e-16
206  1.0269e-17
207  2.0662e-18
208  1.4037e-18
209  5.8735e-19
210  1.2699e-22
211  5.6951e-31
212  5.9064e-22
213  6.5073e-36
214  3.7304e-30
215  1.6307e-22
216  5.3895e-45
217  2.5851e-22
218  6.9177e-23
219  3.0889e-29
220  3.1452e-22
221  1.3905e-24
222  7.8438e-28
223  2.1263e-23
224  3.2901e-27
225  2.9485e-23
226  3.2668e-23
227  3.6350e-23
228  2.9114e-21
229  2.4532e-22
230  1.4998e-21
231  7.3269e-22
232  1.5420e-21
233  1.3384e-21
234  4.9971e-22
235  8.5017e-20
236  1.1578e-19
237  1.7856e-19
238  3.5748e-20
239  1.3990e-19
240  5.4098e-21
241  2.6479e-19
242  4.0078e-19
243  6.2509e-20
244  9.6648e-20
245  3.3774e-20
246  8.9262e-21
247  2.2784e-19
248  6.3630e-19
249  1.0040e-33
250  9.4788e-21
251  1.5351e-26
252  1.0045e-221
253  0.0000e+00
254  4.0917e-73
255  0.0000e+00
256  0.0000e+00
257  0.0000e+00
258  0.0000e+00
259  0.0000e+00
260  0.0000e+00
261  0.0000e+00
262  0.0000e+00
263  0.0000e+00
264  0.0000e+00
265  0.0000e+00
266  0.0000e+00
267  0.0000e+00
268  3.6717e-30
269  3.6530e-26
270  6.6118e-28
271  8.8940e-26
272  5.4451e-23
273  3.2978e-24
274  3.0631e-22
275  7.8544e-24
276  0.0000e+00
277  8.4280e-25
278  0.0000e+00
279  0.0000e+00
280  0.0000e+00
281  0.0000e+00
282  0.0000e+00
283  0.0000e+00
284  0.0000e+00
285  0.0000e+00
286  0.0000e+00
287  0.0000e+00
288  0.0000e+00
289  0.0000e+00
290  0.0000e+00
291  0.0000e+00
292  0.0000e+00
293  0.0000e+00
294  0.0000e+00
295  0.0000e+00
296  0.0000e+00
297  0.0000e+00
298  0.0000e+00
299  0.0000e+00
300  0.0000e+00
301  0.0000e+00
302  0.0000e+00
303  0.0000e+00
304  0.0000e+00
305  0.0000e+00
306  0.0000e+00
307  0.0000e+00
308  0.0000e+00
309  0.0000e+00
310  0.0000e+00
311  0.0000e+00
312  0.0000e+00
313  0.0000e+00
314  0.0000e+00
315  0.0000e+00
316  0.0000e+00
317  0.0000e+00
318  0.0000e+00
319  0.0000e+00
320  0.0000e+00
321  0.0000e+00
322  0.0000e+00
323  0.0000e+00
324  0.0000e+00
325  0.0000e+00
326  0.0000e+00
327  0.0000e+00
328  0.0000e+00
329  0.0000e+00
330  0.0000e+00
331  0.0000e+00
332  0.0000e+00
333  0.0000e+00
334  0.0000e+00
335  0.0000e+00
336  0.0000e+00
337  0.0000e+00

