337
time(s) = 1000000000000 t9 = 2.5449204438843349e-12 rho(g/cc) = 1.0837499999998157e-23 
0  0.0000e+00
1  5.7899e-12
2  1.8345e-16
3  3.5370e-20
4  4.4203e-14
5  0.0000e+00
6  6.1862e-30
7  7.5442e-19
8  6.0348e-08
9  9.1326e-23
10  5.6792e-18
11  1.6909e-20
12  3.0858e-24
13  1.1317e-25
14  2.6659e-21
15  3.7536e-23
16  8.3238e-54
17  2.3588e-26
18  8.8364e-25
19  8.8861e-58
20  1.6573e-42
21  0.0000e+00
22  6.3886e-97
23  1.3522e-42
24  0.0000e+00
25  0.0000e+00
26  0.0000e+00
27  0.0000e+00
28  0.0000e+00
29  0.0000e+00
30  0.0000e+00
31  0.0000e+00
32  0.0000e+00
33  0.0000e+00
34  0.0000e+00
35  0.0000e+00
36  0.0000e+00
37  0.0000e+00
38  7.5812e-90
39  1.7006e-32
40  1.4410e-22
41  2.9408e-24
42  6.9983e-23
43  1.2675e-21
44  2.0757e-20
45  1.5607e-21
46  1.3737e-17
47  1.8724e-17
48  6.0827e-16
49  9.2099e-18
50  3.4577e-15
51  7.7575e-17
52  8.4501e-18
53  8.5465e-19
54  8.3943e-16
55  6.0455e-18
56  4.0678e-18
57  3.1288e-17
58  3.9495e-15
59  3.6627e-16
60  1.1486e-13
61  1.0630e-14
62  1.4014e-14
63  4.0308e-14
64  1.4894e-12
65  3.1654e-13
66  2.1796e-10
67  2.0269e-11
68  9.0076e-11
69  1.8089e-10
70  7.1820e-07
71  2.6587e-08
72  1.3231e-05
73  1.6225e-06
74  3.2703e-06
75  2.1068e-05
76  1.5280e-05
77  2.9291e-05
78  7.5763e-04
79  9.7918e-05
80  1.2190e-03
81  5.1247e-04
82  1.9791e-04
83  2.7024e-06
84  4.1400e-08
85  1.2903e-09
86  1.1554e-09
87  1.3266e-10
88  4.4936e-10
89  2.4958e-11
90  4.7831e-11
91  2.9137e-11
92  6.6376e-11
93  7.1116e-10
94  5.3690e-10
95  3.4692e-10
96  1.0897e-08
97  3.7053e-09
98  2.6287e-07
99  9.0962e-08
100  2.2108e-08
101  1.9900e-08
102  1.0381e-07
103  1.4676e-08
104  8.5017e-09
105  1.6343e-08
106  5.6936e-09
107  1.2341e-09
108  1.3245e-08
109  6.5397e-09
110  4.0748e-09
111  9.8271e-09
112  4.8145e-08
113  2.1442e-08
114  4.8687e-07
115  1.1727e-07
116  1.7581e-07
117  7.1479e-07
118  2.3111e-05
119  3.5139e-06
120  6.5843e-05
121  2.4469e-05
122  5.9528e-05
123  1.5210e-05
124  4.5290e-06
125  1.7634e-05
126  1.8650e-05
127  4.5557e-05
128  6.6546e-04
129  4.6051e-04
130  1.8384e-03
131  1.1175e-03
132  1.5610e-03
133  7.6252e-06
134  1.0983e-08
135  2.3344e-11
136  2.8213e-14
137  3.8108e-17
138  1.4395e-19
139  2.6140e-21
140  1.7486e-23
141  2.2506e-25
142  1.7254e-40
143  2.6997e-31
144  1.3578e-31
145  5.1541e-36
146  7.3767e-41
147  0.0000e+00
148  0.0000e+00
149  0.0000e+00
150  0.0000e+00
151  0.0000e+00
152  0.0000e+00
153  0.0000e+00
154  0.0000e+00
155  0.0000e+00
156  0.0000e+00
157  0.0000e+00
158  0.0000e+00
159  0.0000e+00
160  0.0000e+00
161  0.0000e+00
162  0.0000e+00
163  0.0000e+00
164  0.0000e+00
165  0.0000e+00
166  0.0000e+00
167  0.0000e+00
168  0.0000e+00
169  0.0000e+00
170  0.0000e+00
171  0.0000e+00
172  0.0000e+00
173  0.0000e+00
174  0.0000e+00
175  0.0000e+00
176  0.0000e+00
177  0.0000e+00
178  0.0000e+00
179  0.0000e+00
180  0.0000e+00
181  0.0000e+00
182  0.0000e+00
183  0.0000e+00
184  0.0000e+00
185  0.0000e+00
186  0.0000e+00
187  0.0000e+00
188  0.0000e+00
189  0.0000e+00
190  0.0000e+00
191  0.0000e+00
192  0.0000e+00
193  0.0000e+00
194  0.0000e+00
195  0.0000e+00
196  0.0000e+00
197  0.0000e+00
198  0.0000e+00
199  0.0000e+00
200  0.0000e+00
201  0.0000e+00
202  0.0000e+00
203  0.0000e+00
204  0.0000e+00
205  1.0549e-39
206  1.4879e-24
207  2.1082e-24
208  5.1660e-26
209  1.4271e-24
210  7.3514e-25
211  7.0135e-25
212  1.0792e-25
213  3.5444e-25
214  9.5601e-25
215  5.0109e-52
216  0.0000e+00
217  8.9673e-50
218  5.7895e-29
219  8.0018e-25
220  0.0000e+00
221  4.4925e-25
222  1.5708e-30
223  1.3154e-29
224  0.0000e+00
225  6.4607e-30
226  2.4021e-25
227  1.7977e-25
228  5.8731e-25
229  5.4523e-25
230  1.1199e-23
231  3.7369e-24
232  2.2342e-23
233  9.5104e-24
234  1.8357e-23
235  2.0778e-23
236  1.4997e-23
237  1.6666e-23
238  5.0186e-24
239  1.1969e-23
240  5.8916e-25
241  1.1549e-23
242  4.6535e-24
243  7.7795e-25
244  5.9498e-24
245  6.1132e-25
246  2.6034e-26
247  6.8476e-25
248  4.1967e-25
249  2.6793e-39
250  0.0000e+00
251  0.0000e+00
252  0.0000e+00
253  0.0000e+00
254  0.0000e+00
255  0.0000e+00
256  0.0000e+00
257  0.0000e+00
258  0.0000e+00
259  0.0000e+00
260  0.0000e+00
261  0.0000e+00
262  0.0000e+00
263  0.0000e+00
264  0.0000e+00
265  0.0000e+00
266  0.0000e+00
267  0.0000e+00
268  0.0000e+00
269  0.0000e+00
270  0.0000e+00
271  0.0000e+00
272  0.0000e+00
273  0.0000e+00
274  0.0000e+00
275  0.0000e+00
276  0.0000e+00
277  0.0000e+00
278  0.0000e+00
279  0.0000e+00
280  0.0000e+00
281  0.0000e+00
282  0.0000e+00
283  0.0000e+00
284  0.0000e+00
285  0.0000e+00
286  0.0000e+00
287  0.0000e+00
288  0.0000e+00
289  0.0000e+00
290  0.0000e+00
291  0.0000e+00
292  0.0000e+00
293  0.0000e+00
294  0.0000e+00
295  0.0000e+00
296  0.0000e+00
297  0.0000e+00
298  0.0000e+00
299  0.0000e+00
300  0.0000e+00
301  0.0000e+00
302  0.0000e+00
303  0.0000e+00
304  0.0000e+00
305  0.0000e+00
306  0.0000e+00
307  0.0000e+00
308  0.0000e+00
309  0.0000e+00
310  0.0000e+00
311  0.0000e+00
312  0.0000e+00
313  0.0000e+00
314  0.0000e+00
315  0.0000e+00
316  0.0000e+00
317  0.0000e+00
318  0.0000e+00
319  0.0000e+00
320  0.0000e+00
321  0.0000e+00
322  0.0000e+00
323  0.0000e+00
324  0.0000e+00
325  0.0000e+00
326  0.0000e+00
327  0.0000e+00
328  0.0000e+00
329  0.0000e+00
330  0.0000e+00
331  0.0000e+00
332  0.0000e+00
333  0.0000e+00
334  0.0000e+00
335  0.0000e+00
336  0.0000e+00
337  0.0000e+00

