337
time(s) = 1000000000000 t9 = 1.6654691884438316e-12 rho(g/cc) = 3.0374999999997276e-24 
0  0.0000e+00
1  4.1766e-12
2  6.7858e-17
3  1.9131e-20
4  6.2645e-15
5  0.0000e+00
6  4.4766e-31
7  3.6166e-19
8  4.7923e-08
9  1.5479e-23
10  6.1360e-18
11  3.4515e-21
12  7.5302e-25
13  5.5572e-24
14  3.7863e-21
15  9.2645e-23
16  1.1400e-24
17  6.1026e-24
18  2.9585e-24
19  1.1311e-57
20  1.6707e-27
21  1.5703e-97
22  1.4602e-97
23  3.9400e-44
24  2.2964e-47
25  0.0000e+00
26  0.0000e+00
27  3.2860e-47
28  9.5218e-52
29  0.0000e+00
30  0.0000e+00
31  3.5301e-51
32  0.0000e+00
33  0.0000e+00
34  0.0000e+00
35  0.0000e+00
36  0.0000e+00
37  0.0000e+00
38  0.0000e+00
39  0.0000e+00
40  0.0000e+00
41  0.0000e+00
42  0.0000e+00
43  0.0000e+00
44  1.8088e-184
45  3.3399e-58
46  3.1017e-24
47  4.0764e-24
48  9.0606e-24
49  8.0080e-25
50  2.1329e-21
51  5.3229e-23
52  5.9773e-24
53  2.1267e-23
54  6.0117e-21
55  4.5296e-23
56  7.3525e-22
57  2.3752e-22
58  1.4709e-21
59  1.0101e-21
60  1.5303e-18
61  3.5630e-19
62  3.9471e-18
63  1.1768e-18
64  7.4378e-18
65  1.3673e-17
66  2.2403e-14
67  3.1364e-15
68  5.1462e-14
69  2.1816e-13
70  5.9117e-12
71  8.0595e-13
72  4.6680e-09
73  4.5677e-09
74  3.4817e-08
75  5.4884e-09
76  3.1188e-08
77  1.3040e-07
78  2.9141e-08
79  3.9325e-08
80  1.0340e-06
81  1.7090e-07
82  3.3098e-08
83  5.2874e-10
84  8.8342e-11
85  6.6523e-12
86  3.1662e-10
87  2.2963e-10
88  1.7459e-10
89  1.5394e-11
90  7.1199e-10
91  2.3677e-10
92  9.6557e-09
93  1.2511e-09
94  1.2667e-09
95  6.2297e-09
96  2.5332e-09
97  5.8142e-09
98  3.8755e-07
99  7.2784e-08
100  5.1911e-08
101  1.1459e-07
102  1.4720e-07
103  2.2054e-08
104  3.6716e-07
105  1.6930e-07
106  3.0727e-08
107  6.3942e-08
108  5.2376e-08
109  2.3332e-08
110  1.4751e-07
111  1.5141e-07
112  1.1055e-07
113  2.7494e-07
114  3.1113e-05
115  4.2227e-06
116  3.9110e-05
117  2.8822e-05
118  1.6026e-05
119  3.1467e-05
120  1.9697e-05
121  2.4855e-05
122  1.9449e-04
123  5.4153e-05
124  1.7249e-04
125  1.6396e-04
126  1.4914e-03
127  3.1881e-04
128  2.4997e-04
129  6.3351e-04
130  3.1429e-03
131  8.3991e-04
132  3.3036e-04
133  7.3284e-07
134  6.6413e-10
135  1.6236e-12
136  2.5914e-15
137  4.5654e-18
138  3.0144e-20
139  7.5262e-22
140  4.2190e-24
141  2.3781e-37
142  2.4363e-42
143  2.1930e-32
144  1.1030e-32
145  3.2156e-37
146  1.0416e-42
147  0.0000e+00
148  0.0000e+00
149  0.0000e+00
150  0.0000e+00
151  0.0000e+00
152  0.0000e+00
153  0.0000e+00
154  0.0000e+00
155  0.0000e+00
156  0.0000e+00
157  0.0000e+00
158  0.0000e+00
159  0.0000e+00
160  0.0000e+00
161  0.0000e+00
162  0.0000e+00
163  0.0000e+00
164  0.0000e+00
165  0.0000e+00
166  0.0000e+00
167  0.0000e+00
168  0.0000e+00
169  0.0000e+00
170  0.0000e+00
171  0.0000e+00
172  0.0000e+00
173  0.0000e+00
174  0.0000e+00
175  0.0000e+00
176  0.0000e+00
177  0.0000e+00
178  0.0000e+00
179  0.0000e+00
180  0.0000e+00
181  0.0000e+00
182  0.0000e+00
183  0.0000e+00
184  0.0000e+00
185  0.0000e+00
186  0.0000e+00
187  0.0000e+00
188  0.0000e+00
189  0.0000e+00
190  0.0000e+00
191  0.0000e+00
192  0.0000e+00
193  0.0000e+00
194  0.0000e+00
195  0.0000e+00
196  0.0000e+00
197  0.0000e+00
198  0.0000e+00
199  0.0000e+00
200  0.0000e+00
201  0.0000e+00
202  0.0000e+00
203  0.0000e+00
204  0.0000e+00
205  0.0000e+00
206  0.0000e+00
207  0.0000e+00
208  0.0000e+00
209  0.0000e+00
210  0.0000e+00
211  0.0000e+00
212  0.0000e+00
213  0.0000e+00
214  0.0000e+00
215  0.0000e+00
216  0.0000e+00
217  0.0000e+00
218  0.0000e+00
219  0.0000e+00
220  0.0000e+00
221  0.0000e+00
222  0.0000e+00
223  0.0000e+00
224  0.0000e+00
225  0.0000e+00
226  8.1101e-27
227  0.0000e+00
228  4.9241e-31
229  0.0000e+00
230  1.3263e-25
231  4.9848e-29
232  3.1607e-25
233  1.3932e-26
234  1.5080e-24
235  2.4344e-24
236  1.6428e-24
237  2.1572e-24
238  1.0866e-25
239  1.7238e-24
240  1.4095e-25
241  2.1288e-24
242  6.3199e-25
243  1.9050e-25
244  1.2401e-24
245  1.7444e-25
246  6.0434e-27
247  2.7064e-25
248  0.0000e+00
249  0.0000e+00
250  0.0000e+00
251  0.0000e+00
252  0.0000e+00
253  0.0000e+00
254  0.0000e+00
255  0.0000e+00
256  0.0000e+00
257  0.0000e+00
258  0.0000e+00
259  0.0000e+00
260  0.0000e+00
261  0.0000e+00
262  0.0000e+00
263  0.0000e+00
264  0.0000e+00
265  0.0000e+00
266  0.0000e+00
267  0.0000e+00
268  0.0000e+00
269  0.0000e+00
270  0.0000e+00
271  0.0000e+00
272  0.0000e+00
273  0.0000e+00
274  0.0000e+00
275  0.0000e+00
276  0.0000e+00
277  0.0000e+00
278  0.0000e+00
279  0.0000e+00
280  0.0000e+00
281  0.0000e+00
282  0.0000e+00
283  0.0000e+00
284  0.0000e+00
285  0.0000e+00
286  0.0000e+00
287  0.0000e+00
288  0.0000e+00
289  0.0000e+00
290  0.0000e+00
291  0.0000e+00
292  0.0000e+00
293  0.0000e+00
294  0.0000e+00
295  0.0000e+00
296  0.0000e+00
297  0.0000e+00
298  0.0000e+00
299  0.0000e+00
300  0.0000e+00
301  0.0000e+00
302  0.0000e+00
303  0.0000e+00
304  0.0000e+00
305  0.0000e+00
306  0.0000e+00
307  0.0000e+00
308  0.0000e+00
309  0.0000e+00
310  0.0000e+00
311  0.0000e+00
312  0.0000e+00
313  0.0000e+00
314  0.0000e+00
315  0.0000e+00
316  0.0000e+00
317  0.0000e+00
318  0.0000e+00
319  0.0000e+00
320  0.0000e+00
321  0.0000e+00
322  0.0000e+00
323  0.0000e+00
324  0.0000e+00
325  0.0000e+00
326  0.0000e+00
327  0.0000e+00
328  0.0000e+00
329  0.0000e+00
330  0.0000e+00
331  0.0000e+00
332  0.0000e+00
333  0.0000e+00
334  0.0000e+00
335  0.0000e+00
336  0.0000e+00
337  0.0000e+00

