337
time(s) = 10000000 t9 = 2.8606251425773001e-09 rho(g/cc) = 1.08374998157625e-13 
0  0.0000e+00
1  1.0661e-07
2  1.5969e-10
3  1.0858e-13
4  1.6013e-05
5  0.0000e+00
6  2.9005e-31
7  1.8188e-15
8  1.0476e-03
9  7.3446e-20
10  6.3346e-12
11  3.5273e-12
12  2.3935e-08
13  1.9549e-08
14  6.6925e-03
15  1.4682e-03
16  1.8100e-05
17  2.0662e-07
18  1.3290e-03
19  1.7830e-03
20  5.9134e-04
21  5.0899e-06
22  1.9651e-03
23  1.1079e-05
24  3.5984e-06
25  4.7427e-06
26  1.7590e-05
27  1.4925e-06
28  6.9231e-06
29  2.8545e-06
30  3.4687e-06
31  1.5773e-06
32  1.1330e-05
33  5.3805e-06
34  6.9716e-06
35  9.1534e-06
36  1.3350e-05
37  2.7101e-06
38  1.9102e-06
39  4.5644e-07
40  1.1665e-06
41  2.4940e-06
42  3.3248e-06
43  6.5966e-06
44  2.6145e-05
45  1.5027e-05
46  2.7558e-05
47  1.4882e-05
48  2.3355e-05
49  1.4725e-05
50  1.0443e-05
51  1.1735e-05
52  1.0280e-05
53  6.5154e-06
54  1.1094e-05
55  1.6376e-06
56  3.5089e-06
57  1.2919e-06
58  5.0782e-06
59  1.4211e-06
60  2.8373e-06
61  1.2764e-06
62  4.3557e-06
63  1.1767e-06
64  4.5208e-06
65  1.6792e-06
66  5.4981e-06
67  2.2158e-06
68  6.6028e-06
69  2.2942e-06
70  2.8412e-06
71  1.5565e-06
72  2.9052e-06
73  2.0871e-06
74  2.9665e-06
75  5.9493e-07
76  1.0580e-05
77  3.2808e-05
78  9.8374e-05
79  1.1266e-04
80  1.5336e-04
81  6.8891e-05
82  5.2167e-05
83  1.5373e-05
84  8.6646e-06
85  3.1567e-06
86  1.9796e-06
87  7.0898e-07
88  8.1889e-07
89  9.2287e-07
90  1.9207e-06
91  2.2036e-06
92  2.1790e-06
93  1.2943e-06
94  1.8728e-06
95  1.7621e-06
96  3.4379e-06
97  3.0525e-06
98  1.4111e-06
99  9.2949e-07
100  1.4486e-06
101  7.5190e-07
102  1.5234e-06
103  5.1529e-07
104  1.2300e-06
105  4.7019e-07
106  1.1121e-06
107  7.1301e-07
108  1.2600e-06
109  8.6617e-08
110  6.2936e-07
111  1.9054e-07
112  7.5378e-07
113  2.1132e-07
114  1.8859e-06
115  6.3387e-07
116  2.0014e-06
117  4.7953e-07
118  1.9294e-06
119  4.8077e-07
120  3.4840e-06
121  1.7671e-06
122  1.0594e-05
123  2.6527e-06
124  7.7148e-06
125  3.2737e-06
126  6.0833e-06
127  2.2996e-06
128  1.8465e-05
129  3.0996e-05
130  8.0007e-05
131  7.7581e-05
132  1.0730e-04
133  5.6825e-05
134  5.0125e-05
135  2.6672e-05
136  3.3997e-05
137  1.2274e-05
138  6.9199e-06
139  2.1851e-07
140  1.7182e-07
141  1.1385e-07
142  2.1673e-07
143  1.3267e-07
144  5.7928e-07
145  8.8969e-08
146  4.5144e-07
147  6.1663e-08
148  3.0509e-07
149  1.0220e-07
150  1.6230e-07
151  1.1954e-07
152  3.7402e-07
153  3.7780e-08
154  1.8400e-07
155  1.3268e-07
156  3.8281e-07
157  1.9506e-07
158  2.2484e-07
159  2.2052e-07
160  2.8128e-07
161  2.0640e-07
162  4.0586e-07
163  5.6352e-07
164  7.5321e-07
165  1.3722e-06
166  1.3867e-06
167  2.0255e-06
168  2.8055e-06
169  7.1856e-07
170  1.9939e-06
171  1.2960e-06
172  1.7708e-06
173  3.4875e-07
174  1.2012e-06
175  1.2282e-06
176  6.2289e-07
177  1.6697e-06
178  1.4648e-06
179  1.0859e-06
180  1.4361e-06
181  9.2492e-07
182  1.4401e-06
183  1.0041e-06
184  1.3793e-06
185  3.8464e-07
186  1.3036e-06
187  4.6506e-07
188  3.3700e-07
189  3.2931e-07
190  4.3981e-07
191  8.6660e-08
192  1.6216e-07
193  1.6916e-07
194  7.0973e-07
195  1.2515e-06
196  1.6834e-05
197  9.6733e-06
198  8.9889e-05
199  5.5903e-05
200  3.4445e-05
201  7.9451e-06
202  1.2810e-06
203  1.7693e-07
204  9.2254e-08
205  3.8658e-08
206  2.6647e-08
207  7.8159e-08
208  1.1893e-07
209  8.1418e-08
210  1.1307e-07
211  6.5885e-14
212  2.3621e-12
213  1.7962e-14
214  3.4294e-15
215  1.5168e-20
216  2.8042e-18
217  8.1460e-20
218  5.9590e-17
219  2.5127e-17
220  1.0910e-15
221  7.2633e-16
222  1.0597e-13
223  6.1490e-12
224  6.1350e-12
225  2.1551e-12
226  1.6152e-08
227  8.2719e-09
228  1.9307e-08
229  1.8307e-08
230  3.9784e-08
231  2.9536e-08
232  7.8294e-08
233  4.2092e-08
234  1.8418e-07
235  8.1563e-08
236  2.8760e-07
237  2.3022e-07
238  5.4722e-07
239  3.5857e-07
240  1.5502e-06
241  1.2905e-06
242  4.9901e-06
243  2.7369e-06
244  3.5701e-06
245  4.5825e-06
246  4.3233e-06
247  1.6829e-06
248  6.4741e-06
249  3.7103e-06
250  4.3577e-06
251  4.7539e-06
252  4.7876e-06
253  8.8828e-07
254  6.5573e-07
255  2.6897e-07
256  6.1131e-30
257  1.5557e-07
258  1.1158e-06
259  3.8981e-08
260  7.1910e-07
261  1.9464e-06
262  2.7924e-06
263  9.2860e-06
264  1.1559e-05
265  1.7427e-05
266  6.7290e-05
267  3.7087e-05
268  3.8063e-05
269  1.1037e-04
270  1.9983e-05
271  5.7700e-05
272  6.2182e-05
273  4.5565e-04
274  6.3326e-05
275  3.8856e-05
276  1.7156e-05
277  2.4930e-06
278  4.6545e-06
279  3.6287e-06
280  3.7691e-06
281  2.6601e-06
282  1.0769e-05
283  2.4558e-06
284  8.5328e-07
285  3.0299e-08
286  3.5071e-08
287  3.9741e-07
288  6.1390e-07
289  6.3043e-07
290  1.9263e-06
291  1.1469e-06
292  9.6673e-06
293  1.0043e-05
294  4.6579e-06
295  8.0726e-06
296  1.0356e-05
297  8.3616e-06
298  1.5303e-05
299  1.6891e-05
300  7.8126e-06
301  1.9201e-05
302  1.3334e-05
303  2.7608e-05
304  1.5278e-04
305  2.6372e-06
306  5.5559e-04
307  4.0163e-05
308  1.4204e-05
309  1.7067e-06
310  3.9433e-08
311  1.3940e-09
312  2.4376e-11
313  3.7534e-13
314  6.3757e-15
315  5.5813e-17
316  2.1595e-18
317  9.4105e-21
318  6.2791e-22
319  1.0946e-24
320  2.3763e-26
321  0.0000e+00
322  0.0000e+00
323  0.0000e+00
324  0.0000e+00
325  0.0000e+00
326  0.0000e+00
327  0.0000e+00
328  0.0000e+00
329  0.0000e+00
330  0.0000e+00
331  0.0000e+00
332  0.0000e+00
333  0.0000e+00
334  0.0000e+00
335  0.0000e+00
336  0.0000e+00
337  0.0000e+00

