337
time(s) = 10000000 t9 = 2.9717345061732744e-09 rho(g/cc) = 1.2149999781300001e-13 
0  0.0000e+00
1  8.8841e-08
2  1.0214e-10
3  5.0847e-14
4  1.5011e-05
5  0.0000e+00
6  2.0046e-31
7  1.0167e-15
8  1.0442e-03
9  2.4512e-20
10  5.5806e-12
11  2.5331e-12
12  1.0761e-08
13  7.9047e-09
14  7.1629e-03
15  9.7253e-04
16  1.1987e-05
17  1.4132e-07
18  1.2678e-03
19  1.7047e-03
20  5.9885e-04
21  3.6286e-06
22  2.1164e-03
23  9.5206e-06
24  3.8002e-06
25  4.3698e-06
26  1.8032e-05
27  1.4595e-06
28  5.7020e-06
29  2.5813e-06
30  3.2280e-06
31  1.4270e-06
32  1.1417e-05
33  5.2271e-06
34  5.9859e-06
35  8.8049e-06
36  1.3306e-05
37  2.3662e-06
38  1.8737e-06
39  4.2340e-07
40  1.0713e-06
41  2.4845e-06
42  3.1357e-06
43  6.8638e-06
44  2.7220e-05
45  1.4235e-05
46  2.2718e-05
47  1.1419e-05
48  2.0328e-05
49  1.1887e-05
50  7.8459e-06
51  9.0143e-06
52  9.4266e-06
53  5.3509e-06
54  9.1295e-06
55  1.3756e-06
56  2.6280e-06
57  9.3804e-07
58  3.7255e-06
59  1.0247e-06
60  2.1719e-06
61  1.0521e-06
62  3.1372e-06
63  9.3615e-07
64  3.6671e-06
65  1.4503e-06
66  4.2668e-06
67  1.8084e-06
68  4.4730e-06
69  1.6742e-06
70  2.0738e-06
71  1.1885e-06
72  2.3275e-06
73  1.7090e-06
74  2.3002e-06
75  5.3324e-07
76  9.1811e-06
77  3.3265e-05
78  9.9323e-05
79  1.1733e-04
80  1.6694e-04
81  6.8723e-05
82  4.6932e-05
83  1.4930e-05
84  8.3792e-06
85  2.7734e-06
86  2.0131e-06
87  8.6612e-07
88  1.1176e-06
89  1.3503e-06
90  2.6213e-06
91  2.8938e-06
92  2.6923e-06
93  1.5566e-06
94  2.2086e-06
95  2.1016e-06
96  3.9345e-06
97  3.5998e-06
98  1.6803e-06
99  1.1470e-06
100  1.7900e-06
101  9.2579e-07
102  1.8783e-06
103  6.7548e-07
104  1.5366e-06
105  6.1812e-07
106  1.3988e-06
107  8.7778e-07
108  1.4498e-06
109  1.0019e-07
110  7.8503e-07
111  2.4900e-07
112  1.0674e-06
113  3.2485e-07
114  2.8775e-06
115  9.4757e-07
116  2.7377e-06
117  6.4580e-07
118  2.3183e-06
119  5.5752e-07
120  3.3970e-06
121  1.7415e-06
122  9.3856e-06
123  2.4162e-06
124  6.4194e-06
125  2.7379e-06
126  4.9466e-06
127  2.4413e-06
128  1.9891e-05
129  3.1992e-05
130  8.3506e-05
131  7.3876e-05
132  9.9408e-05
133  5.5972e-05
134  5.3622e-05
135  2.6877e-05
136  3.3050e-05
137  1.1818e-05
138  6.7429e-06
139  1.9150e-07
140  2.1912e-07
141  1.6604e-07
142  2.8185e-07
143  1.6847e-07
144  6.1628e-07
145  9.5271e-08
146  4.0673e-07
147  5.6000e-08
148  2.5217e-07
149  8.3355e-08
150  1.3303e-07
151  1.0297e-07
152  3.4426e-07
153  3.5284e-08
154  1.8582e-07
155  1.3392e-07
156  3.7106e-07
157  1.9902e-07
158  2.2930e-07
159  2.2288e-07
160  2.9419e-07
161  2.2998e-07
162  4.5919e-07
163  6.6188e-07
164  8.6748e-07
165  1.5783e-06
166  1.5489e-06
167  2.2122e-06
168  2.9477e-06
169  7.8701e-07
170  2.1149e-06
171  1.3258e-06
172  1.8927e-06
173  4.1363e-07
174  1.5583e-06
175  1.5775e-06
176  8.2202e-07
177  2.1035e-06
178  1.7389e-06
179  1.3276e-06
180  1.7128e-06
181  1.1555e-06
182  1.7516e-06
183  1.1937e-06
184  1.5753e-06
185  4.4551e-07
186  1.3442e-06
187  4.6497e-07
188  3.1054e-07
189  2.8645e-07
190  3.6623e-07
191  7.6799e-08
192  1.7259e-07
193  1.9694e-07
194  9.6481e-07
195  1.8030e-06
196  2.1837e-05
197  1.2498e-05
198  9.5593e-05
199  5.4734e-05
200  2.8817e-05
201  5.9567e-06
202  8.5541e-07
203  1.3586e-07
204  8.0607e-08
205  2.8246e-08
206  2.3957e-08
207  7.9779e-08
208  1.2030e-07
209  8.0792e-08
210  1.1381e-07
211  6.4185e-14
212  3.0016e-12
213  1.9854e-14
214  4.1098e-15
215  1.6062e-20
216  3.5634e-18
217  9.0045e-20
218  7.1412e-17
219  2.4405e-17
220  1.3863e-15
221  8.0288e-16
222  1.2700e-13
223  5.9908e-12
224  7.7958e-12
225  2.3828e-12
226  1.9359e-08
227  1.0729e-08
228  2.5359e-08
229  2.5336e-08
230  5.4850e-08
231  4.1971e-08
232  1.0765e-07
233  5.9731e-08
234  2.5084e-07
235  1.1185e-07
236  4.1472e-07
237  3.4054e-07
238  8.2468e-07
239  5.6234e-07
240  2.3015e-06
241  1.8919e-06
242  6.4835e-06
243  3.4393e-06
244  4.0546e-06
245  5.1390e-06
246  4.5689e-06
247  1.7491e-06
248  6.3075e-06
249  3.5238e-06
250  4.1438e-06
251  4.4636e-06
252  4.5378e-06
253  8.1442e-07
254  6.0813e-07
255  2.5193e-07
256  7.2350e-30
257  1.4038e-07
258  9.9797e-07
259  3.7486e-08
260  6.6422e-07
261  2.1601e-06
262  3.0544e-06
263  1.0248e-05
264  1.1736e-05
265  1.8226e-05
266  7.3200e-05
267  4.0504e-05
268  3.4556e-05
269  9.7401e-05
270  1.9757e-05
271  5.9655e-05
272  6.0532e-05
273  4.4347e-04
274  6.0735e-05
275  4.1454e-05
276  1.8721e-05
277  2.1944e-06
278  3.9272e-06
279  3.3099e-06
280  3.7334e-06
281  2.8718e-06
282  1.0227e-05
283  2.2922e-06
284  7.8494e-07
285  2.7667e-08
286  6.8583e-08
287  7.9535e-07
288  9.8872e-07
289  9.0562e-07
290  2.0760e-06
291  1.1955e-06
292  7.5822e-06
293  9.1392e-06
294  4.0668e-06
295  6.5255e-06
296  9.8310e-06
297  1.0188e-05
298  1.5911e-05
299  1.5709e-05
300  7.1724e-06
301  2.4020e-05
302  1.2396e-05
303  2.4668e-05
304  2.1146e-04
305  2.0483e-06
306  5.2799e-04
307  3.1061e-05
308  7.9904e-06
309  7.3754e-07
310  1.4367e-08
311  4.1565e-10
312  5.9198e-12
313  7.2473e-14
314  9.8582e-16
315  6.8964e-18
316  2.1163e-19
317  7.3241e-22
318  3.8028e-23
319  5.1975e-26
320  0.0000e+00
321  0.0000e+00
322  0.0000e+00
323  0.0000e+00
324  0.0000e+00
325  0.0000e+00
326  0.0000e+00
327  0.0000e+00
328  0.0000e+00
329  0.0000e+00
330  0.0000e+00
331  0.0000e+00
332  0.0000e+00
333  0.0000e+00
334  0.0000e+00
335  0.0000e+00
336  0.0000e+00
337  0.0000e+00

