337
time(s) = 10000000 t9 = 2.6316159512321869e-09 rho(g/cc) = 8.4374998734374996e-14 
0  0.0000e+00
1  1.7928e-07
2  4.8217e-10
3  4.4295e-13
4  1.6080e-05
5  0.0000e+00
6  8.0119e-31
7  1.2853e-11
8  1.0546e-03
9  7.0382e-16
10  1.9657e-08
11  2.9017e-11
12  9.5365e-08
13  1.2607e-07
14  5.2033e-03
15  3.0142e-03
16  3.7269e-05
17  3.9557e-07
18  1.4582e-03
19  1.9391e-03
20  5.7448e-04
21  9.5116e-06
22  1.6253e-03
23  1.6905e-05
24  3.8912e-06
25  5.7654e-06
26  1.8425e-05
27  1.3521e-06
28  1.0629e-05
29  3.5194e-06
30  4.2712e-06
31  2.4426e-06
32  1.2005e-05
33  5.4629e-06
34  9.9697e-06
35  9.9614e-06
36  1.3592e-05
37  3.7239e-06
38  2.1290e-06
39  5.2856e-07
40  1.4749e-06
41  2.2809e-06
42  3.8791e-06
43  6.1391e-06
44  2.3971e-05
45  1.7535e-05
46  5.1369e-05
47  3.1136e-05
48  3.7322e-05
49  2.5136e-05
50  2.1958e-05
51  2.2144e-05
52  1.1392e-05
53  9.4420e-06
54  1.8570e-05
55  2.4769e-06
56  5.7141e-06
57  2.0202e-06
58  9.5129e-06
59  2.8785e-06
60  5.3131e-06
61  1.8991e-06
62  7.8414e-06
63  1.9241e-06
64  6.7587e-06
65  2.2002e-06
66  8.4003e-06
67  2.8180e-06
68  1.4110e-05
69  4.4671e-06
70  5.8962e-06
71  3.0149e-06
72  4.8433e-06
73  2.9931e-06
74  4.9727e-06
75  5.9299e-07
76  1.2309e-05
77  2.1833e-05
78  7.4369e-05
79  8.2058e-05
80  1.2598e-04
81  6.5353e-05
82  6.5486e-05
83  1.7108e-05
84  9.0660e-06
85  3.4863e-06
86  2.3314e-06
87  5.6178e-07
88  4.8846e-07
89  3.8845e-07
90  7.1174e-07
91  8.9057e-07
92  9.7739e-07
93  6.2234e-07
94  8.9355e-07
95  8.3115e-07
96  2.1748e-06
97  2.0176e-06
98  9.3098e-07
99  6.0348e-07
100  8.7761e-07
101  4.5639e-07
102  9.9208e-07
103  2.7827e-07
104  7.9162e-07
105  2.4705e-07
106  6.0767e-07
107  3.9553e-07
108  9.4004e-07
109  6.4988e-08
110  4.4124e-07
111  1.2605e-07
112  4.6768e-07
113  1.1195e-07
114  9.1831e-07
115  3.1618e-07
116  1.0717e-06
117  2.6234e-07
118  1.1244e-06
119  2.7445e-07
120  2.9485e-06
121  1.3576e-06
122  1.2075e-05
123  2.7494e-06
124  1.1276e-05
125  4.6940e-06
126  1.1478e-05
127  2.9698e-06
128  1.5371e-05
129  2.5248e-05
130  6.7581e-05
131  8.5804e-05
132  1.3728e-04
133  5.9915e-05
134  3.9051e-05
135  2.4601e-05
136  3.4858e-05
137  1.2604e-05
138  7.2133e-06
139  3.1064e-07
140  1.2058e-07
141  4.1055e-08
142  7.2064e-08
143  3.6178e-08
144  2.1088e-07
145  2.6645e-08
146  1.9390e-07
147  2.2945e-08
148  1.4673e-07
149  5.2496e-08
150  9.3341e-08
151  7.0923e-08
152  2.4802e-07
153  2.4423e-08
154  9.2830e-08
155  6.3183e-08
156  2.0854e-07
157  8.9800e-08
158  1.0337e-07
159  1.0491e-07
160  1.2762e-07
161  7.9211e-08
162  1.4501e-07
163  1.7107e-07
164  2.1423e-07
165  3.5732e-07
166  3.6533e-07
167  5.6639e-07
168  9.3894e-07
169  2.1129e-07
170  6.7089e-07
171  5.1055e-07
172  7.5586e-07
173  1.2806e-07
174  4.0896e-07
175  4.3328e-07
176  1.9975e-07
177  5.8313e-07
178  6.3346e-07
179  4.4903e-07
180  7.2871e-07
181  4.4995e-07
182  8.2522e-07
183  6.3402e-07
184  9.9934e-07
185  2.6534e-07
186  1.1997e-06
187  4.4084e-07
188  3.6200e-07
189  3.9823e-07
190  6.8491e-07
191  1.3143e-07
192  2.2859e-07
193  2.4374e-07
194  4.3623e-07
195  4.8909e-07
196  6.6489e-06
197  3.6409e-06
198  6.8255e-05
199  5.4538e-05
200  5.4694e-05
201  1.7176e-05
202  3.8210e-06
203  4.5132e-07
204  1.5040e-07
205  8.0045e-08
206  5.3648e-08
207  9.3163e-08
208  1.3310e-07
209  9.0995e-08
210  1.2977e-07
211  6.3646e-14
212  9.9289e-13
213  1.3303e-14
214  1.7883e-15
215  1.2401e-20
216  1.1787e-18
217  6.0319e-20
218  3.1073e-17
219  2.4194e-17
220  4.5857e-16
221  5.3783e-16
222  5.5259e-14
223  5.9390e-12
224  2.5787e-12
225  1.5951e-12
226  8.4172e-09
227  3.3129e-09
228  7.5041e-09
229  6.1204e-09
230  1.4139e-08
231  9.4703e-09
232  2.6267e-08
233  1.1800e-08
234  5.3478e-08
235  2.3187e-08
236  8.0160e-08
237  6.2296e-08
238  1.4598e-07
239  8.6312e-08
240  3.8170e-07
241  2.9356e-07
242  1.6329e-06
243  9.6515e-07
244  1.8606e-06
245  2.2768e-06
246  2.5781e-06
247  1.0353e-06
248  5.4136e-06
249  2.9741e-06
250  3.5219e-06
251  4.2724e-06
252  4.2984e-06
253  8.0507e-07
254  6.0314e-07
255  2.5818e-07
256  2.6929e-30
257  1.9176e-07
258  1.3209e-06
259  3.5762e-08
260  8.8853e-07
261  1.8281e-06
262  2.2262e-06
263  6.8677e-06
264  1.1195e-05
265  1.6456e-05
266  5.5328e-05
267  2.7751e-05
268  4.4705e-05
269  1.3473e-04
270  2.1172e-05
271  5.4786e-05
272  6.5228e-05
273  4.7454e-04
274  7.0918e-05
275  3.6211e-05
276  1.4943e-05
277  3.3603e-06
278  7.1004e-06
279  4.5356e-06
280  3.7348e-06
281  2.5450e-06
282  1.1184e-05
283  2.6704e-06
284  1.1372e-06
285  1.6774e-07
286  2.1782e-07
287  2.2021e-06
288  2.2061e-06
289  1.7163e-06
290  2.7813e-06
291  1.5117e-06
292  1.8264e-05
293  1.3302e-05
294  6.5910e-06
295  1.3088e-05
296  1.5123e-05
297  7.9732e-06
298  1.2907e-05
299  1.5205e-05
300  7.2487e-06
301  1.2874e-05
302  2.0862e-05
303  2.7538e-05
304  7.9039e-05
305  4.3458e-06
306  5.4221e-04
307  6.5112e-05
308  3.3660e-05
309  7.7058e-06
310  2.6081e-07
311  1.4310e-08
312  3.9333e-10
313  1.0212e-11
314  2.9022e-13
315  4.2475e-15
316  2.8121e-16
317  2.0516e-18
318  2.4450e-19
319  7.6465e-22
320  3.2960e-23
321  3.5060e-26
322  0.0000e+00
323  0.0000e+00
324  0.0000e+00
325  0.0000e+00
326  0.0000e+00
327  0.0000e+00
328  0.0000e+00
329  0.0000e+00
330  0.0000e+00
331  0.0000e+00
332  0.0000e+00
333  0.0000e+00
334  0.0000e+00
335  0.0000e+00
336  0.0000e+00
337  0.0000e+00

