337
time(s) = 10000000 t9 = 3.0808040096288935e-09 rho(g/cc) = 1.3537499742787504e-13 
0  0.0000e+00
1  7.6273e-08
2  6.8937e-11
3  2.3264e-14
4  1.4176e-05
5  0.0000e+00
6  1.3729e-31
7  6.1965e-16
8  1.0396e-03
9  7.6926e-21
10  5.6091e-12
11  1.6333e-12
12  4.2797e-09
13  3.2216e-09
14  7.5074e-03
15  6.0304e-04
16  7.4265e-06
17  9.0356e-08
18  1.2107e-03
19  1.6291e-03
20  6.0672e-04
21  2.6127e-06
22  2.2534e-03
23  8.5357e-06
24  4.1483e-06
25  3.9971e-06
26  1.8841e-05
27  1.3917e-06
28  4.7582e-06
29  2.3411e-06
30  3.0816e-06
31  1.3745e-06
32  1.1894e-05
33  5.0645e-06
34  5.2159e-06
35  8.5004e-06
36  1.3282e-05
37  2.0980e-06
38  1.8370e-06
39  3.9510e-07
40  9.9352e-07
41  2.4310e-06
42  2.9871e-06
43  7.2756e-06
44  2.8886e-05
45  1.4118e-05
46  2.0539e-05
47  9.5255e-06
48  1.9348e-05
49  1.0323e-05
50  6.4551e-06
51  7.4374e-06
52  8.9060e-06
53  4.7557e-06
54  8.2060e-06
55  1.2062e-06
56  2.0075e-06
57  6.9114e-07
58  2.9289e-06
59  7.9603e-07
60  1.7659e-06
61  8.9882e-07
62  2.3426e-06
63  7.8823e-07
64  3.1059e-06
65  1.2958e-06
66  3.3812e-06
67  1.4994e-06
68  3.2298e-06
69  1.2923e-06
70  1.6265e-06
71  9.6686e-07
72  1.9575e-06
73  1.4483e-06
74  1.8638e-06
75  4.7963e-07
76  7.9579e-06
77  3.1707e-05
78  9.6102e-05
79  1.1719e-04
80  1.8070e-04
81  6.8461e-05
82  4.1289e-05
83  1.4116e-05
84  7.7258e-06
85  2.3172e-06
86  2.2752e-06
87  1.0894e-06
88  1.4340e-06
89  1.7634e-06
90  3.1263e-06
91  3.3422e-06
92  2.9361e-06
93  1.6710e-06
94  2.3597e-06
95  2.3311e-06
96  4.3301e-06
97  4.0192e-06
98  1.9041e-06
99  1.3431e-06
100  2.1015e-06
101  1.0998e-06
102  2.2185e-06
103  8.2647e-07
104  1.8110e-06
105  7.5245e-07
106  1.6457e-06
107  1.0185e-06
108  1.6359e-06
109  1.1440e-07
110  1.0054e-06
111  3.3887e-07
112  1.5756e-06
113  5.0567e-07
114  4.1562e-06
115  1.3283e-06
116  3.5063e-06
117  8.1309e-07
118  2.5670e-06
119  5.9094e-07
120  3.2392e-06
121  1.6856e-06
122  8.5184e-06
123  2.2559e-06
124  5.6831e-06
125  2.4558e-06
126  4.4952e-06
127  2.7643e-06
128  2.1193e-05
129  3.2520e-05
130  8.6564e-05
131  7.1744e-05
132  9.4834e-05
133  5.5578e-05
134  5.7004e-05
135  2.7235e-05
136  3.2148e-05
137  1.1350e-05
138  6.5889e-06
139  1.9682e-07
140  2.9802e-07
141  2.3538e-07
142  3.4546e-07
143  1.9125e-07
144  5.8914e-07
145  8.8836e-08
146  3.2895e-07
147  4.5823e-08
148  1.9916e-07
149  6.6904e-08
150  1.1267e-07
151  9.4186e-08
152  3.2861e-07
153  3.4051e-08
154  1.8423e-07
155  1.3237e-07
156  3.6069e-07
157  2.0267e-07
158  2.3313e-07
159  2.2540e-07
160  3.0507e-07
161  2.4936e-07
162  4.9671e-07
163  7.2665e-07
164  9.2214e-07
165  1.6653e-06
166  1.6000e-06
167  2.2488e-06
168  2.9047e-06
169  7.9945e-07
170  2.1294e-06
171  1.3170e-06
172  2.0415e-06
173  4.9286e-07
174  1.8849e-06
175  1.8750e-06
176  9.7241e-07
177  2.3740e-06
178  1.9106e-06
179  1.5539e-06
180  1.9768e-06
181  1.3684e-06
182  2.0142e-06
183  1.3464e-06
184  1.7108e-06
185  4.8561e-07
186  1.3122e-06
187  4.3859e-07
188  2.7569e-07
189  2.4464e-07
190  3.2657e-07
191  7.7347e-08
192  2.0695e-07
193  2.5361e-07
194  1.2408e-06
195  2.3658e-06
196  2.6318e-05
197  1.4925e-05
198  9.9779e-05
199  5.3477e-05
200  2.4934e-05
201  4.7035e-06
202  6.0833e-07
203  1.1266e-07
204  7.5990e-08
205  2.2899e-08
206  2.3309e-08
207  8.1540e-08
208  1.2739e-07
209  8.5308e-08
210  1.1449e-07
211  5.8497e-14
212  3.6713e-12
213  2.0422e-14
214  4.6689e-15
215  1.6314e-20
216  4.3584e-18
217  9.2627e-20
218  8.1128e-17
219  2.2246e-17
220  1.6956e-15
221  8.2589e-16
222  1.4428e-13
223  5.4608e-12
224  9.5351e-12
225  2.4518e-12
226  2.1995e-08
227  1.3258e-08
228  3.2006e-08
229  3.3213e-08
230  7.0757e-08
231  5.4376e-08
232  1.3352e-07
233  7.5472e-08
234  3.1492e-07
235  1.4283e-07
236  5.6090e-07
237  4.7027e-07
238  1.1319e-06
239  7.9089e-07
240  3.0328e-06
241  2.4354e-06
242  7.5912e-06
243  3.9134e-06
244  4.2859e-06
245  5.3299e-06
246  4.5030e-06
247  1.6864e-06
248  5.9205e-06
249  3.1723e-06
250  3.7555e-06
251  4.1115e-06
252  4.2173e-06
253  7.2458e-07
254  5.5976e-07
255  2.3873e-07
256  8.4914e-30
257  1.3101e-07
258  9.2721e-07
259  3.6837e-08
260  6.5308e-07
261  2.4741e-06
262  3.3043e-06
263  1.1015e-05
264  1.2080e-05
265  1.9387e-05
266  7.9304e-05
267  4.2629e-05
268  3.1133e-05
269  8.5382e-05
270  1.9805e-05
271  6.2366e-05
272  5.8638e-05
273  4.2907e-04
274  5.7671e-05
275  4.4073e-05
276  2.0631e-05
277  2.1408e-06
278  3.4527e-06
279  2.9387e-06
280  3.6623e-06
281  3.2786e-06
282  9.4405e-06
283  2.0518e-06
284  7.0951e-07
285  4.3455e-08
286  1.3085e-07
287  1.4516e-06
288  1.5932e-06
289  1.3439e-06
290  2.3122e-06
291  1.2708e-06
292  6.2024e-06
293  8.3356e-06
294  3.7094e-06
295  5.7421e-06
296  1.0579e-05
297  1.2794e-05
298  1.6125e-05
299  1.3429e-05
300  6.1563e-06
301  3.0146e-05
302  1.5665e-05
303  1.9585e-05
304  2.9495e-04
305  1.6848e-06
306  4.6679e-04
307  2.2684e-05
308  3.8505e-06
309  2.7881e-07
310  4.5675e-09
311  1.0851e-10
312  1.2638e-12
313  1.2443e-14
314  1.3686e-16
315  7.7307e-19
316  1.9006e-20
317  5.2736e-23
318  2.1591e-24
319  2.2455e-27
320  0.0000e+00
321  0.0000e+00
322  0.0000e+00
323  0.0000e+00
324  0.0000e+00
325  0.0000e+00
326  0.0000e+00
327  0.0000e+00
328  0.0000e+00
329  0.0000e+00
330  0.0000e+00
331  0.0000e+00
332  0.0000e+00
333  0.0000e+00
334  0.0000e+00
335  0.0000e+00
336  0.0000e+00
337  0.0000e+00

