337
time(s) = 10000000 t9 = 3.2933751159654053e-09 rho(g/cc) = 1.6537499652712505e-13 
0  0.0000e+00
1  5.4318e-08
2  3.0780e-11
3  5.7884e-15
4  1.3763e-05
5  0.0000e+00
6  6.9196e-32
7  2.5900e-16
8  1.0229e-03
9  5.7112e-22
10  6.8270e-12
11  3.3458e-13
12  3.6263e-10
13  4.9461e-10
14  7.9090e-03
15  1.4406e-04
16  1.7572e-06
17  2.3133e-08
18  1.1146e-03
19  1.4863e-03
20  6.2684e-04
21  1.4808e-06
22  2.4588e-03
23  7.8707e-06
24  5.1889e-06
25  3.0380e-06
26  2.1606e-05
27  1.1925e-06
28  3.3044e-06
29  1.8830e-06
30  2.9884e-06
31  1.5082e-06
32  1.4947e-05
33  4.8099e-06
34  4.1152e-06
35  7.8302e-06
36  1.2946e-05
37  1.6837e-06
38  1.7081e-06
39  3.6243e-07
40  8.5351e-07
41  2.2177e-06
42  2.7477e-06
43  8.6912e-06
44  3.4720e-05
45  1.6271e-05
46  2.1850e-05
47  8.5669e-06
48  2.4550e-05
49  1.0392e-05
50  6.1004e-06
51  6.5782e-06
52  9.4324e-06
53  5.8525e-06
54  1.0102e-05
55  1.1968e-06
56  1.4606e-06
57  4.6823e-07
58  2.5372e-06
59  6.7282e-07
60  1.5504e-06
61  8.3591e-07
62  1.7477e-06
63  7.3747e-07
64  2.9069e-06
65  1.2983e-06
66  2.7018e-06
67  1.3390e-06
68  2.4790e-06
69  1.0566e-06
70  1.4251e-06
71  8.8394e-07
72  1.8418e-06
73  1.3670e-06
74  1.6631e-06
75  5.4313e-07
76  6.9178e-06
77  2.8201e-05
78  8.8335e-05
79  1.1360e-04
80  2.1039e-04
81  6.8814e-05
82  3.0644e-05
83  1.1900e-05
84  5.8969e-06
85  1.7170e-06
86  3.9725e-06
87  1.8070e-06
88  1.7390e-06
89  1.9973e-06
90  3.0184e-06
91  3.0676e-06
92  2.5462e-06
93  1.4422e-06
94  2.1670e-06
95  2.3952e-06
96  4.3205e-06
97  3.9354e-06
98  1.9976e-06
99  1.4783e-06
100  2.3870e-06
101  1.3100e-06
102  2.4703e-06
103  9.7727e-07
104  2.0263e-06
105  9.0245e-07
106  1.9079e-06
107  1.2157e-06
108  1.9246e-06
109  1.4142e-07
110  1.5920e-06
111  6.0021e-07
112  2.9391e-06
113  9.8584e-07
114  6.7448e-06
115  2.0347e-06
116  4.5836e-06
117  1.0071e-06
118  2.4765e-06
119  5.3708e-07
120  3.1908e-06
121  1.8263e-06
122  8.6698e-06
123  2.5773e-06
124  6.2744e-06
125  2.9132e-06
126  4.9453e-06
127  3.5863e-06
128  2.3451e-05
129  3.3913e-05
130  9.3042e-05
131  7.3008e-05
132  9.3063e-05
133  5.5920e-05
134  6.2527e-05
135  2.7871e-05
136  2.9362e-05
137  1.0030e-05
138  6.3867e-06
139  3.5281e-07
140  4.4857e-07
141  3.2272e-07
142  3.3239e-07
143  1.4595e-07
144  3.1165e-07
145  4.5209e-08
146  1.4372e-07
147  2.4142e-08
148  1.1805e-07
149  4.6270e-08
150  9.4503e-08
151  9.1074e-08
152  3.1686e-07
153  3.3788e-08
154  1.9458e-07
155  1.4177e-07
156  3.6211e-07
157  2.1414e-07
158  2.4594e-07
159  2.3223e-07
160  3.2873e-07
161  2.9880e-07
162  5.7820e-07
163  8.6864e-07
164  1.0498e-06
165  1.8602e-06
166  1.7338e-06
167  2.3687e-06
168  2.8726e-06
169  8.8309e-07
170  2.3558e-06
171  1.4119e-06
172  2.4331e-06
173  6.7197e-07
174  2.4436e-06
175  2.3155e-06
176  1.2609e-06
177  2.9544e-06
178  2.2681e-06
179  2.1083e-06
180  2.4912e-06
181  1.7549e-06
182  2.4145e-06
183  1.5494e-06
184  1.7902e-06
185  4.9985e-07
186  1.1033e-06
187  3.4870e-07
188  2.1426e-07
189  1.8436e-07
190  2.8437e-07
191  8.5225e-08
192  2.8502e-07
193  3.8974e-07
194  1.8052e-06
195  3.4334e-06
196  3.2929e-05
197  1.8421e-05
198  1.0563e-04
199  5.0685e-05
200  1.9794e-05
201  3.1814e-06
202  3.4249e-07
203  9.6055e-08
204  9.6077e-08
205  3.1178e-08
206  2.0475e-08
207  9.2837e-08
208  1.7479e-07
209  1.3481e-07
210  1.2519e-07
211  7.8792e-14
212  7.5960e-12
213  3.5156e-14
214  9.0712e-15
215  2.7363e-20
216  9.0176e-18
217  1.5947e-19
218  1.5763e-16
219  2.9974e-17
220  3.5083e-15
221  1.4219e-15
222  2.8032e-13
223  7.3578e-12
224  1.9728e-11
225  4.2221e-12
226  4.2741e-08
227  2.9055e-08
228  6.5716e-08
229  6.7101e-08
230  1.2575e-07
231  9.3964e-08
232  2.0963e-07
233  1.2922e-07
234  5.3504e-07
235  2.4964e-07
236  9.7998e-07
237  8.2529e-07
238  1.8533e-06
239  1.3322e-06
240  4.4597e-06
241  3.4869e-06
242  9.0354e-06
243  4.4408e-06
244  4.4043e-06
245  5.1115e-06
246  3.8326e-06
247  1.3864e-06
248  5.0065e-06
249  2.4510e-06
250  3.0075e-06
251  3.6225e-06
252  3.7730e-06
253  5.8866e-07
254  5.1200e-07
255  2.3605e-07
256  2.0181e-29
257  1.2849e-07
258  1.0692e-06
259  4.7782e-08
260  8.5138e-07
261  3.4087e-06
262  4.1481e-06
263  1.3342e-05
264  1.3809e-05
265  2.1841e-05
266  8.5654e-05
267  4.4071e-05
268  2.8883e-05
269  7.7988e-05
270  1.9520e-05
271  6.5940e-05
272  5.2383e-05
273  3.9289e-04
274  4.6034e-05
275  4.5505e-05
276  2.5444e-05
277  3.3239e-06
278  2.3328e-06
279  2.0163e-06
280  3.9453e-06
281  4.8816e-06
282  6.2516e-06
283  1.1138e-06
284  5.4945e-07
285  2.4530e-07
286  4.4589e-07
287  4.2131e-06
288  4.2008e-06
289  3.3489e-06
290  3.2787e-06
291  1.5346e-06
292  4.9130e-06
293  5.7691e-06
294  4.2446e-06
295  8.5601e-06
296  1.5673e-05
297  1.5963e-05
298  1.7248e-05
299  9.6441e-06
300  5.2895e-06
301  3.7381e-05
302  7.5114e-05
303  6.4713e-06
304  5.2780e-04
305  1.3154e-06
306  2.0869e-04
307  7.1372e-06
308  3.2243e-07
309  1.4813e-08
310  1.6908e-10
311  2.7486e-12
312  2.1778e-14
313  1.4369e-16
314  1.0630e-18
315  4.0406e-21
316  6.5788e-23
317  1.2371e-25
318  7.5168e-28
319  0.0000e+00
320  0.0000e+00
321  0.0000e+00
322  0.0000e+00
323  0.0000e+00
324  0.0000e+00
325  0.0000e+00
326  0.0000e+00
327  0.0000e+00
328  0.0000e+00
329  0.0000e+00
330  0.0000e+00
331  0.0000e+00
332  0.0000e+00
333  0.0000e+00
334  0.0000e+00
335  0.0000e+00
336  0.0000e+00
337  0.0000e+00

