337
time(s) = 10000000 t9 = 3.3971140198067253e-09 rho(g/cc) = 1.8149999600700007e-13 
0  0.0000e+00
1  4.4289e-08
2  3.2853e-11
3  4.9978e-15
4  1.6553e-05
5  0.0000e+00
6  9.2212e-32
7  1.9718e-16
8  1.0093e-03
9  2.0863e-22
10  7.7906e-12
11  1.2978e-13
12  7.5885e-11
13  1.4790e-10
14  7.9450e-03
15  4.7588e-05
16  5.7180e-07
17  8.3455e-09
18  1.0798e-03
19  1.4166e-03
20  6.4153e-04
21  1.1957e-06
22  2.5110e-03
23  8.1527e-06
24  5.8092e-06
25  2.4601e-06
26  2.4612e-05
27  1.0621e-06
28  2.5913e-06
29  1.5813e-06
30  2.9759e-06
31  1.6820e-06
32  1.7689e-05
33  4.7767e-06
34  3.9019e-06
35  7.5066e-06
36  1.2645e-05
37  1.5660e-06
38  1.6925e-06
39  3.8504e-07
40  8.0907e-07
41  2.1220e-06
42  2.7232e-06
43  9.7767e-06
44  3.9435e-05
45  1.9658e-05
46  2.5369e-05
47  9.5210e-06
48  3.4251e-05
49  1.2334e-05
50  7.0845e-06
51  7.0567e-06
52  1.0149e-05
53  8.4840e-06
54  1.3938e-05
55  1.3841e-06
56  1.4609e-06
57  4.5148e-07
58  2.8885e-06
59  7.5682e-07
60  1.7029e-06
61  9.3361e-07
62  1.8196e-06
63  8.2677e-07
64  3.2884e-06
65  1.5113e-06
66  2.8791e-06
67  1.5056e-06
68  2.7381e-06
69  1.1528e-06
70  1.6165e-06
71  1.0247e-06
72  2.1045e-06
73  1.5923e-06
74  1.8990e-06
75  7.6309e-07
76  7.3720e-06
77  2.8379e-05
78  8.7945e-05
79  1.1625e-04
80  2.2839e-04
81  7.1669e-05
82  2.7566e-05
83  1.0765e-05
84  5.0750e-06
85  1.8096e-06
86  5.4016e-06
87  2.2092e-06
88  1.6152e-06
89  1.7087e-06
90  2.4631e-06
91  2.4775e-06
92  2.1748e-06
93  1.2368e-06
94  1.9229e-06
95  2.1694e-06
96  3.6694e-06
97  3.3341e-06
98  1.8262e-06
99  1.3888e-06
100  2.3000e-06
101  1.2873e-06
102  2.2723e-06
103  9.5703e-07
104  1.8758e-06
105  8.9408e-07
106  1.8454e-06
107  1.2239e-06
108  1.8524e-06
109  1.4474e-07
110  1.7830e-06
111  7.0898e-07
112  3.3605e-06
113  1.1877e-06
114  7.4296e-06
115  2.1701e-06
116  4.5675e-06
117  9.6720e-07
118  2.1953e-06
119  4.8614e-07
120  3.8085e-06
121  2.5133e-06
122  1.1622e-05
123  3.7997e-06
124  8.7185e-06
125  4.1906e-06
126  6.7579e-06
127  4.5793e-06
128  2.4909e-05
129  3.5089e-05
130  9.6446e-05
131  7.5240e-05
132  1.0144e-04
133  5.7651e-05
134  6.2509e-05
135  2.7449e-05
136  2.6607e-05
137  9.1624e-06
138  6.5560e-06
139  5.0226e-07
140  3.3253e-07
141  2.0119e-07
142  1.7333e-07
143  7.0648e-08
144  1.2867e-07
145  2.1827e-08
146  7.8197e-08
147  1.7725e-08
148  9.8707e-08
149  4.5624e-08
150  1.0167e-07
151  1.0232e-07
152  3.3123e-07
153  3.6460e-08
154  2.1468e-07
155  1.5669e-07
156  3.6747e-07
157  2.2782e-07
158  2.6875e-07
159  2.4148e-07
160  3.5628e-07
161  3.5704e-07
162  6.6160e-07
163  1.0143e-06
164  1.2178e-06
165  2.1584e-06
166  1.9965e-06
167  2.6984e-06
168  3.0557e-06
169  1.0408e-06
170  2.6393e-06
171  1.5047e-06
172  2.7122e-06
173  8.2441e-07
174  2.9095e-06
175  2.6182e-06
176  1.5270e-06
177  3.4321e-06
178  2.4591e-06
179  2.5064e-06
180  2.7390e-06
181  1.9879e-06
182  2.5987e-06
183  1.6135e-06
184  1.7888e-06
185  5.0237e-07
186  1.0266e-06
187  3.1966e-07
188  2.1224e-07
189  1.8207e-07
190  2.8813e-07
191  9.5417e-08
192  3.3681e-07
193  4.7027e-07
194  2.0814e-06
195  3.8882e-06
196  3.4562e-05
197  1.9379e-05
198  1.0759e-04
199  4.9007e-05
200  1.7757e-05
201  2.6146e-06
202  2.6978e-07
203  1.0347e-07
204  1.3149e-07
205  5.0400e-08
206  1.9581e-08
207  1.1726e-07
208  2.5242e-07
209  2.1263e-07
210  1.5509e-07
211  1.4885e-13
212  1.2957e-11
213  6.8820e-14
214  1.6718e-14
215  5.2073e-20
216  1.5382e-17
217  3.1215e-19
218  2.9051e-16
219  5.6672e-17
220  5.9843e-15
221  2.7832e-15
222  5.1663e-13
223  1.3900e-11
224  3.3652e-11
225  8.2627e-12
226  7.8775e-08
227  5.5677e-08
228  1.1315e-07
229  1.1329e-07
230  1.9090e-07
231  1.4438e-07
232  3.0228e-07
233  2.0181e-07
234  7.7719e-07
235  3.6603e-07
236  1.3474e-06
237  1.1171e-06
238  2.3588e-06
239  1.7302e-06
240  5.2953e-06
241  4.2326e-06
242  9.5910e-06
243  4.6061e-06
244  4.5473e-06
245  4.8077e-06
246  3.3250e-06
247  1.2383e-06
248  5.1543e-06
249  2.2234e-06
250  2.8332e-06
251  3.7949e-06
252  4.2390e-06
253  5.7991e-07
254  5.3677e-07
255  2.7011e-07
256  4.4708e-29
257  1.6796e-07
258  1.6244e-06
259  7.4672e-08
260  1.0549e-06
261  3.3981e-06
262  4.7484e-06
263  1.5475e-05
264  1.5589e-05
265  2.2564e-05
266  8.3300e-05
267  4.7186e-05
268  3.0517e-05
269  8.0908e-05
270  1.7107e-05
271  6.0143e-05
272  4.8298e-05
273  3.7784e-04
274  3.6874e-05
275  4.0817e-05
276  2.6581e-05
277  4.1061e-06
278  2.7762e-06
279  2.8267e-06
280  4.6384e-06
281  4.8988e-06
282  3.5267e-06
283  4.8320e-07
284  6.8449e-07
285  6.7827e-07
286  9.0489e-07
287  7.0686e-06
288  7.2266e-06
289  6.2131e-06
290  5.0405e-06
291  2.1342e-06
292  3.8780e-06
293  4.0621e-06
294  5.5125e-06
295  1.3022e-05
296  1.9187e-05
297  1.2713e-05
298  2.0776e-05
299  1.2478e-05
300  1.2693e-05
301  2.6743e-05
302  2.1062e-04
303  2.9532e-06
304  5.3209e-04
305  9.5454e-07
306  6.5341e-05
307  1.9170e-06
308  3.4590e-08
309  1.2369e-09
310  1.1475e-11
311  1.5541e-13
312  1.0299e-15
313  5.6942e-18
314  3.5280e-20
315  1.1261e-22
316  1.5291e-24
317  2.3072e-27
318  0.0000e+00
319  0.0000e+00
320  0.0000e+00
321  0.0000e+00
322  0.0000e+00
323  0.0000e+00
324  0.0000e+00
325  0.0000e+00
326  0.0000e+00
327  0.0000e+00
328  0.0000e+00
329  0.0000e+00
330  0.0000e+00
331  0.0000e+00
332  0.0000e+00
333  0.0000e+00
334  0.0000e+00
335  0.0000e+00
336  0.0000e+00
337  0.0000e+00

