337
time(s) = 10000000 t9 = 2.7473141674742841e-09 rho(g/cc) = 9.5999998464000028e-14 
0  0.0000e+00
1  1.3452e-07
2  2.7350e-10
3  2.3836e-13
4  1.6707e-05
5  0.0000e+00
6  4.5736e-31
7  3.9921e-15
8  1.0507e-03
9  2.3232e-19
10  9.1116e-12
11  4.5552e-12
12  4.9219e-08
13  4.9150e-08
14  6.0507e-03
15  2.1361e-03
16  2.6354e-05
17  2.9053e-07
18  1.3931e-03
19  1.8618e-03
20  5.8354e-04
21  7.1172e-06
22  1.8013e-03
23  1.3458e-05
24  3.5957e-06
25  5.1819e-06
26  1.7647e-05
27  1.4639e-06
28  8.5392e-06
29  3.1667e-06
30  3.8207e-06
31  1.8853e-06
32  1.1533e-05
33  5.4819e-06
34  8.2767e-06
35  9.5572e-06
36  1.3447e-05
37  3.1656e-06
38  1.9792e-06
39  4.9360e-07
40  1.2951e-06
41  2.4355e-06
42  3.5705e-06
43  6.3981e-06
44  2.5299e-05
45  1.6364e-05
46  3.6520e-05
47  2.0967e-05
48  2.8799e-05
49  1.9122e-05
50  1.4865e-05
51  1.5995e-05
52  1.1079e-05
53  8.0743e-06
54  1.4235e-05
55  1.9949e-06
56  4.5809e-06
57  1.6985e-06
58  7.0810e-06
59  2.0435e-06
60  3.8481e-06
61  1.5590e-06
62  5.9815e-06
63  1.5127e-06
64  5.5999e-06
65  1.9477e-06
66  6.9432e-06
67  2.6031e-06
68  9.8704e-06
69  3.2217e-06
70  4.0659e-06
71  2.1291e-06
72  3.7065e-06
73  2.5336e-06
74  3.8598e-06
75  6.2120e-07
76  1.1779e-05
77  2.8964e-05
78  9.0406e-05
79  1.0108e-04
80  1.3990e-04
81  6.8369e-05
82  5.8008e-05
83  1.5826e-05
84  8.7332e-06
85  3.3945e-06
86  2.0916e-06
87  6.0633e-07
88  5.9973e-07
89  5.8724e-07
90  1.2232e-06
91  1.4688e-06
92  1.5389e-06
93  9.4634e-07
94  1.3933e-06
95  1.3152e-06
96  2.8593e-06
97  2.5181e-06
98  1.1508e-06
99  7.4019e-07
100  1.1271e-06
101  5.8924e-07
102  1.2191e-06
103  3.7903e-07
104  9.7040e-07
105  3.3978e-07
106  8.3125e-07
107  5.4130e-07
108  1.0773e-06
109  7.4058e-08
110  5.1546e-07
111  1.5116e-07
112  5.7361e-07
113  1.4793e-07
114  1.2612e-06
115  4.2777e-07
116  1.4190e-06
117  3.4365e-07
118  1.4899e-06
119  3.7590e-07
120  3.3709e-06
121  1.6604e-06
122  1.1740e-05
123  2.8259e-06
124  9.4728e-06
125  3.9954e-06
126  8.2196e-06
127  2.4476e-06
128  1.6866e-05
129  2.8876e-05
130  7.5142e-05
131  8.2208e-05
132  1.1978e-04
133  5.8121e-05
134  4.5521e-05
135  2.6227e-05
136  3.4877e-05
137  1.2690e-05
138  7.1225e-06
139  2.7516e-07
140  1.4889e-07
141  7.4465e-08
142  1.4833e-07
143  8.6607e-08
144  4.5252e-07
145  6.5119e-08
146  4.0232e-07
147  5.2828e-08
148  3.0075e-07
149  1.0415e-07
150  1.7326e-07
151  1.2795e-07
152  3.9958e-07
153  3.9746e-08
154  1.6688e-07
155  1.1657e-07
156  3.5432e-07
157  1.6835e-07
158  1.9522e-07
159  1.9450e-07
160  2.4047e-07
161  1.6253e-07
162  3.0859e-07
163  3.9771e-07
164  5.2059e-07
165  9.2215e-07
166  9.5284e-07
167  1.4401e-06
168  2.1306e-06
169  5.1195e-07
170  1.4913e-06
171  1.0326e-06
172  1.4303e-06
173  2.5959e-07
174  8.3172e-07
175  8.6068e-07
176  4.0740e-07
177  1.1106e-06
178  1.0572e-06
179  7.6673e-07
180  1.0905e-06
181  6.7933e-07
182  1.1131e-06
183  8.0299e-07
184  1.1630e-06
185  3.1736e-07
186  1.2276e-06
187  4.4653e-07
188  3.4745e-07
189  3.6114e-07
190  5.4180e-07
191  1.0583e-07
192  1.8649e-07
193  1.8920e-07
194  5.1802e-07
195  7.7699e-07
196  1.1490e-05
197  6.5504e-06
198  8.1177e-05
199  5.6402e-05
200  4.2902e-05
201  1.1364e-05
202  2.1106e-06
203  2.6013e-07
204  1.1339e-07
205  5.5264e-08
206  3.4981e-08
207  8.0282e-08
208  1.2283e-07
209  8.5399e-08
210  1.1719e-07
211  6.4061e-14
212  1.6191e-12
213  1.4972e-14
214  2.5241e-15
215  1.3526e-20
216  1.9222e-18
217  6.7895e-20
218  4.3859e-17
219  2.4418e-17
220  7.4781e-16
221  6.0537e-16
222  7.7997e-14
223  5.9781e-12
224  4.2052e-12
225  1.7958e-12
226  1.1885e-08
227  5.5040e-09
228  1.2902e-08
229  1.1549e-08
230  2.5594e-08
231  1.8109e-08
232  4.8963e-08
233  2.4435e-08
234  1.1190e-07
235  4.9341e-08
236  1.7159e-07
237  1.3513e-07
238  3.1478e-07
239  1.9560e-07
240  8.7025e-07
241  7.1212e-07
242  3.2375e-06
243  1.8432e-06
244  2.8006e-06
245  3.5877e-06
246  3.6667e-06
247  1.4493e-06
248  6.2612e-06
249  3.5858e-06
250  4.2218e-06
251  4.7917e-06
252  4.7880e-06
253  9.0500e-07
254  6.7164e-07
255  2.7842e-07
256  4.0045e-30
257  1.7514e-07
258  1.2373e-06
259  3.8836e-08
260  8.0130e-07
261  1.8480e-06
262  2.5115e-06
263  8.1133e-06
264  1.1411e-05
265  1.6892e-05
266  6.1522e-05
267  3.2799e-05
268  4.1486e-05
269  1.2308e-04
270  2.0451e-05
271  5.6257e-05
272  6.3797e-05
273  4.6606e-04
274  6.6510e-05
275  3.6950e-05
276  1.5901e-05
277  2.9097e-06
278  5.7162e-06
279  4.0166e-06
280  3.7734e-06
281  2.5717e-06
282  1.1148e-05
283  2.5818e-06
284  9.4680e-07
285  6.1635e-08
286  5.3978e-08
287  5.3656e-07
288  7.1424e-07
289  6.8328e-07
290  2.0011e-06
291  1.1858e-06
292  1.3170e-05
293  1.1425e-05
294  5.5268e-06
295  1.0362e-05
296  1.2224e-05
297  7.5884e-06
298  1.4284e-05
299  1.6769e-05
300  7.8890e-06
301  1.5630e-05
302  1.6519e-05
303  2.8500e-05
304  1.1049e-04
305  3.4205e-06
306  5.5851e-04
307  5.1089e-05
308  2.2646e-05
309  3.6736e-06
310  1.0175e-07
311  4.4509e-09
312  9.6861e-11
313  1.9163e-12
314  4.1557e-14
315  4.6496e-16
316  2.3205e-17
317  1.2964e-19
318  1.1398e-20
319  2.6288e-23
320  8.1724e-25
321  5.6725e-28
322  0.0000e+00
323  0.0000e+00
324  0.0000e+00
325  0.0000e+00
326  0.0000e+00
327  0.0000e+00
328  0.0000e+00
329  0.0000e+00
330  0.0000e+00
331  0.0000e+00
332  0.0000e+00
333  0.0000e+00
334  0.0000e+00
335  0.0000e+00
336  0.0000e+00
337  0.0000e+00

