106
time(s) = 10000000 t9 = 3.3971140198067253e-09 rho(g/cc) = 1.8149999600700007e-13 
0  6.8539e-24
1  5.0414e-09
2  2.1461e-05
3  2.0545e-16
4  1.0093e-03
5  1.5228e-13
6  7.9233e-03
7  6.3474e-05
8  1.0726e-03
9  1.4124e-03
10  3.1731e-03
11  8.0398e-06
12  3.1901e-05
13  1.0565e-06
14  2.0553e-05
15  1.6161e-06
16  2.6612e-05
17  6.4014e-06
18  4.9689e-06
19  2.1295e-06
20  1.2505e-04
21  3.8649e-08
22  2.9752e-05
23  7.4965e-06
24  3.2664e-05
25  1.4635e-06
26  6.4223e-06
27  7.3672e-07
28  8.5478e-06
29  1.6521e-06
30  9.0673e-06
31  2.3730e-06
32  1.0549e-05
33  2.0818e-06
34  4.8263e-04
35  7.6589e-05
36  2.0833e-05
37  3.8051e-06
38  1.8280e-06
39  1.9500e-06
40  1.4127e-05
41  2.7807e-10
42  1.1039e-05
43  2.7603e-31
44  8.2851e-06
45  1.4230e-06
46  5.8939e-06
47  5.4365e-07
48  1.6881e-05
49  9.8378e-07
50  7.6644e-06
51  7.3083e-07
52  9.7372e-05
53  2.2482e-05
54  8.0710e-05
55  8.9460e-06
56  1.4121e-06
57  2.3041e-08
58  3.1814e-08
59  1.8359e-08
60  2.9413e-08
61  1.7149e-09
62  3.1833e-08
63  8.9420e-09
64  5.4713e-08
65  3.6404e-09
66  1.3403e-07
67  8.1315e-08
68  3.8424e-07
69  1.4253e-07
70  8.3889e-07
71  1.8655e-07
72  1.3085e-06
73  3.8600e-07
74  1.1865e-06
75  1.7989e-07
76  2.0147e-06
77  2.8211e-07
78  1.4654e-04
79  2.4567e-05
80  5.5127e-05
81  1.3605e-07
82  4.6828e-07
83  1.8358e-07
84  4.0770e-11
85  3.6071e-04
86  4.7254e-13
87  4.0754e-15
88  1.8435e-07
89  8.5075e-08
90  4.9193e-07
91  1.3811e-07
92  5.7876e-06
93  1.2481e-06
94  2.7484e-05
95  4.2148e-06
96  9.4265e-06
97  3.6199e-06
98  1.5901e-05
99  1.1245e-06
100  4.4309e-05
101  4.5249e-06
102  1.5435e-04
103  1.8660e-05
104  3.2849e-04
105  7.8248e-05
106  1.1276e-03

