106
time(s) = 10000000 t9 = 3.3971140198067253e-09 rho(g/cc) = 1.8149999600700007e-13 
0  7.4956e-24
1  4.4322e-08
2  1.6553e-05
3  1.9718e-16
4  1.0093e-03
5  1.2979e-13
6  7.9447e-03
7  4.7894e-05
8  1.0804e-03
9  1.4166e-03
10  3.1537e-03
11  8.1527e-06
12  3.2881e-05
13  1.0621e-06
14  2.1622e-05
15  1.8327e-06
16  2.7286e-05
17  6.1747e-06
18  5.1328e-06
19  2.1445e-06
20  1.2857e-04
21  3.9467e-08
22  2.9270e-05
23  7.0567e-06
24  3.2571e-05
25  1.3841e-06
26  6.3878e-06
27  7.5739e-07
28  8.3749e-06
29  1.5114e-06
30  8.8199e-06
31  2.1776e-06
32  1.1477e-05
33  7.6309e-07
34  4.8836e-04
35  7.1834e-05
36  2.1497e-05
37  3.6788e-06
38  1.7609e-06
39  1.7092e-06
40  1.3804e-05
41  3.2366e-10
42  9.7309e-06
43  2.5715e-31
44  8.6228e-06
45  9.6209e-07
46  5.7746e-06
47  1.4475e-07
48  1.6705e-05
49  5.5615e-07
50  2.9869e-05
51  6.3129e-06
52  1.3239e-04
53  3.4852e-05
54  2.7119e-04
55  7.0296e-05
56  2.9968e-05
57  5.0226e-07
58  5.0587e-07
59  2.0119e-07
60  4.9816e-07
61  1.2557e-08
62  7.0047e-07
63  1.2179e-07
64  1.2918e-06
65  2.4148e-07
66  3.2508e-06
67  2.1584e-06
68  1.0535e-05
69  2.3931e-06
70  7.9738e-06
71  2.6182e-06
72  1.1146e-05
73  1.9879e-06
74  7.0305e-06
75  8.1728e-07
76  3.0430e-06
77  5.3794e-07
78  1.4612e-04
79  1.9435e-05
80  6.9724e-05
81  1.5386e-07
82  5.4433e-07
83  2.1263e-07
84  4.8855e-11
85  3.6071e-04
86  5.2267e-13
87  3.2618e-15
88  1.8558e-07
89  5.5685e-08
90  6.1685e-07
91  1.4439e-07
92  5.0472e-06
93  1.1171e-06
94  2.4902e-05
95  4.6061e-06
96  1.3967e-05
97  2.1495e-06
98  1.2839e-05
99  5.5183e-07
100  7.6602e-06
101  3.3979e-06
102  1.4183e-04
103  1.8678e-05
104  2.4226e-04
105  7.3687e-05
106  1.0642e-03

