337
time(s) = 1000000000 t9 = 1.4797272444988958e-10 rho(g/cc) = 1.4999999996999999e-17 
0  0.0000e+00
1  6.6271e-08
2  4.9741e-11
3  1.1679e-14
4  2.4928e-05
5  0.0000e+00
6  9.8375e-32
7  3.9349e-16
8  1.0328e-03
9  2.1550e-21
10  6.0968e-12
11  8.6843e-13
12  1.4122e-09
13  1.2993e-09
14  7.7554e-03
15  3.2985e-04
16  4.0523e-06
17  5.1041e-08
18  1.1589e-03
19  1.5564e-03
20  6.1583e-04
21  1.9248e-06
22  2.3710e-03
23  8.0029e-06
24  4.6151e-06
25  3.5662e-06
26  1.9978e-05
27  1.3016e-06
28  3.9894e-06
29  2.1181e-06
30  3.0036e-06
31  1.3989e-06
32  1.2967e-05
33  4.9150e-06
34  4.5877e-06
35  8.1951e-06
36  1.3204e-05
37  1.8767e-06
38  1.7842e-06
39  3.7299e-07
40  9.2205e-07
41  2.3399e-06
42  2.8562e-06
43  7.8665e-06
44  3.1300e-05
45  1.4694e-05
46  2.0261e-05
47  8.6234e-06
48  2.0431e-05
49  9.8076e-06
50  5.9128e-06
51  6.6870e-06
52  8.8978e-06
53  4.8155e-06
54  8.3774e-06
55  1.1379e-06
56  1.6294e-06
57  5.4161e-07
58  2.5540e-06
59  6.8585e-07
60  1.5666e-06
61  8.2419e-07
62  1.9002e-06
63  7.2292e-07
64  2.8478e-06
65  1.2357e-06
66  2.8619e-06
67  1.3352e-06
68  2.6110e-06
69  1.0933e-06
70  1.4187e-06
71  8.6488e-07
72  1.7922e-06
73  1.3259e-06
74  1.6495e-06
75  4.6781e-07
76  7.1393e-06
77  2.9590e-05
78  9.1618e-05
79  1.1484e-04
80  1.9497e-04
81  6.8223e-05
82  3.5507e-05
83  1.3021e-05
84  6.8394e-06
85  1.9220e-06
86  2.8900e-06
87  1.4022e-06
88  1.6706e-06
89  2.0209e-06
90  3.2815e-06
91  3.4109e-06
92  2.8653e-06
93  1.6223e-06
94  2.3344e-06
95  2.4424e-06
96  4.5183e-06
97  4.1668e-06
98  2.0266e-06
99  1.4677e-06
100  2.3229e-06
101  1.2430e-06
102  2.4467e-06
103  9.3294e-07
104  1.9906e-06
105  8.5114e-07
106  1.8264e-06
107  1.1335e-06
108  1.8142e-06
109  1.2926e-07
110  1.2934e-06
111  4.6278e-07
112  2.2538e-06
113  7.3968e-07
114  5.5317e-06
115  1.7170e-06
116  4.1792e-06
117  9.4761e-07
118  2.6186e-06
119  5.7918e-07
120  3.1100e-06
121  1.6702e-06
122  8.1329e-06
123  2.2318e-06
124  5.4608e-06
125  2.4105e-06
126  4.4469e-06
127  3.1593e-06
128  2.2425e-05
129  3.3084e-05
130  8.9690e-05
131  7.1491e-05
132  9.2645e-05
133  5.5443e-05
134  6.0233e-05
135  2.7672e-05
136  3.1123e-05
137  1.0802e-05
138  6.4518e-06
139  2.4318e-07
140  3.9577e-07
141  3.0650e-07
142  3.8084e-07
143  1.8859e-07
144  4.8789e-07
145  7.1115e-08
146  2.3651e-07
147  3.4507e-08
148  1.5381e-07
149  5.4399e-08
150  9.9913e-08
151  9.0052e-08
152  3.1810e-07
153  3.3332e-08
154  1.8556e-07
155  1.3431e-07
156  3.5987e-07
157  2.0790e-07
158  2.3755e-07
159  2.2837e-07
160  3.1537e-07
161  2.6874e-07
162  5.3014e-07
163  7.8359e-07
164  9.6600e-07
165  1.7300e-06
166  1.6361e-06
167  2.2634e-06
168  2.8456e-06
169  8.1545e-07
170  2.1900e-06
171  1.3460e-06
172  2.2295e-06
173  5.7685e-07
174  2.1477e-06
175  2.0945e-06
176  1.0954e-06
177  2.6124e-06
178  2.0763e-06
179  1.8034e-06
180  2.2350e-06
181  1.5578e-06
182  2.2243e-06
183  1.4620e-06
184  1.7783e-06
185  5.0104e-07
186  1.2200e-06
187  3.9575e-07
188  2.4165e-07
189  2.1024e-07
190  3.0346e-07
191  8.1263e-08
192  2.4543e-07
193  3.1899e-07
194  1.5208e-06
195  2.9141e-06
196  3.0120e-05
197  1.6914e-05
198  1.0301e-04
199  5.2165e-05
200  2.2087e-05
201  3.8448e-06
202  4.5129e-07
203  9.9895e-08
204  7.9366e-08
205  2.2962e-08
206  2.7262e-08
207  8.4826e-08
208  1.4521e-07
209  9.8188e-08
210  1.1037e-07
211  3.8721e-15
212  5.0682e-15
213  1.2562e-15
214  5.7923e-15
215  9.1908e-21
216  6.0468e-21
217  5.7519e-21
218  1.0049e-16
219  1.9085e-18
220  2.3186e-18
221  5.0999e-17
222  1.7839e-13
223  3.6925e-13
224  1.3095e-14
225  1.5919e-13
226  2.7297e-08
227  1.7716e-08
228  4.0577e-08
229  4.4747e-08
230  9.1285e-08
231  6.9017e-08
232  1.6207e-07
233  9.4455e-08
234  3.9798e-07
235  1.8467e-07
236  7.5512e-07
237  6.2541e-07
238  1.4651e-06
239  1.0498e-06
240  5.3504e-06
241  2.9428e-06
242  8.4119e-06
243  4.2053e-06
244  4.7457e-06
245  5.4387e-06
246  5.7715e-06
247  1.6426e-06
248  7.3735e-06
249  3.3890e-06
250  2.3116e-06
251  3.9591e-06
252  1.3341e-09
253  7.1621e-26
254  7.7497e-26
255  2.7567e-15
256  1.6766e-46
257  9.6868e-26
258  9.1472e-07
259  3.8129e-08
260  6.8787e-07
261  2.8832e-06
262  3.6261e-06
263  1.1895e-05
264  1.2754e-05
265  2.0766e-05
266  8.4293e-05
267  4.3278e-05
268  2.8675e-05
269  7.7491e-05
270  2.0006e-05
271  6.5301e-05
272  5.6091e-05
273  4.1202e-04
274  5.3137e-05
275  4.5897e-05
276  2.2969e-05
277  2.5136e-06
278  3.0040e-06
279  2.4144e-06
280  3.6307e-06
281  3.9694e-06
282  8.2168e-06
283  1.6789e-06
284  6.2089e-07
285  9.5505e-08
286  2.4005e-07
287  2.4904e-06
288  2.5497e-06
289  2.0470e-06
290  2.6578e-06
291  1.3688e-06
292  5.3508e-06
293  7.3289e-06
294  3.6723e-06
295  6.1043e-06
296  1.2597e-05
297  1.5412e-05
298  1.6202e-05
299  1.0721e-05
300  5.1440e-06
301  3.6175e-05
302  2.9288e-05
303  1.2904e-05
304  4.0819e-04
305  1.4905e-06
306  3.6075e-04
307  1.4605e-05
308  1.4409e-06
309  8.2881e-08
310  1.1346e-09
311  2.2179e-11
312  2.1174e-13
313  1.6915e-15
314  1.5140e-17
315  6.9565e-20
316  1.3800e-21
317  3.0954e-24
318  9.9923e-26
319  0.0000e+00
320  0.0000e+00
321  0.0000e+00
322  0.0000e+00
323  0.0000e+00
324  0.0000e+00
325  0.0000e+00
326  0.0000e+00
327  0.0000e+00
328  0.0000e+00
329  0.0000e+00
330  0.0000e+00
331  0.0000e+00
332  0.0000e+00
333  0.0000e+00
334  0.0000e+00
335  0.0000e+00
336  0.0000e+00
337  0.0000e+00

