337
time(s) = 1000000000000 t9 = 2.4149308138809119e-12 rho(g/cc) = 1.8149999999996003e-23 
0  0.0000e+00
1  4.7418e-12
2  1.6534e-16
3  1.4292e-20
4  2.2264e-13
5  0.0000e+00
6  1.5239e-29
7  2.7885e-19
8  1.9155e-07
9  3.5068e-23
10  1.7237e-18
11  6.3390e-21
12  1.1953e-24
13  3.9842e-26
14  3.1407e-22
15  2.2063e-24
16  8.9240e-55
17  3.1023e-27
18  1.1278e-25
19  2.2417e-58
20  2.5166e-48
21  0.0000e+00
22  1.4335e-96
23  2.0383e-48
24  0.0000e+00
25  0.0000e+00
26  0.0000e+00
27  0.0000e+00
28  0.0000e+00
29  0.0000e+00
30  0.0000e+00
31  0.0000e+00
32  0.0000e+00
33  0.0000e+00
34  0.0000e+00
35  0.0000e+00
36  0.0000e+00
37  0.0000e+00
38  0.0000e+00
39  9.8335e-174
40  2.0993e-165
41  0.0000e+00
42  1.0591e-24
43  8.1231e-24
44  5.6066e-22
45  4.1382e-23
46  2.8639e-19
47  4.6704e-19
48  4.7429e-17
49  9.0704e-19
50  2.1161e-16
51  5.2840e-18
52  1.3903e-18
53  7.5440e-20
54  1.2709e-16
55  1.0559e-18
56  4.5445e-19
57  2.2897e-18
58  6.6144e-16
59  7.1180e-17
60  1.4749e-14
61  1.6143e-15
62  1.6887e-15
63  3.8047e-15
64  5.7122e-13
65  1.3993e-13
66  6.4916e-11
67  6.4589e-12
68  4.4542e-11
69  3.6296e-11
70  4.9085e-07
71  2.2246e-08
72  6.9561e-06
73  1.2058e-06
74  1.5746e-06
75  1.5457e-05
76  2.0102e-05
77  1.8349e-05
78  1.3019e-03
79  1.6210e-04
80  1.6744e-03
81  1.1225e-03
82  8.8356e-04
83  1.7146e-05
84  3.6099e-07
85  9.6343e-09
86  9.5448e-09
87  1.2792e-09
88  1.4227e-09
89  9.0367e-11
90  1.0395e-10
91  8.3128e-11
92  1.7693e-10
93  1.3576e-09
94  1.5016e-09
95  5.9919e-10
96  4.0668e-08
97  1.4860e-08
98  7.4804e-07
99  3.0951e-07
100  8.8774e-08
101  5.2538e-08
102  3.2925e-07
103  5.7401e-08
104  2.2156e-08
105  4.1760e-08
106  1.2181e-08
107  2.3097e-09
108  8.9372e-09
109  4.9833e-09
110  2.8800e-09
111  4.2433e-09
112  1.3885e-08
113  7.0362e-09
114  9.6954e-08
115  2.4524e-08
116  3.9166e-08
117  8.2412e-08
118  6.4158e-06
119  1.0579e-06
120  1.2873e-05
121  5.0568e-06
122  9.1279e-06
123  2.7369e-06
124  9.0530e-07
125  3.3926e-06
126  7.3398e-06
127  2.1809e-05
128  4.4415e-04
129  3.1176e-04
130  1.0038e-03
131  7.3360e-04
132  1.8764e-03
133  1.3083e-05
134  2.4852e-08
135  5.1713e-11
136  7.2220e-14
137  1.1940e-16
138  5.0803e-19
139  9.0599e-21
140  6.8760e-23
141  1.4831e-24
142  2.5285e-27
143  1.1248e-30
144  5.6573e-31
145  2.1375e-35
146  3.0532e-40
147  0.0000e+00
148  0.0000e+00
149  0.0000e+00
150  0.0000e+00
151  0.0000e+00
152  0.0000e+00
153  0.0000e+00
154  0.0000e+00
155  0.0000e+00
156  0.0000e+00
157  0.0000e+00
158  0.0000e+00
159  0.0000e+00
160  0.0000e+00
161  0.0000e+00
162  0.0000e+00
163  0.0000e+00
164  0.0000e+00
165  0.0000e+00
166  0.0000e+00
167  0.0000e+00
168  0.0000e+00
169  0.0000e+00
170  0.0000e+00
171  0.0000e+00
172  0.0000e+00
173  0.0000e+00
174  0.0000e+00
175  0.0000e+00
176  0.0000e+00
177  0.0000e+00
178  0.0000e+00
179  0.0000e+00
180  0.0000e+00
181  0.0000e+00
182  0.0000e+00
183  0.0000e+00
184  0.0000e+00
185  0.0000e+00
186  0.0000e+00
187  0.0000e+00
188  0.0000e+00
189  0.0000e+00
190  0.0000e+00
191  0.0000e+00
192  0.0000e+00
193  0.0000e+00
194  0.0000e+00
195  0.0000e+00
196  0.0000e+00
197  0.0000e+00
198  0.0000e+00
199  0.0000e+00
200  0.0000e+00
201  0.0000e+00
202  0.0000e+00
203  0.0000e+00
204  3.5527e-33
205  5.1586e-39
206  1.7265e-23
207  1.1559e-23
208  1.1143e-23
209  7.6173e-24
210  3.1530e-24
211  3.1276e-24
212  5.2412e-25
213  1.6886e-38
214  3.9966e-24
215  3.8907e-32
216  1.3114e-36
217  1.8643e-24
218  2.4203e-28
219  3.9137e-29
220  3.8115e-43
221  1.0028e-26
222  7.5828e-30
223  2.0062e-24
224  5.8726e-25
225  5.1316e-25
226  1.0163e-24
227  8.3680e-25
228  2.8188e-24
229  2.2250e-24
230  4.7337e-23
231  1.5319e-23
232  9.2475e-23
233  3.7999e-23
234  7.0544e-23
235  7.6643e-23
236  6.1506e-23
237  6.5416e-23
238  2.1239e-23
239  4.3205e-23
240  2.0608e-24
241  4.7126e-23
242  2.2561e-23
243  2.8455e-24
244  2.3357e-23
245  2.3028e-24
246  1.1955e-25
247  3.0898e-24
248  2.5711e-24
249  1.1540e-38
250  0.0000e+00
251  3.3744e-33
252  0.0000e+00
253  0.0000e+00
254  0.0000e+00
255  0.0000e+00
256  0.0000e+00
257  0.0000e+00
258  0.0000e+00
259  0.0000e+00
260  0.0000e+00
261  0.0000e+00
262  0.0000e+00
263  0.0000e+00
264  0.0000e+00
265  0.0000e+00
266  0.0000e+00
267  0.0000e+00
268  0.0000e+00
269  0.0000e+00
270  0.0000e+00
271  0.0000e+00
272  0.0000e+00
273  0.0000e+00
274  0.0000e+00
275  0.0000e+00
276  0.0000e+00
277  0.0000e+00
278  0.0000e+00
279  0.0000e+00
280  0.0000e+00
281  0.0000e+00
282  0.0000e+00
283  0.0000e+00
284  0.0000e+00
285  0.0000e+00
286  0.0000e+00
287  0.0000e+00
288  0.0000e+00
289  0.0000e+00
290  0.0000e+00
291  0.0000e+00
292  0.0000e+00
293  0.0000e+00
294  0.0000e+00
295  0.0000e+00
296  0.0000e+00
297  0.0000e+00
298  0.0000e+00
299  0.0000e+00
300  0.0000e+00
301  0.0000e+00
302  0.0000e+00
303  0.0000e+00
304  0.0000e+00
305  0.0000e+00
306  0.0000e+00
307  0.0000e+00
308  0.0000e+00
309  0.0000e+00
310  0.0000e+00
311  0.0000e+00
312  0.0000e+00
313  0.0000e+00
314  0.0000e+00
315  0.0000e+00
316  0.0000e+00
317  0.0000e+00
318  0.0000e+00
319  0.0000e+00
320  0.0000e+00
321  0.0000e+00
322  0.0000e+00
323  0.0000e+00
324  0.0000e+00
325  0.0000e+00
326  0.0000e+00
327  0.0000e+00
328  0.0000e+00
329  0.0000e+00
330  0.0000e+00
331  0.0000e+00
332  0.0000e+00
333  0.0000e+00
334  0.0000e+00
335  0.0000e+00
336  0.0000e+00
337  0.0000e+00

