337
time(s) = 1000000000000 t9 = 8.800768272162897e-13 rho(g/cc) = 1.8149999999996003e-23 
0  0.0000e+00
1  8.5670e-12
2  4.4288e-16
3  1.8568e-22
4  7.1299e-14
5  0.0000e+00
6  7.1061e-37
7  1.6116e-21
8  1.6913e-06
9  2.7292e-26
10  7.6157e-21
11  2.2603e-25
12  4.0543e-51
13  5.5842e-28
14  5.9140e-25
15  7.9724e-68
16  0.0000e+00
17  0.0000e+00
18  2.2079e-110
19  0.0000e+00
20  0.0000e+00
21  0.0000e+00
22  0.0000e+00
23  0.0000e+00
24  0.0000e+00
25  0.0000e+00
26  0.0000e+00
27  0.0000e+00
28  0.0000e+00
29  0.0000e+00
30  0.0000e+00
31  0.0000e+00
32  1.8219e-37
33  0.0000e+00
34  1.0496e-98
35  1.3271e-24
36  3.5956e-24
37  1.4396e-24
38  2.0853e-24
39  3.0840e-26
40  6.2185e-21
41  1.0284e-22
42  1.6443e-20
43  7.3078e-20
44  4.6247e-20
45  3.6947e-20
46  2.1073e-16
47  1.5545e-16
48  2.4944e-16
49  6.9680e-18
50  1.0875e-14
51  1.9633e-16
52  1.3541e-17
53  8.9535e-18
54  2.5777e-15
55  3.0279e-17
56  6.2606e-17
57  3.3850e-17
58  1.5947e-15
59  7.7335e-16
60  3.8626e-13
61  7.8983e-14
62  1.9122e-13
63  4.8628e-14
64  9.4805e-13
65  1.0236e-12
66  1.1171e-09
67  1.4716e-10
68  5.4398e-10
69  3.1582e-10
70  1.0806e-06
71  1.3866e-07
72  1.7409e-04
73  5.4862e-05
74  2.6989e-04
75  8.1356e-05
76  1.6675e-04
77  5.8540e-04
78  5.3681e-04
79  2.2248e-04
80  5.1730e-03
81  1.1447e-03
82  1.5508e-04
83  2.6950e-06
84  3.4461e-08
85  1.1639e-09
86  2.5051e-09
87  2.1063e-10
88  7.3634e-10
89  6.1530e-11
90  5.9114e-10
91  2.1370e-10
92  1.4266e-09
93  3.9475e-10
94  4.2122e-10
95  4.9042e-10
96  1.1014e-09
97  1.2400e-09
98  1.4909e-07
99  5.5490e-08
100  1.8738e-08
101  2.5087e-08
102  1.2104e-07
103  2.8492e-08
104  4.8654e-08
105  7.3110e-08
106  2.1893e-08
107  6.5435e-09
108  1.8681e-08
109  1.0833e-08
110  1.4035e-08
111  1.6959e-08
112  6.1039e-08
113  4.1291e-08
114  3.0041e-06
115  6.8221e-07
116  8.6075e-07
117  1.0989e-06
118  2.3092e-06
119  5.2604e-07
120  2.0558e-05
121  1.7668e-05
122  1.1696e-04
123  3.6559e-05
124  1.8235e-05
125  1.8740e-05
126  3.9841e-05
127  2.8645e-05
128  6.6817e-05
129  1.5359e-04
130  8.4677e-04
131  4.6901e-04
132  6.2464e-04
133  4.1815e-06
134  8.0717e-09
135  1.9398e-11
136  3.2024e-14
137  6.7927e-17
138  3.4199e-19
139  7.5870e-21
140  8.0806e-23
141  2.2261e-24
142  3.1970e-37
143  0.0000e+00
144  0.0000e+00
145  0.0000e+00
146  0.0000e+00
147  0.0000e+00
148  0.0000e+00
149  0.0000e+00
150  0.0000e+00
151  0.0000e+00
152  0.0000e+00
153  0.0000e+00
154  0.0000e+00
155  0.0000e+00
156  0.0000e+00
157  0.0000e+00
158  0.0000e+00
159  0.0000e+00
160  0.0000e+00
161  0.0000e+00
162  0.0000e+00
163  0.0000e+00
164  0.0000e+00
165  0.0000e+00
166  0.0000e+00
167  0.0000e+00
168  0.0000e+00
169  0.0000e+00
170  0.0000e+00
171  0.0000e+00
172  0.0000e+00
173  0.0000e+00
174  0.0000e+00
175  0.0000e+00
176  0.0000e+00
177  0.0000e+00
178  0.0000e+00
179  0.0000e+00
180  0.0000e+00
181  0.0000e+00
182  0.0000e+00
183  0.0000e+00
184  0.0000e+00
185  0.0000e+00
186  0.0000e+00
187  0.0000e+00
188  0.0000e+00
189  0.0000e+00
190  0.0000e+00
191  0.0000e+00
192  0.0000e+00
193  0.0000e+00
194  0.0000e+00
195  0.0000e+00
196  0.0000e+00
197  0.0000e+00
198  0.0000e+00
199  0.0000e+00
200  0.0000e+00
201  0.0000e+00
202  0.0000e+00
203  0.0000e+00
204  0.0000e+00
205  0.0000e+00
206  0.0000e+00
207  0.0000e+00
208  0.0000e+00
209  0.0000e+00
210  0.0000e+00
211  0.0000e+00
212  0.0000e+00
213  0.0000e+00
214  0.0000e+00
215  0.0000e+00
216  0.0000e+00
217  0.0000e+00
218  0.0000e+00
219  0.0000e+00
220  0.0000e+00
221  0.0000e+00
222  0.0000e+00
223  0.0000e+00
224  0.0000e+00
225  0.0000e+00
226  0.0000e+00
227  0.0000e+00
228  0.0000e+00
229  0.0000e+00
230  0.0000e+00
231  0.0000e+00
232  0.0000e+00
233  0.0000e+00
234  0.0000e+00
235  0.0000e+00
236  0.0000e+00
237  0.0000e+00
238  0.0000e+00
239  0.0000e+00
240  0.0000e+00
241  0.0000e+00
242  0.0000e+00
243  0.0000e+00
244  0.0000e+00
245  0.0000e+00
246  0.0000e+00
247  0.0000e+00
248  0.0000e+00
249  0.0000e+00
250  0.0000e+00
251  0.0000e+00
252  0.0000e+00
253  0.0000e+00
254  0.0000e+00
255  0.0000e+00
256  0.0000e+00
257  0.0000e+00
258  0.0000e+00
259  0.0000e+00
260  0.0000e+00
261  0.0000e+00
262  0.0000e+00
263  0.0000e+00
264  0.0000e+00
265  0.0000e+00
266  0.0000e+00
267  0.0000e+00
268  0.0000e+00
269  0.0000e+00
270  0.0000e+00
271  0.0000e+00
272  0.0000e+00
273  0.0000e+00
274  0.0000e+00
275  0.0000e+00
276  0.0000e+00
277  0.0000e+00
278  0.0000e+00
279  0.0000e+00
280  0.0000e+00
281  0.0000e+00
282  0.0000e+00
283  0.0000e+00
284  0.0000e+00
285  0.0000e+00
286  0.0000e+00
287  0.0000e+00
288  0.0000e+00
289  0.0000e+00
290  0.0000e+00
291  0.0000e+00
292  0.0000e+00
293  0.0000e+00
294  0.0000e+00
295  0.0000e+00
296  0.0000e+00
297  0.0000e+00
298  0.0000e+00
299  0.0000e+00
300  0.0000e+00
301  0.0000e+00
302  0.0000e+00
303  0.0000e+00
304  0.0000e+00
305  0.0000e+00
306  0.0000e+00
307  0.0000e+00
308  0.0000e+00
309  0.0000e+00
310  0.0000e+00
311  0.0000e+00
312  0.0000e+00
313  0.0000e+00
314  0.0000e+00
315  0.0000e+00
316  0.0000e+00
317  0.0000e+00
318  0.0000e+00
319  0.0000e+00
320  0.0000e+00
321  0.0000e+00
322  0.0000e+00
323  0.0000e+00
324  0.0000e+00
325  0.0000e+00
326  0.0000e+00
327  0.0000e+00
328  0.0000e+00
329  0.0000e+00
330  0.0000e+00
331  0.0000e+00
332  0.0000e+00
333  0.0000e+00
334  0.0000e+00
335  0.0000e+00
336  0.0000e+00
337  0.0000e+00

