337
time(s) = 1000000000000 t9 = 7.8670378700521527e-13 rho(g/cc) = 1.8149999999996003e-23 
0  0.0000e+00
1  8.3518e-12
2  4.1724e-16
3  1.3009e-22
4  7.0291e-14
5  0.0000e+00
6  4.6904e-37
7  8.9776e-22
8  2.3145e-06
9  1.2097e-26
10  4.2664e-21
11  1.2596e-25
12  1.9329e-51
13  3.6882e-28
14  2.4663e-25
15  1.6822e-68
16  0.0000e+00
17  0.0000e+00
18  4.7114e-111
19  0.0000e+00
20  0.0000e+00
21  0.0000e+00
22  0.0000e+00
23  0.0000e+00
24  0.0000e+00
25  0.0000e+00
26  0.0000e+00
27  0.0000e+00
28  0.0000e+00
29  0.0000e+00
30  0.0000e+00
31  0.0000e+00
32  2.2048e-37
33  0.0000e+00
34  1.3986e-98
35  1.7199e-24
36  4.7610e-24
37  1.8487e-24
38  2.6482e-24
39  2.3756e-25
40  7.7801e-21
41  1.2657e-22
42  2.0033e-20
43  8.9763e-20
44  5.6377e-20
45  4.4306e-20
46  2.5205e-16
47  1.8522e-16
48  2.9779e-16
49  8.1045e-18
50  1.2659e-14
51  2.2747e-16
52  1.5443e-17
53  1.0127e-17
54  2.8306e-15
55  3.2808e-17
56  6.6759e-17
57  3.7456e-17
58  1.8077e-15
59  8.5950e-16
60  4.2725e-13
61  8.6037e-14
62  2.0615e-13
63  5.3284e-14
64  1.0254e-12
65  1.0858e-12
66  1.1783e-09
67  1.5322e-10
68  5.5987e-10
69  3.2881e-10
70  1.1246e-06
71  1.4154e-07
72  1.7640e-04
73  5.4459e-05
74  2.6662e-04
75  8.1605e-05
76  1.6497e-04
77  5.7854e-04
78  5.4045e-04
79  2.2037e-04
80  5.1027e-03
81  1.1290e-03
82  1.5315e-04
83  2.6358e-06
84  3.3445e-08
85  1.1267e-09
86  2.3675e-09
87  1.9925e-10
88  7.2894e-10
89  6.0183e-11
90  5.7199e-10
91  2.0392e-10
92  1.3509e-09
93  3.8164e-10
94  4.1323e-10
95  4.8048e-10
96  1.1178e-09
97  1.2426e-09
98  1.4943e-07
99  5.5344e-08
100  1.8577e-08
101  2.4987e-08
102  1.2157e-07
103  2.8346e-08
104  4.8033e-08
105  7.2351e-08
106  2.1538e-08
107  6.4391e-09
108  1.9153e-08
109  1.1066e-08
110  1.4231e-08
111  1.7325e-08
112  6.4467e-08
113  4.3433e-08
114  3.1466e-06
115  7.0948e-07
116  8.8868e-07
117  1.1551e-06
118  2.4570e-06
119  5.5702e-07
120  2.1861e-05
121  1.8557e-05
122  1.2192e-04
123  3.7829e-05
124  1.8704e-05
125  1.9138e-05
126  4.0019e-05
127  2.9437e-05
128  6.9340e-05
129  1.5756e-04
130  8.6537e-04
131  4.7903e-04
132  6.3834e-04
133  4.2488e-06
134  8.1533e-09
135  1.9430e-11
136  3.1845e-14
137  6.7099e-17
138  3.3764e-19
139  7.4550e-21
140  7.8749e-23
141  2.1450e-24
142  2.4715e-37
143  0.0000e+00
144  0.0000e+00
145  0.0000e+00
146  0.0000e+00
147  0.0000e+00
148  0.0000e+00
149  0.0000e+00
150  0.0000e+00
151  0.0000e+00
152  0.0000e+00
153  0.0000e+00
154  0.0000e+00
155  0.0000e+00
156  0.0000e+00
157  0.0000e+00
158  0.0000e+00
159  0.0000e+00
160  0.0000e+00
161  0.0000e+00
162  0.0000e+00
163  0.0000e+00
164  0.0000e+00
165  0.0000e+00
166  0.0000e+00
167  0.0000e+00
168  0.0000e+00
169  0.0000e+00
170  0.0000e+00
171  0.0000e+00
172  0.0000e+00
173  0.0000e+00
174  0.0000e+00
175  0.0000e+00
176  0.0000e+00
177  0.0000e+00
178  0.0000e+00
179  0.0000e+00
180  0.0000e+00
181  0.0000e+00
182  0.0000e+00
183  0.0000e+00
184  0.0000e+00
185  0.0000e+00
186  0.0000e+00
187  0.0000e+00
188  0.0000e+00
189  0.0000e+00
190  0.0000e+00
191  0.0000e+00
192  0.0000e+00
193  0.0000e+00
194  0.0000e+00
195  0.0000e+00
196  0.0000e+00
197  0.0000e+00
198  0.0000e+00
199  0.0000e+00
200  0.0000e+00
201  0.0000e+00
202  0.0000e+00
203  0.0000e+00
204  0.0000e+00
205  0.0000e+00
206  0.0000e+00
207  0.0000e+00
208  0.0000e+00
209  0.0000e+00
210  0.0000e+00
211  0.0000e+00
212  0.0000e+00
213  0.0000e+00
214  0.0000e+00
215  0.0000e+00
216  0.0000e+00
217  0.0000e+00
218  0.0000e+00
219  0.0000e+00
220  0.0000e+00
221  0.0000e+00
222  0.0000e+00
223  0.0000e+00
224  0.0000e+00
225  0.0000e+00
226  0.0000e+00
227  0.0000e+00
228  0.0000e+00
229  0.0000e+00
230  0.0000e+00
231  0.0000e+00
232  0.0000e+00
233  0.0000e+00
234  0.0000e+00
235  0.0000e+00
236  0.0000e+00
237  0.0000e+00
238  0.0000e+00
239  0.0000e+00
240  0.0000e+00
241  0.0000e+00
242  0.0000e+00
243  0.0000e+00
244  0.0000e+00
245  0.0000e+00
246  0.0000e+00
247  0.0000e+00
248  0.0000e+00
249  0.0000e+00
250  0.0000e+00
251  0.0000e+00
252  0.0000e+00
253  0.0000e+00
254  0.0000e+00
255  0.0000e+00
256  0.0000e+00
257  0.0000e+00
258  0.0000e+00
259  0.0000e+00
260  0.0000e+00
261  0.0000e+00
262  0.0000e+00
263  0.0000e+00
264  0.0000e+00
265  0.0000e+00
266  0.0000e+00
267  0.0000e+00
268  0.0000e+00
269  0.0000e+00
270  0.0000e+00
271  0.0000e+00
272  0.0000e+00
273  0.0000e+00
274  0.0000e+00
275  0.0000e+00
276  0.0000e+00
277  0.0000e+00
278  0.0000e+00
279  0.0000e+00
280  0.0000e+00
281  0.0000e+00
282  0.0000e+00
283  0.0000e+00
284  0.0000e+00
285  0.0000e+00
286  0.0000e+00
287  0.0000e+00
288  0.0000e+00
289  0.0000e+00
290  0.0000e+00
291  0.0000e+00
292  0.0000e+00
293  0.0000e+00
294  0.0000e+00
295  0.0000e+00
296  0.0000e+00
297  0.0000e+00
298  0.0000e+00
299  0.0000e+00
300  0.0000e+00
301  0.0000e+00
302  0.0000e+00
303  0.0000e+00
304  0.0000e+00
305  0.0000e+00
306  0.0000e+00
307  0.0000e+00
308  0.0000e+00
309  0.0000e+00
310  0.0000e+00
311  0.0000e+00
312  0.0000e+00
313  0.0000e+00
314  0.0000e+00
315  0.0000e+00
316  0.0000e+00
317  0.0000e+00
318  0.0000e+00
319  0.0000e+00
320  0.0000e+00
321  0.0000e+00
322  0.0000e+00
323  0.0000e+00
324  0.0000e+00
325  0.0000e+00
326  0.0000e+00
327  0.0000e+00
328  0.0000e+00
329  0.0000e+00
330  0.0000e+00
331  0.0000e+00
332  0.0000e+00
333  0.0000e+00
334  0.0000e+00
335  0.0000e+00
336  0.0000e+00
337  0.0000e+00

