337
time(s) = 1000000000000 t9 = 5.6193127643229972e-13 rho(g/cc) = 1.8149999999996003e-23 
0  0.0000e+00
1  7.4497e-12
2  3.2387e-16
3  5.6679e-23
4  6.6929e-14
5  0.0000e+00
6  2.5839e-37
7  1.5924e-22
8  6.2000e-06
9  1.1378e-27
10  7.8066e-22
11  2.2418e-26
12  1.5393e-102
13  1.2548e-28
14  1.7188e-24
15  3.1367e-67
16  0.0000e+00
17  0.0000e+00
18  9.3775e-110
19  0.0000e+00
20  0.0000e+00
21  0.0000e+00
22  0.0000e+00
23  0.0000e+00
24  0.0000e+00
25  0.0000e+00
26  0.0000e+00
27  0.0000e+00
28  0.0000e+00
29  0.0000e+00
30  0.0000e+00
31  0.0000e+00
32  1.2325e-37
33  5.5841e-46
34  9.6413e-24
35  1.3293e-24
36  3.5974e-24
37  3.0725e-24
38  4.3350e-24
39  3.2185e-25
40  1.3845e-20
41  2.0782e-22
42  3.0008e-20
43  1.5009e-19
44  9.9192e-20
45  6.4683e-20
46  3.9335e-16
47  2.9425e-16
48  5.3822e-16
49  1.2717e-17
50  1.9146e-14
51  3.3963e-16
52  2.1329e-17
53  1.2752e-17
54  3.4427e-15
55  3.6850e-17
56  6.7001e-17
57  4.9004e-17
58  2.8911e-15
59  1.2168e-15
60  5.7127e-13
61  1.0402e-13
62  2.3079e-13
63  6.8615e-14
64  1.3760e-12
65  1.2995e-12
66  1.3292e-09
67  1.5925e-10
68  5.4106e-10
69  3.6144e-10
70  1.3683e-06
71  1.5373e-07
72  1.7760e-04
73  4.7732e-05
74  2.2443e-04
75  8.1588e-05
76  1.4917e-04
77  5.1774e-04
78  5.8329e-04
79  2.1245e-04
80  4.7794e-03
81  1.0690e-03
82  1.4844e-04
83  2.4292e-06
84  2.9776e-08
85  9.7017e-10
86  1.8524e-09
87  1.6178e-10
88  7.6022e-10
89  5.8111e-11
90  5.0266e-10
91  1.6368e-10
92  1.0142e-09
93  3.4012e-10
94  3.9585e-10
95  4.4897e-10
96  1.3115e-09
97  1.3139e-09
98  1.5613e-07
99  5.6518e-08
100  1.8324e-08
101  2.4755e-08
102  1.2781e-07
103  2.8185e-08
104  4.4091e-08
105  6.8064e-08
106  1.9613e-08
107  5.7373e-09
108  2.1409e-08
109  1.2104e-08
110  1.4532e-08
111  1.8315e-08
112  7.9448e-08
113  5.1908e-08
114  3.4568e-06
115  7.4874e-07
116  8.8565e-07
117  1.3104e-06
118  3.4030e-06
119  7.3510e-07
120  3.0244e-05
121  2.3344e-05
122  1.4392e-04
123  4.2498e-05
124  1.9565e-05
125  1.9725e-05
126  3.6707e-05
127  3.2015e-05
128  8.4332e-05
129  1.7802e-04
130  9.5106e-04
131  5.2925e-04
132  7.1651e-04
133  4.6350e-06
134  8.6164e-09
135  1.9335e-11
136  3.0211e-14
137  6.1161e-17
138  3.0507e-19
139  6.4730e-21
140  6.4796e-23
141  1.6433e-24
142  2.9901e-38
143  0.0000e+00
144  0.0000e+00
145  0.0000e+00
146  0.0000e+00
147  0.0000e+00
148  0.0000e+00
149  0.0000e+00
150  0.0000e+00
151  0.0000e+00
152  0.0000e+00
153  0.0000e+00
154  0.0000e+00
155  0.0000e+00
156  0.0000e+00
157  0.0000e+00
158  0.0000e+00
159  0.0000e+00
160  0.0000e+00
161  0.0000e+00
162  0.0000e+00
163  0.0000e+00
164  0.0000e+00
165  0.0000e+00
166  0.0000e+00
167  0.0000e+00
168  0.0000e+00
169  0.0000e+00
170  0.0000e+00
171  0.0000e+00
172  0.0000e+00
173  0.0000e+00
174  0.0000e+00
175  0.0000e+00
176  0.0000e+00
177  0.0000e+00
178  0.0000e+00
179  0.0000e+00
180  0.0000e+00
181  0.0000e+00
182  0.0000e+00
183  0.0000e+00
184  0.0000e+00
185  0.0000e+00
186  0.0000e+00
187  0.0000e+00
188  0.0000e+00
189  0.0000e+00
190  0.0000e+00
191  0.0000e+00
192  0.0000e+00
193  0.0000e+00
194  0.0000e+00
195  0.0000e+00
196  0.0000e+00
197  0.0000e+00
198  0.0000e+00
199  0.0000e+00
200  0.0000e+00
201  0.0000e+00
202  0.0000e+00
203  0.0000e+00
204  0.0000e+00
205  0.0000e+00
206  0.0000e+00
207  0.0000e+00
208  0.0000e+00
209  0.0000e+00
210  0.0000e+00
211  0.0000e+00
212  0.0000e+00
213  0.0000e+00
214  0.0000e+00
215  0.0000e+00
216  0.0000e+00
217  0.0000e+00
218  0.0000e+00
219  0.0000e+00
220  0.0000e+00
221  0.0000e+00
222  0.0000e+00
223  0.0000e+00
224  0.0000e+00
225  0.0000e+00
226  0.0000e+00
227  0.0000e+00
228  0.0000e+00
229  0.0000e+00
230  0.0000e+00
231  0.0000e+00
232  0.0000e+00
233  0.0000e+00
234  0.0000e+00
235  0.0000e+00
236  0.0000e+00
237  0.0000e+00
238  0.0000e+00
239  0.0000e+00
240  0.0000e+00
241  0.0000e+00
242  0.0000e+00
243  0.0000e+00
244  0.0000e+00
245  0.0000e+00
246  0.0000e+00
247  0.0000e+00
248  0.0000e+00
249  0.0000e+00
250  0.0000e+00
251  0.0000e+00
252  0.0000e+00
253  0.0000e+00
254  0.0000e+00
255  0.0000e+00
256  0.0000e+00
257  0.0000e+00
258  0.0000e+00
259  0.0000e+00
260  0.0000e+00
261  0.0000e+00
262  0.0000e+00
263  0.0000e+00
264  0.0000e+00
265  0.0000e+00
266  0.0000e+00
267  0.0000e+00
268  0.0000e+00
269  0.0000e+00
270  0.0000e+00
271  0.0000e+00
272  0.0000e+00
273  0.0000e+00
274  0.0000e+00
275  0.0000e+00
276  0.0000e+00
277  0.0000e+00
278  0.0000e+00
279  0.0000e+00
280  0.0000e+00
281  0.0000e+00
282  0.0000e+00
283  0.0000e+00
284  0.0000e+00
285  0.0000e+00
286  0.0000e+00
287  0.0000e+00
288  0.0000e+00
289  0.0000e+00
290  0.0000e+00
291  0.0000e+00
292  0.0000e+00
293  0.0000e+00
294  0.0000e+00
295  0.0000e+00
296  0.0000e+00
297  0.0000e+00
298  0.0000e+00
299  0.0000e+00
300  0.0000e+00
301  0.0000e+00
302  0.0000e+00
303  0.0000e+00
304  0.0000e+00
305  0.0000e+00
306  0.0000e+00
307  0.0000e+00
308  0.0000e+00
309  0.0000e+00
310  0.0000e+00
311  0.0000e+00
312  0.0000e+00
313  0.0000e+00
314  0.0000e+00
315  0.0000e+00
316  0.0000e+00
317  0.0000e+00
318  0.0000e+00
319  0.0000e+00
320  0.0000e+00
321  0.0000e+00
322  0.0000e+00
323  0.0000e+00
324  0.0000e+00
325  0.0000e+00
326  0.0000e+00
327  0.0000e+00
328  0.0000e+00
329  0.0000e+00
330  0.0000e+00
331  0.0000e+00
332  0.0000e+00
333  0.0000e+00
334  0.0000e+00
335  0.0000e+00
336  0.0000e+00
337  0.0000e+00

