337
time(s) = 1000000000000 t9 = 1.378345100704472e-12 rho(g/cc) = 1.8149999999996003e-23 
0  0.0000e+00
1  2.9030e-12
2  5.5023e-17
3  8.6522e-22
4  5.1124e-14
5  0.0000e+00
6  4.0768e-32
7  1.1630e-20
8  6.8852e-07
9  5.4239e-25
10  8.7627e-20
11  1.6772e-24
12  3.0443e-29
13  1.2853e-26
14  8.2748e-25
15  4.4825e-68
16  0.0000e+00
17  0.0000e+00
18  2.6269e-110
19  0.0000e+00
20  0.0000e+00
21  0.0000e+00
22  0.0000e+00
23  0.0000e+00
24  0.0000e+00
25  0.0000e+00
26  0.0000e+00
27  0.0000e+00
28  0.0000e+00
29  0.0000e+00
30  1.2337e-99
31  0.0000e+00
32  3.2585e-36
33  5.8054e-29
34  5.8153e-22
35  1.5253e-23
36  4.3035e-23
37  9.4786e-23
38  4.7563e-22
39  3.6148e-24
40  3.0441e-19
41  4.0675e-21
42  1.5809e-19
43  1.7612e-18
44  8.4595e-18
45  8.3211e-19
46  7.1036e-15
47  5.8789e-15
48  6.5153e-14
49  7.9513e-16
50  4.5711e-13
51  7.1609e-15
52  3.8395e-16
53  6.2347e-17
54  3.1412e-14
55  1.8433e-16
56  1.4990e-16
57  6.4294e-16
58  1.0057e-13
59  1.4226e-14
60  3.6507e-12
61  3.4569e-13
62  3.7094e-13
63  4.7284e-13
64  1.3655e-11
65  4.4210e-12
66  2.4587e-09
67  1.8433e-10
68  4.3344e-10
69  5.0917e-10
70  2.7664e-06
71  1.1707e-07
72  6.4630e-05
73  6.6905e-06
74  1.6907e-05
75  5.2709e-05
76  3.3427e-05
77  8.1402e-05
78  8.5450e-04
79  1.1247e-04
80  1.6337e-03
81  5.3420e-04
82  1.2039e-04
83  1.3634e-06
84  1.4681e-08
85  3.7629e-10
86  3.8556e-10
87  5.5694e-11
88  4.9329e-10
89  1.9796e-11
90  6.1654e-11
91  2.0779e-11
92  6.3276e-11
93  4.1788e-10
94  3.8706e-10
95  2.0758e-10
96  1.1322e-08
97  3.8196e-09
98  3.2841e-07
99  1.0390e-07
100  2.6536e-08
101  2.5555e-08
102  2.0853e-07
103  2.6040e-08
104  1.9187e-08
105  4.3813e-08
106  1.5885e-08
107  3.0742e-09
108  5.4168e-08
109  2.5651e-08
110  1.5738e-08
111  3.2712e-08
112  2.0771e-07
113  8.6289e-08
114  2.1522e-06
115  4.5743e-07
116  5.1690e-07
117  1.8725e-06
118  4.8984e-05
119  6.5214e-06
120  1.4984e-04
121  5.0509e-05
122  1.4786e-04
123  3.1414e-05
124  9.0517e-06
125  2.5623e-05
126  2.5611e-05
127  4.7696e-05
128  4.8565e-04
129  4.1835e-04
130  1.5592e-03
131  9.5691e-04
132  1.5832e-03
133  8.3502e-06
134  1.1964e-08
135  1.6240e-11
136  1.6909e-14
137  2.4990e-17
138  1.1867e-19
139  1.6424e-21
140  9.5239e-24
141  1.8334e-42
142  0.0000e+00
143  0.0000e+00
144  0.0000e+00
145  0.0000e+00
146  0.0000e+00
147  0.0000e+00
148  0.0000e+00
149  0.0000e+00
150  0.0000e+00
151  0.0000e+00
152  0.0000e+00
153  0.0000e+00
154  0.0000e+00
155  0.0000e+00
156  0.0000e+00
157  0.0000e+00
158  0.0000e+00
159  0.0000e+00
160  0.0000e+00
161  0.0000e+00
162  0.0000e+00
163  0.0000e+00
164  0.0000e+00
165  0.0000e+00
166  0.0000e+00
167  0.0000e+00
168  0.0000e+00
169  0.0000e+00
170  0.0000e+00
171  0.0000e+00
172  0.0000e+00
173  0.0000e+00
174  0.0000e+00
175  0.0000e+00
176  0.0000e+00
177  0.0000e+00
178  0.0000e+00
179  0.0000e+00
180  0.0000e+00
181  0.0000e+00
182  0.0000e+00
183  0.0000e+00
184  0.0000e+00
185  0.0000e+00
186  0.0000e+00
187  0.0000e+00
188  0.0000e+00
189  0.0000e+00
190  0.0000e+00
191  0.0000e+00
192  0.0000e+00
193  0.0000e+00
194  0.0000e+00
195  0.0000e+00
196  0.0000e+00
197  0.0000e+00
198  0.0000e+00
199  0.0000e+00
200  0.0000e+00
201  0.0000e+00
202  0.0000e+00
203  0.0000e+00
204  0.0000e+00
205  0.0000e+00
206  0.0000e+00
207  0.0000e+00
208  0.0000e+00
209  0.0000e+00
210  0.0000e+00
211  0.0000e+00
212  0.0000e+00
213  0.0000e+00
214  0.0000e+00
215  0.0000e+00
216  0.0000e+00
217  0.0000e+00
218  0.0000e+00
219  0.0000e+00
220  0.0000e+00
221  0.0000e+00
222  0.0000e+00
223  0.0000e+00
224  0.0000e+00
225  0.0000e+00
226  0.0000e+00
227  0.0000e+00
228  0.0000e+00
229  0.0000e+00
230  0.0000e+00
231  0.0000e+00
232  0.0000e+00
233  0.0000e+00
234  0.0000e+00
235  0.0000e+00
236  0.0000e+00
237  0.0000e+00
238  0.0000e+00
239  0.0000e+00
240  0.0000e+00
241  0.0000e+00
242  0.0000e+00
243  0.0000e+00
244  0.0000e+00
245  0.0000e+00
246  0.0000e+00
247  0.0000e+00
248  0.0000e+00
249  0.0000e+00
250  0.0000e+00
251  0.0000e+00
252  0.0000e+00
253  0.0000e+00
254  0.0000e+00
255  0.0000e+00
256  0.0000e+00
257  0.0000e+00
258  0.0000e+00
259  0.0000e+00
260  0.0000e+00
261  0.0000e+00
262  0.0000e+00
263  0.0000e+00
264  0.0000e+00
265  0.0000e+00
266  0.0000e+00
267  0.0000e+00
268  0.0000e+00
269  0.0000e+00
270  0.0000e+00
271  0.0000e+00
272  0.0000e+00
273  0.0000e+00
274  0.0000e+00
275  0.0000e+00
276  0.0000e+00
277  0.0000e+00
278  0.0000e+00
279  0.0000e+00
280  0.0000e+00
281  0.0000e+00
282  0.0000e+00
283  0.0000e+00
284  0.0000e+00
285  0.0000e+00
286  0.0000e+00
287  0.0000e+00
288  0.0000e+00
289  0.0000e+00
290  0.0000e+00
291  0.0000e+00
292  0.0000e+00
293  0.0000e+00
294  0.0000e+00
295  0.0000e+00
296  0.0000e+00
297  0.0000e+00
298  0.0000e+00
299  0.0000e+00
300  0.0000e+00
301  0.0000e+00
302  0.0000e+00
303  0.0000e+00
304  0.0000e+00
305  0.0000e+00
306  0.0000e+00
307  0.0000e+00
308  0.0000e+00
309  0.0000e+00
310  0.0000e+00
311  0.0000e+00
312  0.0000e+00
313  0.0000e+00
314  0.0000e+00
315  0.0000e+00
316  0.0000e+00
317  0.0000e+00
318  0.0000e+00
319  0.0000e+00
320  0.0000e+00
321  0.0000e+00
322  0.0000e+00
323  0.0000e+00
324  0.0000e+00
325  0.0000e+00
326  0.0000e+00
327  0.0000e+00
328  0.0000e+00
329  0.0000e+00
330  0.0000e+00
331  0.0000e+00
332  0.0000e+00
333  0.0000e+00
334  0.0000e+00
335  0.0000e+00
336  0.0000e+00
337  0.0000e+00

