337
time(s) = 1000000000000 t9 = 2.7015563973799276e-12 rho(g/cc) = 1.8149999999996003e-23 
0  0.0000e+00
1  7.1340e-12
2  3.6543e-16
3  2.4977e-20
4  6.8301e-13
5  0.0000e+00
6  1.4319e-28
7  5.7110e-19
8  1.1139e-07
9  7.8165e-23
10  3.0267e-18
11  1.1808e-20
12  2.5228e-24
13  9.1133e-26
14  1.4932e-21
15  1.5677e-23
16  1.4449e-53
17  1.2488e-26
18  3.0322e-25
19  1.2786e-57
20  1.4641e-42
21  0.0000e+00
22  7.6663e-96
23  1.1940e-42
24  0.0000e+00
25  0.0000e+00
26  0.0000e+00
27  0.0000e+00
28  0.0000e+00
29  0.0000e+00
30  0.0000e+00
31  0.0000e+00
32  0.0000e+00
33  0.0000e+00
34  0.0000e+00
35  0.0000e+00
36  0.0000e+00
37  0.0000e+00
38  0.0000e+00
39  0.0000e+00
40  0.0000e+00
41  0.0000e+00
42  5.1418e-43
43  0.0000e+00
44  7.7478e-24
45  8.8168e-25
46  7.8799e-21
47  1.3373e-20
48  6.4049e-18
49  2.3921e-19
50  8.1570e-18
51  1.9794e-19
52  4.4010e-20
53  3.4095e-21
54  7.4406e-18
55  7.0032e-20
56  4.0524e-20
57  1.6031e-19
58  5.1186e-17
59  8.5652e-18
60  2.1826e-15
61  2.6003e-16
62  3.2946e-16
63  6.1629e-16
64  9.6365e-14
65  3.7360e-14
66  2.1315e-11
67  2.1591e-12
68  1.4921e-11
69  1.5773e-11
70  2.7879e-07
71  1.7200e-08
72  7.5147e-06
73  1.2558e-06
74  2.6619e-06
75  1.6232e-05
76  1.7867e-05
77  3.1257e-05
78  1.3220e-03
79  2.1835e-04
80  3.0493e-03
81  1.5491e-03
82  9.3662e-04
83  2.0117e-05
84  4.5528e-07
85  1.2611e-08
86  2.2005e-08
87  3.3870e-09
88  8.4680e-09
89  5.6898e-10
90  1.1747e-09
91  3.4490e-10
92  9.6128e-10
93  3.8543e-09
94  3.7647e-09
95  2.4640e-09
96  4.9164e-08
97  2.4121e-08
98  1.6195e-06
99  6.7963e-07
100  2.0916e-07
101  1.4463e-07
102  9.4601e-07
103  1.9503e-07
104  1.0109e-07
105  1.9791e-07
106  6.0758e-08
107  1.2388e-08
108  4.2561e-08
109  2.4308e-08
110  1.6119e-08
111  1.7861e-08
112  1.8288e-08
113  1.0042e-08
114  1.2632e-07
115  2.9483e-08
116  3.4484e-08
117  6.9269e-08
118  3.1398e-06
119  5.7230e-07
120  1.0120e-05
121  4.6704e-06
122  1.2522e-05
123  3.5649e-06
124  1.1118e-06
125  2.4070e-06
126  3.5809e-06
127  1.1388e-05
128  2.1241e-04
129  2.1344e-04
130  8.4828e-04
131  5.9333e-04
132  1.3247e-03
133  9.6815e-06
134  1.9572e-08
135  4.1652e-11
136  6.2680e-14
137  1.1739e-16
138  5.1972e-19
139  9.6901e-21
140  8.3567e-23
141  1.8951e-24
142  3.0344e-27
143  1.9356e-31
144  9.7352e-32
145  3.4464e-36
146  4.8667e-41
147  0.0000e+00
148  0.0000e+00
149  0.0000e+00
150  0.0000e+00
151  0.0000e+00
152  0.0000e+00
153  0.0000e+00
154  0.0000e+00
155  0.0000e+00
156  0.0000e+00
157  0.0000e+00
158  0.0000e+00
159  0.0000e+00
160  0.0000e+00
161  0.0000e+00
162  0.0000e+00
163  0.0000e+00
164  0.0000e+00
165  0.0000e+00
166  0.0000e+00
167  0.0000e+00
168  0.0000e+00
169  0.0000e+00
170  0.0000e+00
171  0.0000e+00
172  0.0000e+00
173  0.0000e+00
174  0.0000e+00
175  0.0000e+00
176  0.0000e+00
177  0.0000e+00
178  0.0000e+00
179  0.0000e+00
180  0.0000e+00
181  0.0000e+00
182  0.0000e+00
183  0.0000e+00
184  0.0000e+00
185  0.0000e+00
186  0.0000e+00
187  0.0000e+00
188  0.0000e+00
189  0.0000e+00
190  0.0000e+00
191  0.0000e+00
192  0.0000e+00
193  0.0000e+00
194  0.0000e+00
195  0.0000e+00
196  0.0000e+00
197  0.0000e+00
198  0.0000e+00
199  0.0000e+00
200  0.0000e+00
201  0.0000e+00
202  0.0000e+00
203  0.0000e+00
204  0.0000e+00
205  3.2542e-40
206  5.6962e-25
207  1.1648e-24
208  0.0000e+00
209  7.1192e-25
210  5.0682e-25
211  4.3360e-25
212  0.0000e+00
213  3.2666e-39
214  5.7356e-25
215  5.3940e-33
216  0.0000e+00
217  0.0000e+00
218  4.7878e-42
219  5.3693e-30
220  0.0000e+00
221  3.5174e-25
222  1.6210e-25
223  2.7524e-25
224  1.5082e-25
225  5.4144e-30
226  1.4609e-25
227  1.1604e-25
228  2.8440e-25
229  3.3629e-25
230  6.8207e-24
231  2.1274e-24
232  1.4741e-23
233  6.0505e-24
234  1.2689e-23
235  1.2957e-23
236  1.0963e-23
237  1.1698e-23
238  3.0577e-24
239  7.3011e-24
240  4.4678e-25
241  9.6312e-24
242  5.0092e-24
243  5.7707e-25
244  5.0426e-24
245  5.2616e-25
246  2.7543e-26
247  7.2161e-25
248  6.1870e-25
249  3.2028e-39
250  0.0000e+00
251  0.0000e+00
252  0.0000e+00
253  0.0000e+00
254  0.0000e+00
255  0.0000e+00
256  0.0000e+00
257  0.0000e+00
258  0.0000e+00
259  0.0000e+00
260  0.0000e+00
261  0.0000e+00
262  0.0000e+00
263  0.0000e+00
264  0.0000e+00
265  0.0000e+00
266  0.0000e+00
267  0.0000e+00
268  0.0000e+00
269  0.0000e+00
270  0.0000e+00
271  0.0000e+00
272  0.0000e+00
273  0.0000e+00
274  0.0000e+00
275  0.0000e+00
276  0.0000e+00
277  0.0000e+00
278  0.0000e+00
279  0.0000e+00
280  0.0000e+00
281  0.0000e+00
282  0.0000e+00
283  0.0000e+00
284  0.0000e+00
285  0.0000e+00
286  0.0000e+00
287  0.0000e+00
288  0.0000e+00
289  0.0000e+00
290  0.0000e+00
291  0.0000e+00
292  0.0000e+00
293  0.0000e+00
294  0.0000e+00
295  0.0000e+00
296  0.0000e+00
297  0.0000e+00
298  0.0000e+00
299  0.0000e+00
300  0.0000e+00
301  0.0000e+00
302  0.0000e+00
303  0.0000e+00
304  0.0000e+00
305  0.0000e+00
306  0.0000e+00
307  0.0000e+00
308  0.0000e+00
309  0.0000e+00
310  0.0000e+00
311  0.0000e+00
312  0.0000e+00
313  0.0000e+00
314  0.0000e+00
315  0.0000e+00
316  0.0000e+00
317  0.0000e+00
318  0.0000e+00
319  0.0000e+00
320  0.0000e+00
321  0.0000e+00
322  0.0000e+00
323  0.0000e+00
324  0.0000e+00
325  0.0000e+00
326  0.0000e+00
327  0.0000e+00
328  0.0000e+00
329  0.0000e+00
330  0.0000e+00
331  0.0000e+00
332  0.0000e+00
333  0.0000e+00
334  0.0000e+00
335  0.0000e+00
336  0.0000e+00
337  0.0000e+00

