337
time(s) = 1000000000000 t9 = 1.7249505813437884e-12 rho(g/cc) = 1.8149999999996003e-23 
0  0.0000e+00
1  6.3435e-13
2  3.3866e-18
3  2.4214e-21
4  1.0271e-14
5  0.0000e+00
6  1.6959e-30
7  2.1849e-20
8  5.5487e-07
9  2.5530e-24
10  3.1022e-19
11  4.4128e-22
12  3.8953e-26
13  2.6615e-26
14  2.5463e-24
15  8.2674e-58
16  0.0000e+00
17  0.0000e+00
18  1.6767e-97
19  0.0000e+00
20  0.0000e+00
21  0.0000e+00
22  0.0000e+00
23  0.0000e+00
24  0.0000e+00
25  0.0000e+00
26  0.0000e+00
27  0.0000e+00
28  0.0000e+00
29  0.0000e+00
30  0.0000e+00
31  0.0000e+00
32  0.0000e+00
33  1.4165e-36
34  1.1584e-23
35  6.5390e-74
36  7.8912e-26
37  1.1369e-220
38  5.2209e-23
39  2.7909e-25
40  5.7197e-21
41  2.2198e-22
42  9.6918e-22
43  2.0496e-20
44  3.0185e-18
45  1.2302e-19
46  4.0494e-16
47  4.4136e-16
48  5.2091e-14
49  4.3397e-16
50  7.1316e-14
51  1.7347e-15
52  6.0821e-16
53  1.6181e-17
54  1.6468e-14
55  8.4349e-17
56  3.0954e-17
57  1.6267e-16
58  5.6807e-14
59  3.0673e-15
60  3.7169e-13
61  3.6152e-14
62  3.1753e-14
63  6.8783e-14
64  9.4056e-12
65  1.1340e-12
66  2.9164e-10
67  2.7175e-11
68  2.0100e-10
69  8.2934e-11
70  6.2780e-07
71  1.2803e-08
72  2.6877e-06
73  7.1411e-07
74  2.9141e-07
75  4.4633e-06
76  8.7844e-06
77  2.4490e-06
78  2.0134e-04
79  1.3970e-05
80  8.3159e-05
81  8.6144e-05
82  6.2967e-05
83  7.8999e-07
84  1.1719e-08
85  2.0742e-10
86  1.2258e-10
87  3.7350e-11
88  2.5749e-10
89  1.4291e-11
90  7.9560e-12
91  5.6356e-11
92  4.6361e-11
93  2.8631e-10
94  2.0158e-09
95  1.9054e-10
96  3.8336e-08
97  6.0722e-09
98  2.1664e-07
99  7.6299e-08
100  2.1623e-08
101  8.3250e-09
102  1.2423e-07
103  1.1516e-08
104  3.4267e-09
105  1.1392e-08
106  1.4534e-08
107  1.6571e-09
108  1.5786e-08
109  1.7371e-08
110  8.5889e-09
111  1.7760e-08
112  2.2933e-07
113  6.1966e-08
114  4.7595e-07
115  2.1684e-07
116  5.4122e-07
117  5.0725e-07
118  6.7164e-05
119  6.2893e-06
120  4.5023e-05
121  9.9178e-06
122  9.3302e-06
123  9.4185e-06
124  3.6432e-06
125  1.8159e-05
126  7.2298e-05
127  9.4420e-05
128  1.6493e-03
129  6.7398e-04
130  1.2286e-03
131  9.5655e-04
132  2.5472e-03
133  1.3745e-05
134  1.8623e-08
135  2.1247e-11
136  1.6773e-14
137  1.9307e-17
138  8.1337e-20
139  8.7805e-22
140  3.2065e-24
141  0.0000e+00
142  0.0000e+00
143  0.0000e+00
144  0.0000e+00
145  0.0000e+00
146  0.0000e+00
147  0.0000e+00
148  0.0000e+00
149  0.0000e+00
150  0.0000e+00
151  0.0000e+00
152  0.0000e+00
153  0.0000e+00
154  0.0000e+00
155  0.0000e+00
156  0.0000e+00
157  0.0000e+00
158  0.0000e+00
159  0.0000e+00
160  0.0000e+00
161  0.0000e+00
162  0.0000e+00
163  0.0000e+00
164  0.0000e+00
165  0.0000e+00
166  0.0000e+00
167  0.0000e+00
168  0.0000e+00
169  0.0000e+00
170  0.0000e+00
171  0.0000e+00
172  0.0000e+00
173  0.0000e+00
174  0.0000e+00
175  0.0000e+00
176  0.0000e+00
177  0.0000e+00
178  0.0000e+00
179  0.0000e+00
180  0.0000e+00
181  0.0000e+00
182  0.0000e+00
183  0.0000e+00
184  0.0000e+00
185  0.0000e+00
186  0.0000e+00
187  0.0000e+00
188  0.0000e+00
189  0.0000e+00
190  0.0000e+00
191  0.0000e+00
192  0.0000e+00
193  0.0000e+00
194  0.0000e+00
195  0.0000e+00
196  0.0000e+00
197  0.0000e+00
198  0.0000e+00
199  0.0000e+00
200  0.0000e+00
201  0.0000e+00
202  0.0000e+00
203  0.0000e+00
204  0.0000e+00
205  0.0000e+00
206  0.0000e+00
207  0.0000e+00
208  0.0000e+00
209  0.0000e+00
210  0.0000e+00
211  0.0000e+00
212  0.0000e+00
213  0.0000e+00
214  0.0000e+00
215  0.0000e+00
216  0.0000e+00
217  0.0000e+00
218  0.0000e+00
219  0.0000e+00
220  0.0000e+00
221  0.0000e+00
222  0.0000e+00
223  0.0000e+00
224  0.0000e+00
225  0.0000e+00
226  0.0000e+00
227  0.0000e+00
228  0.0000e+00
229  0.0000e+00
230  0.0000e+00
231  0.0000e+00
232  0.0000e+00
233  0.0000e+00
234  0.0000e+00
235  0.0000e+00
236  0.0000e+00
237  0.0000e+00
238  0.0000e+00
239  0.0000e+00
240  0.0000e+00
241  0.0000e+00
242  0.0000e+00
243  0.0000e+00
244  0.0000e+00
245  0.0000e+00
246  0.0000e+00
247  0.0000e+00
248  0.0000e+00
249  0.0000e+00
250  0.0000e+00
251  0.0000e+00
252  0.0000e+00
253  0.0000e+00
254  0.0000e+00
255  0.0000e+00
256  0.0000e+00
257  0.0000e+00
258  0.0000e+00
259  0.0000e+00
260  0.0000e+00
261  0.0000e+00
262  0.0000e+00
263  0.0000e+00
264  0.0000e+00
265  0.0000e+00
266  0.0000e+00
267  0.0000e+00
268  0.0000e+00
269  0.0000e+00
270  0.0000e+00
271  0.0000e+00
272  0.0000e+00
273  0.0000e+00
274  0.0000e+00
275  0.0000e+00
276  0.0000e+00
277  0.0000e+00
278  0.0000e+00
279  0.0000e+00
280  0.0000e+00
281  0.0000e+00
282  0.0000e+00
283  0.0000e+00
284  0.0000e+00
285  0.0000e+00
286  0.0000e+00
287  0.0000e+00
288  0.0000e+00
289  0.0000e+00
290  0.0000e+00
291  0.0000e+00
292  0.0000e+00
293  0.0000e+00
294  0.0000e+00
295  0.0000e+00
296  0.0000e+00
297  0.0000e+00
298  0.0000e+00
299  0.0000e+00
300  0.0000e+00
301  0.0000e+00
302  0.0000e+00
303  0.0000e+00
304  0.0000e+00
305  0.0000e+00
306  0.0000e+00
307  0.0000e+00
308  0.0000e+00
309  0.0000e+00
310  0.0000e+00
311  0.0000e+00
312  0.0000e+00
313  0.0000e+00
314  0.0000e+00
315  0.0000e+00
316  0.0000e+00
317  0.0000e+00
318  0.0000e+00
319  0.0000e+00
320  0.0000e+00
321  0.0000e+00
322  0.0000e+00
323  0.0000e+00
324  0.0000e+00
325  0.0000e+00
326  0.0000e+00
327  0.0000e+00
328  0.0000e+00
329  0.0000e+00
330  0.0000e+00
331  0.0000e+00
332  0.0000e+00
333  0.0000e+00
334  0.0000e+00
335  0.0000e+00
336  0.0000e+00
337  0.0000e+00

