337
time(s) = 1000000000000 t9 = 9.8453221478893832e-13 rho(g/cc) = 1.8149999999996003e-23 
0  0.0000e+00
1  8.5328e-12
2  4.4365e-16
3  2.4673e-22
4  7.1828e-14
5  0.0000e+00
6  1.6883e-36
7  2.8845e-21
8  1.2654e-06
9  5.3677e-26
10  1.3702e-20
11  4.0439e-25
12  1.3271e-48
13  9.1280e-28
14  1.4280e-24
15  2.8105e-67
16  0.0000e+00
17  0.0000e+00
18  7.8727e-110
19  0.0000e+00
20  0.0000e+00
21  0.0000e+00
22  0.0000e+00
23  0.0000e+00
24  0.0000e+00
25  0.0000e+00
26  0.0000e+00
27  0.0000e+00
28  0.0000e+00
29  0.0000e+00
30  0.0000e+00
31  0.0000e+00
32  1.4316e-37
33  0.0000e+00
34  7.5962e-99
35  9.5018e-25
36  2.5037e-24
37  1.1234e-24
38  1.7687e-24
39  2.2354e-26
40  5.4759e-21
41  8.8954e-23
42  1.3797e-20
43  6.4310e-20
44  4.2256e-20
45  3.1468e-20
46  1.8745e-16
47  1.4065e-16
48  2.4245e-16
49  6.5934e-18
50  1.0037e-14
51  1.8168e-16
52  1.2370e-17
53  7.8848e-18
54  2.3728e-15
55  2.7348e-17
56  5.4514e-17
57  3.1727e-17
58  1.6126e-15
59  7.5816e-16
60  3.7050e-13
61  7.3618e-14
62  1.7418e-13
63  4.6312e-14
64  9.5566e-13
65  1.0048e-12
66  1.0737e-09
67  1.3827e-10
68  5.0106e-10
69  3.0715e-10
70  1.1247e-06
71  1.4040e-07
72  1.7134e-04
73  5.1920e-05
74  2.5208e-04
75  8.0839e-05
76  1.6141e-04
77  5.6496e-04
78  5.5410e-04
79  2.2250e-04
80  5.1349e-03
81  1.1426e-03
82  1.5633e-04
83  2.6946e-06
84  3.4325e-08
85  1.1426e-09
86  2.4396e-09
87  2.0882e-10
88  7.8092e-10
89  6.4017e-11
90  5.9576e-10
91  2.1036e-10
92  1.3717e-09
93  3.9385e-10
94  4.2784e-10
95  4.9397e-10
96  1.1696e-09
97  1.2766e-09
98  1.5258e-07
99  5.6575e-08
100  1.8959e-08
101  2.5262e-08
102  1.2391e-07
103  2.8840e-08
104  4.7753e-08
105  7.2254e-08
106  2.1485e-08
107  6.3435e-09
108  1.8774e-08
109  1.0837e-08
110  1.3718e-08
111  1.6606e-08
112  6.1644e-08
113  4.1385e-08
114  2.9068e-06
115  6.5502e-07
116  8.1072e-07
117  1.0714e-06
118  2.4464e-06
119  5.4845e-07
120  2.2050e-05
121  1.8399e-05
122  1.1942e-04
123  3.6852e-05
124  1.7956e-05
125  1.8319e-05
126  3.7644e-05
127  2.8491e-05
128  6.9380e-05
129  1.5679e-04
130  8.5787e-04
131  4.7707e-04
132  6.4019e-04
133  4.2671e-06
134  8.1914e-09
135  1.9367e-11
136  3.1595e-14
137  6.6412e-17
138  3.3280e-19
139  7.2959e-21
140  7.6701e-23
141  2.0729e-24
142  1.9998e-37
143  0.0000e+00
144  0.0000e+00
145  0.0000e+00
146  0.0000e+00
147  0.0000e+00
148  0.0000e+00
149  0.0000e+00
150  0.0000e+00
151  0.0000e+00
152  0.0000e+00
153  0.0000e+00
154  0.0000e+00
155  0.0000e+00
156  0.0000e+00
157  0.0000e+00
158  0.0000e+00
159  0.0000e+00
160  0.0000e+00
161  0.0000e+00
162  0.0000e+00
163  0.0000e+00
164  0.0000e+00
165  0.0000e+00
166  0.0000e+00
167  0.0000e+00
168  0.0000e+00
169  0.0000e+00
170  0.0000e+00
171  0.0000e+00
172  0.0000e+00
173  0.0000e+00
174  0.0000e+00
175  0.0000e+00
176  0.0000e+00
177  0.0000e+00
178  0.0000e+00
179  0.0000e+00
180  0.0000e+00
181  0.0000e+00
182  0.0000e+00
183  0.0000e+00
184  0.0000e+00
185  0.0000e+00
186  0.0000e+00
187  0.0000e+00
188  0.0000e+00
189  0.0000e+00
190  0.0000e+00
191  0.0000e+00
192  0.0000e+00
193  0.0000e+00
194  0.0000e+00
195  0.0000e+00
196  0.0000e+00
197  0.0000e+00
198  0.0000e+00
199  0.0000e+00
200  0.0000e+00
201  0.0000e+00
202  0.0000e+00
203  0.0000e+00
204  0.0000e+00
205  0.0000e+00
206  0.0000e+00
207  0.0000e+00
208  0.0000e+00
209  0.0000e+00
210  0.0000e+00
211  0.0000e+00
212  0.0000e+00
213  0.0000e+00
214  0.0000e+00
215  0.0000e+00
216  0.0000e+00
217  0.0000e+00
218  0.0000e+00
219  0.0000e+00
220  0.0000e+00
221  0.0000e+00
222  0.0000e+00
223  0.0000e+00
224  0.0000e+00
225  0.0000e+00
226  0.0000e+00
227  0.0000e+00
228  0.0000e+00
229  0.0000e+00
230  0.0000e+00
231  0.0000e+00
232  0.0000e+00
233  0.0000e+00
234  0.0000e+00
235  0.0000e+00
236  0.0000e+00
237  0.0000e+00
238  0.0000e+00
239  0.0000e+00
240  0.0000e+00
241  0.0000e+00
242  0.0000e+00
243  0.0000e+00
244  0.0000e+00
245  0.0000e+00
246  0.0000e+00
247  0.0000e+00
248  0.0000e+00
249  0.0000e+00
250  0.0000e+00
251  0.0000e+00
252  0.0000e+00
253  0.0000e+00
254  0.0000e+00
255  0.0000e+00
256  0.0000e+00
257  0.0000e+00
258  0.0000e+00
259  0.0000e+00
260  0.0000e+00
261  0.0000e+00
262  0.0000e+00
263  0.0000e+00
264  0.0000e+00
265  0.0000e+00
266  0.0000e+00
267  0.0000e+00
268  0.0000e+00
269  0.0000e+00
270  0.0000e+00
271  0.0000e+00
272  0.0000e+00
273  0.0000e+00
274  0.0000e+00
275  0.0000e+00
276  0.0000e+00
277  0.0000e+00
278  0.0000e+00
279  0.0000e+00
280  0.0000e+00
281  0.0000e+00
282  0.0000e+00
283  0.0000e+00
284  0.0000e+00
285  0.0000e+00
286  0.0000e+00
287  0.0000e+00
288  0.0000e+00
289  0.0000e+00
290  0.0000e+00
291  0.0000e+00
292  0.0000e+00
293  0.0000e+00
294  0.0000e+00
295  0.0000e+00
296  0.0000e+00
297  0.0000e+00
298  0.0000e+00
299  0.0000e+00
300  0.0000e+00
301  0.0000e+00
302  0.0000e+00
303  0.0000e+00
304  0.0000e+00
305  0.0000e+00
306  0.0000e+00
307  0.0000e+00
308  0.0000e+00
309  0.0000e+00
310  0.0000e+00
311  0.0000e+00
312  0.0000e+00
313  0.0000e+00
314  0.0000e+00
315  0.0000e+00
316  0.0000e+00
317  0.0000e+00
318  0.0000e+00
319  0.0000e+00
320  0.0000e+00
321  0.0000e+00
322  0.0000e+00
323  0.0000e+00
324  0.0000e+00
325  0.0000e+00
326  0.0000e+00
327  0.0000e+00
328  0.0000e+00
329  0.0000e+00
330  0.0000e+00
331  0.0000e+00
332  0.0000e+00
333  0.0000e+00
334  0.0000e+00
335  0.0000e+00
336  0.0000e+00
337  0.0000e+00

