337
time(s) = 1000000000000 t9 = 1.9296831409861011e-12 rho(g/cc) = 1.8149999999996003e-23 
0  0.0000e+00
1  1.1786e-12
2  1.1153e-17
3  4.3815e-21
4  8.5774e-15
5  0.0000e+00
6  9.9371e-31
7  5.0374e-20
8  4.5505e-07
9  6.1663e-24
10  5.5657e-19
11  1.4531e-21
12  8.4339e-26
13  4.4198e-26
14  1.0538e-23
15  3.2747e-28
16  0.0000e+00
17  0.0000e+00
18  1.8841e-87
19  0.0000e+00
20  0.0000e+00
21  0.0000e+00
22  0.0000e+00
23  0.0000e+00
24  0.0000e+00
25  0.0000e+00
26  0.0000e+00
27  0.0000e+00
28  0.0000e+00
29  0.0000e+00
30  0.0000e+00
31  0.0000e+00
32  7.7167e-47
33  0.0000e+00
34  0.0000e+00
35  2.8195e-25
36  6.5547e-25
37  2.5678e-70
38  1.5146e-23
39  9.1313e-26
40  1.6684e-21
41  6.8900e-23
42  2.9628e-22
43  6.4377e-21
44  1.2581e-18
45  5.2723e-20
46  1.7084e-16
47  2.1370e-16
48  3.2438e-14
49  2.9079e-16
50  4.4833e-14
51  1.1571e-15
52  5.2069e-16
53  1.4282e-17
54  1.4424e-14
55  8.2796e-17
56  2.7484e-17
57  1.4385e-16
58  5.0652e-14
59  2.7868e-15
60  3.3410e-13
61  3.4553e-14
62  3.1275e-14
63  6.8824e-14
64  1.1482e-11
65  1.4063e-12
66  3.6039e-10
67  3.6591e-11
68  3.1253e-10
69  1.2450e-10
70  1.0112e-06
71  2.3338e-08
72  4.3548e-06
73  1.3066e-06
74  5.2428e-07
75  8.2969e-06
76  2.0218e-05
77  5.2164e-06
78  4.7548e-04
79  3.5639e-05
80  2.0251e-04
81  2.3904e-04
82  2.2128e-04
83  3.1807e-06
84  5.3511e-08
85  9.8623e-10
86  5.4858e-10
87  8.9137e-11
88  1.3277e-10
89  7.6268e-12
90  4.0265e-12
91  2.5616e-11
92  2.1812e-11
93  1.3167e-10
94  9.4861e-10
95  1.0166e-10
96  1.8075e-08
97  3.2638e-09
98  1.0292e-07
99  3.8286e-08
100  1.0986e-08
101  4.1473e-09
102  5.7636e-08
103  6.1685e-09
104  1.6734e-09
105  5.1066e-09
106  6.4599e-09
107  8.4095e-10
108  6.7926e-09
109  7.1142e-09
110  3.8842e-09
111  7.6946e-09
112  9.7791e-08
113  3.0300e-08
114  2.1502e-07
115  8.5440e-08
116  2.3296e-07
117  2.1151e-07
118  2.9901e-05
119  3.1744e-06
120  2.0409e-05
121  5.0613e-06
122  4.5090e-06
123  4.9905e-06
124  2.1134e-06
125  1.0262e-05
126  5.8448e-05
127  7.8615e-05
128  1.4092e-03
129  5.9472e-04
130  1.0820e-03
131  8.7629e-04
132  2.7363e-03
133  1.6170e-05
134  2.4052e-08
135  3.1902e-11
136  2.8692e-14
137  3.4224e-17
138  1.3930e-19
139  1.7142e-21
140  7.5191e-24
141  2.7520e-44
142  0.0000e+00
143  0.0000e+00
144  0.0000e+00
145  0.0000e+00
146  0.0000e+00
147  0.0000e+00
148  0.0000e+00
149  0.0000e+00
150  0.0000e+00
151  0.0000e+00
152  0.0000e+00
153  0.0000e+00
154  0.0000e+00
155  0.0000e+00
156  0.0000e+00
157  0.0000e+00
158  0.0000e+00
159  0.0000e+00
160  0.0000e+00
161  0.0000e+00
162  0.0000e+00
163  0.0000e+00
164  0.0000e+00
165  0.0000e+00
166  0.0000e+00
167  0.0000e+00
168  0.0000e+00
169  0.0000e+00
170  0.0000e+00
171  0.0000e+00
172  0.0000e+00
173  0.0000e+00
174  0.0000e+00
175  0.0000e+00
176  0.0000e+00
177  0.0000e+00
178  0.0000e+00
179  0.0000e+00
180  0.0000e+00
181  0.0000e+00
182  0.0000e+00
183  0.0000e+00
184  0.0000e+00
185  0.0000e+00
186  0.0000e+00
187  0.0000e+00
188  0.0000e+00
189  0.0000e+00
190  0.0000e+00
191  0.0000e+00
192  0.0000e+00
193  0.0000e+00
194  0.0000e+00
195  0.0000e+00
196  0.0000e+00
197  0.0000e+00
198  0.0000e+00
199  0.0000e+00
200  0.0000e+00
201  0.0000e+00
202  0.0000e+00
203  0.0000e+00
204  0.0000e+00
205  0.0000e+00
206  0.0000e+00
207  0.0000e+00
208  0.0000e+00
209  0.0000e+00
210  0.0000e+00
211  0.0000e+00
212  0.0000e+00
213  0.0000e+00
214  0.0000e+00
215  0.0000e+00
216  0.0000e+00
217  0.0000e+00
218  0.0000e+00
219  0.0000e+00
220  0.0000e+00
221  0.0000e+00
222  0.0000e+00
223  0.0000e+00
224  0.0000e+00
225  0.0000e+00
226  0.0000e+00
227  0.0000e+00
228  0.0000e+00
229  0.0000e+00
230  0.0000e+00
231  0.0000e+00
232  0.0000e+00
233  0.0000e+00
234  0.0000e+00
235  0.0000e+00
236  0.0000e+00
237  0.0000e+00
238  0.0000e+00
239  0.0000e+00
240  0.0000e+00
241  0.0000e+00
242  0.0000e+00
243  0.0000e+00
244  0.0000e+00
245  0.0000e+00
246  0.0000e+00
247  0.0000e+00
248  0.0000e+00
249  0.0000e+00
250  0.0000e+00
251  0.0000e+00
252  0.0000e+00
253  0.0000e+00
254  0.0000e+00
255  0.0000e+00
256  0.0000e+00
257  0.0000e+00
258  0.0000e+00
259  0.0000e+00
260  0.0000e+00
261  0.0000e+00
262  0.0000e+00
263  0.0000e+00
264  0.0000e+00
265  0.0000e+00
266  0.0000e+00
267  0.0000e+00
268  0.0000e+00
269  0.0000e+00
270  0.0000e+00
271  0.0000e+00
272  0.0000e+00
273  0.0000e+00
274  0.0000e+00
275  0.0000e+00
276  0.0000e+00
277  0.0000e+00
278  0.0000e+00
279  0.0000e+00
280  0.0000e+00
281  0.0000e+00
282  0.0000e+00
283  0.0000e+00
284  0.0000e+00
285  0.0000e+00
286  0.0000e+00
287  0.0000e+00
288  0.0000e+00
289  0.0000e+00
290  0.0000e+00
291  0.0000e+00
292  0.0000e+00
293  0.0000e+00
294  0.0000e+00
295  0.0000e+00
296  0.0000e+00
297  0.0000e+00
298  0.0000e+00
299  0.0000e+00
300  0.0000e+00
301  0.0000e+00
302  0.0000e+00
303  0.0000e+00
304  0.0000e+00
305  0.0000e+00
306  0.0000e+00
307  0.0000e+00
308  0.0000e+00
309  0.0000e+00
310  0.0000e+00
311  0.0000e+00
312  0.0000e+00
313  0.0000e+00
314  0.0000e+00
315  0.0000e+00
316  0.0000e+00
317  0.0000e+00
318  0.0000e+00
319  0.0000e+00
320  0.0000e+00
321  0.0000e+00
322  0.0000e+00
323  0.0000e+00
324  0.0000e+00
325  0.0000e+00
326  0.0000e+00
327  0.0000e+00
328  0.0000e+00
329  0.0000e+00
330  0.0000e+00
331  0.0000e+00
332  0.0000e+00
333  0.0000e+00
334  0.0000e+00
335  0.0000e+00
336  0.0000e+00
337  0.0000e+00

