337
time(s) = 1000000000000 t9 = 1.2321075581027788e-12 rho(g/cc) = 1.8149999999996003e-23 
0  0.0000e+00
1  5.8185e-12
2  2.1295e-16
3  5.1275e-22
4  5.5769e-14
5  0.0000e+00
6  2.1046e-32
7  8.3091e-21
8  8.0170e-07
9  2.4472e-25
10  4.6119e-20
11  1.1738e-24
12  2.1849e-29
13  4.4365e-27
14  1.3030e-24
15  1.6842e-67
16  0.0000e+00
17  0.0000e+00
18  5.3719e-110
19  0.0000e+00
20  0.0000e+00
21  0.0000e+00
22  0.0000e+00
23  0.0000e+00
24  0.0000e+00
25  0.0000e+00
26  0.0000e+00
27  0.0000e+00
28  0.0000e+00
29  0.0000e+00
30  0.0000e+00
31  0.0000e+00
32  1.3579e-37
33  5.2607e-35
34  3.7147e-23
35  2.5267e-24
36  6.9781e-24
37  9.6931e-24
38  2.1560e-23
39  5.8544e-25
40  3.6973e-20
41  4.8535e-22
42  4.3899e-20
43  3.4550e-19
44  4.0762e-19
45  1.0965e-19
46  9.1183e-16
47  7.8213e-16
48  2.7888e-15
49  4.6354e-17
50  5.0071e-14
51  8.7495e-16
52  4.5005e-17
53  1.7177e-17
54  5.1335e-15
55  4.2385e-17
56  5.2319e-17
57  1.0640e-16
58  1.0996e-14
59  2.9251e-15
60  1.0686e-12
61  1.3995e-13
62  2.2653e-13
63  1.2900e-13
64  3.1785e-12
65  1.9323e-12
66  1.5360e-09
67  1.4343e-10
68  3.9211e-10
69  4.0180e-10
70  2.1485e-06
71  1.6116e-07
72  1.3516e-04
73  2.2465e-05
74  8.6519e-05
75  7.7371e-05
76  8.8895e-05
77  2.8601e-04
78  7.8957e-04
79  1.8571e-04
80  3.6149e-03
81  8.9652e-04
82  1.4470e-04
83  2.0227e-06
84  2.2840e-08
85  6.5688e-10
86  9.3577e-10
87  9.4486e-11
88  6.8524e-10
89  3.9957e-11
90  2.2549e-10
91  5.4257e-11
92  2.5623e-10
93  2.9831e-10
94  3.4281e-10
95  3.2094e-10
96  2.6178e-09
97  1.6789e-09
98  1.8005e-07
99  6.1416e-08
100  1.7848e-08
101  2.2018e-08
102  1.4085e-07
103  2.5293e-08
104  2.7978e-08
105  5.0167e-08
106  1.3747e-08
107  3.5207e-09
108  3.0479e-08
109  1.5826e-08
110  1.4127e-08
111  2.0603e-08
112  1.2281e-07
113  6.9224e-08
114  3.0417e-06
115  5.8832e-07
116  5.9794e-07
117  1.4714e-06
118  1.1037e-05
119  1.9624e-06
120  7.1811e-05
121  3.8526e-05
122  1.7826e-04
123  4.4402e-05
124  1.5775e-05
125  1.9503e-05
126  2.4734e-05
127  3.6875e-05
128  1.7073e-04
129  2.5741e-04
130  1.2144e-03
131  7.0299e-04
132  1.0347e-03
133  6.1509e-06
134  1.0320e-08
135  1.8607e-11
136  2.4611e-14
137  4.3552e-17
138  2.1049e-19
139  3.7962e-21
140  3.1195e-23
141  4.9623e-25
142  0.0000e+00
143  0.0000e+00
144  0.0000e+00
145  0.0000e+00
146  0.0000e+00
147  0.0000e+00
148  0.0000e+00
149  0.0000e+00
150  0.0000e+00
151  0.0000e+00
152  0.0000e+00
153  0.0000e+00
154  0.0000e+00
155  0.0000e+00
156  0.0000e+00
157  0.0000e+00
158  0.0000e+00
159  0.0000e+00
160  0.0000e+00
161  0.0000e+00
162  0.0000e+00
163  0.0000e+00
164  0.0000e+00
165  0.0000e+00
166  0.0000e+00
167  0.0000e+00
168  0.0000e+00
169  0.0000e+00
170  0.0000e+00
171  0.0000e+00
172  0.0000e+00
173  0.0000e+00
174  0.0000e+00
175  0.0000e+00
176  0.0000e+00
177  0.0000e+00
178  0.0000e+00
179  0.0000e+00
180  0.0000e+00
181  0.0000e+00
182  0.0000e+00
183  0.0000e+00
184  0.0000e+00
185  0.0000e+00
186  0.0000e+00
187  0.0000e+00
188  0.0000e+00
189  0.0000e+00
190  0.0000e+00
191  0.0000e+00
192  0.0000e+00
193  0.0000e+00
194  0.0000e+00
195  0.0000e+00
196  0.0000e+00
197  0.0000e+00
198  0.0000e+00
199  0.0000e+00
200  0.0000e+00
201  0.0000e+00
202  0.0000e+00
203  0.0000e+00
204  0.0000e+00
205  0.0000e+00
206  0.0000e+00
207  0.0000e+00
208  0.0000e+00
209  0.0000e+00
210  0.0000e+00
211  0.0000e+00
212  0.0000e+00
213  0.0000e+00
214  0.0000e+00
215  0.0000e+00
216  0.0000e+00
217  0.0000e+00
218  0.0000e+00
219  0.0000e+00
220  0.0000e+00
221  0.0000e+00
222  0.0000e+00
223  0.0000e+00
224  0.0000e+00
225  0.0000e+00
226  0.0000e+00
227  0.0000e+00
228  0.0000e+00
229  0.0000e+00
230  0.0000e+00
231  0.0000e+00
232  0.0000e+00
233  0.0000e+00
234  0.0000e+00
235  0.0000e+00
236  0.0000e+00
237  0.0000e+00
238  0.0000e+00
239  0.0000e+00
240  0.0000e+00
241  0.0000e+00
242  0.0000e+00
243  0.0000e+00
244  0.0000e+00
245  0.0000e+00
246  0.0000e+00
247  0.0000e+00
248  0.0000e+00
249  0.0000e+00
250  0.0000e+00
251  0.0000e+00
252  0.0000e+00
253  0.0000e+00
254  0.0000e+00
255  0.0000e+00
256  0.0000e+00
257  0.0000e+00
258  0.0000e+00
259  0.0000e+00
260  0.0000e+00
261  0.0000e+00
262  0.0000e+00
263  0.0000e+00
264  0.0000e+00
265  0.0000e+00
266  0.0000e+00
267  0.0000e+00
268  0.0000e+00
269  0.0000e+00
270  0.0000e+00
271  0.0000e+00
272  0.0000e+00
273  0.0000e+00
274  0.0000e+00
275  0.0000e+00
276  0.0000e+00
277  0.0000e+00
278  0.0000e+00
279  0.0000e+00
280  0.0000e+00
281  0.0000e+00
282  0.0000e+00
283  0.0000e+00
284  0.0000e+00
285  0.0000e+00
286  0.0000e+00
287  0.0000e+00
288  0.0000e+00
289  0.0000e+00
290  0.0000e+00
291  0.0000e+00
292  0.0000e+00
293  0.0000e+00
294  0.0000e+00
295  0.0000e+00
296  0.0000e+00
297  0.0000e+00
298  0.0000e+00
299  0.0000e+00
300  0.0000e+00
301  0.0000e+00
302  0.0000e+00
303  0.0000e+00
304  0.0000e+00
305  0.0000e+00
306  0.0000e+00
307  0.0000e+00
308  0.0000e+00
309  0.0000e+00
310  0.0000e+00
311  0.0000e+00
312  0.0000e+00
313  0.0000e+00
314  0.0000e+00
315  0.0000e+00
316  0.0000e+00
317  0.0000e+00
318  0.0000e+00
319  0.0000e+00
320  0.0000e+00
321  0.0000e+00
322  0.0000e+00
323  0.0000e+00
324  0.0000e+00
325  0.0000e+00
326  0.0000e+00
327  0.0000e+00
328  0.0000e+00
329  0.0000e+00
330  0.0000e+00
331  0.0000e+00
332  0.0000e+00
333  0.0000e+00
334  0.0000e+00
335  0.0000e+00
336  0.0000e+00
337  0.0000e+00

