337
time(s) = 1000000000000 t9 = 7.0323729627782083e-13 rho(g/cc) = 1.8149999999996003e-23 
0  0.0000e+00
1  8.0515e-12
2  3.8452e-16
3  9.4701e-23
4  6.9115e-14
5  0.0000e+00
6  3.6748e-37
7  5.0140e-22
8  3.2063e-06
9  5.4291e-27
10  2.4062e-21
11  7.0412e-26
12  4.4855e-103
13  2.5292e-28
14  1.1633e-24
15  2.0121e-67
16  0.0000e+00
17  0.0000e+00
18  5.7475e-110
19  0.0000e+00
20  0.0000e+00
21  0.0000e+00
22  0.0000e+00
23  0.0000e+00
24  0.0000e+00
25  0.0000e+00
26  0.0000e+00
27  0.0000e+00
28  0.0000e+00
29  0.0000e+00
30  0.0000e+00
31  0.0000e+00
32  2.4727e-37
33  0.0000e+00
34  1.8296e-98
35  2.1902e-24
36  6.1025e-24
37  2.3732e-24
38  3.4526e-24
39  2.9361e-25
40  9.6949e-21
41  1.5342e-22
42  2.3640e-20
43  1.0936e-19
44  6.9307e-20
45  5.1639e-20
46  2.9880e-16
47  2.2031e-16
48  3.6692e-16
49  9.4430e-18
50  1.4759e-14
51  2.6394e-16
52  1.7464e-17
53  1.1149e-17
54  3.0628e-15
55  3.4608e-17
56  6.7970e-17
57  4.1339e-17
58  2.1250e-15
59  9.7230e-16
60  4.7549e-13
61  9.2746e-14
62  2.1708e-13
63  5.8465e-14
64  1.1349e-12
65  1.1591e-12
66  1.2365e-09
67  1.5662e-10
68  5.5919e-10
69  3.4134e-10
70  1.2016e-06
71  1.4584e-07
72  1.7776e-04
73  5.2547e-05
74  2.5420e-04
75  8.1662e-05
76  1.6023e-04
77  5.6038e-04
78  5.5276e-04
79  2.1768e-04
80  4.9969e-03
81  1.1084e-03
82  1.5130e-04
83  2.5617e-06
84  3.2131e-08
85  1.0720e-09
86  2.1803e-09
87  1.8531e-10
88  7.3776e-10
89  5.9459e-11
90  5.4956e-10
91  1.9046e-10
92  1.2366e-09
93  3.6597e-10
94  4.0649e-10
95  4.6972e-10
96  1.1713e-09
97  1.2625e-09
98  1.5139e-07
99  5.5662e-08
100  1.8473e-08
101  2.4927e-08
102  1.2352e-07
103  2.8302e-08
104  4.6839e-08
105  7.1032e-08
106  2.0921e-08
107  6.2209e-09
108  1.9855e-08
109  1.1397e-08
110  1.4361e-08
111  1.7677e-08
112  6.9328e-08
113  4.6298e-08
114  3.2781e-06
115  7.2966e-07
116  8.9790e-07
117  1.2137e-06
118  2.7255e-06
119  6.0928e-07
120  2.4326e-05
121  2.0068e-05
122  1.2936e-04
123  3.9528e-05
124  1.9123e-05
125  1.9427e-05
126  3.9181e-05
127  3.0363e-05
128  7.3849e-05
129  1.6408e-04
130  8.9372e-04
131  4.9529e-04
132  6.6284e-04
133  4.3707e-06
134  8.3014e-09
135  1.9425e-11
136  3.1365e-14
137  6.5256e-17
138  3.2750e-19
139  7.1454e-21
140  7.4231e-23
141  1.9789e-24
142  1.3423e-37
143  0.0000e+00
144  0.0000e+00
145  0.0000e+00
146  0.0000e+00
147  0.0000e+00
148  0.0000e+00
149  0.0000e+00
150  0.0000e+00
151  0.0000e+00
152  0.0000e+00
153  0.0000e+00
154  0.0000e+00
155  0.0000e+00
156  0.0000e+00
157  0.0000e+00
158  0.0000e+00
159  0.0000e+00
160  0.0000e+00
161  0.0000e+00
162  0.0000e+00
163  0.0000e+00
164  0.0000e+00
165  0.0000e+00
166  0.0000e+00
167  0.0000e+00
168  0.0000e+00
169  0.0000e+00
170  0.0000e+00
171  0.0000e+00
172  0.0000e+00
173  0.0000e+00
174  0.0000e+00
175  0.0000e+00
176  0.0000e+00
177  0.0000e+00
178  0.0000e+00
179  0.0000e+00
180  0.0000e+00
181  0.0000e+00
182  0.0000e+00
183  0.0000e+00
184  0.0000e+00
185  0.0000e+00
186  0.0000e+00
187  0.0000e+00
188  0.0000e+00
189  0.0000e+00
190  0.0000e+00
191  0.0000e+00
192  0.0000e+00
193  0.0000e+00
194  0.0000e+00
195  0.0000e+00
196  0.0000e+00
197  0.0000e+00
198  0.0000e+00
199  0.0000e+00
200  0.0000e+00
201  0.0000e+00
202  0.0000e+00
203  0.0000e+00
204  0.0000e+00
205  0.0000e+00
206  0.0000e+00
207  0.0000e+00
208  0.0000e+00
209  0.0000e+00
210  0.0000e+00
211  0.0000e+00
212  0.0000e+00
213  0.0000e+00
214  0.0000e+00
215  0.0000e+00
216  0.0000e+00
217  0.0000e+00
218  0.0000e+00
219  0.0000e+00
220  0.0000e+00
221  0.0000e+00
222  0.0000e+00
223  0.0000e+00
224  0.0000e+00
225  0.0000e+00
226  0.0000e+00
227  0.0000e+00
228  0.0000e+00
229  0.0000e+00
230  0.0000e+00
231  0.0000e+00
232  0.0000e+00
233  0.0000e+00
234  0.0000e+00
235  0.0000e+00
236  0.0000e+00
237  0.0000e+00
238  0.0000e+00
239  0.0000e+00
240  0.0000e+00
241  0.0000e+00
242  0.0000e+00
243  0.0000e+00
244  0.0000e+00
245  0.0000e+00
246  0.0000e+00
247  0.0000e+00
248  0.0000e+00
249  0.0000e+00
250  0.0000e+00
251  0.0000e+00
252  0.0000e+00
253  0.0000e+00
254  0.0000e+00
255  0.0000e+00
256  0.0000e+00
257  0.0000e+00
258  0.0000e+00
259  0.0000e+00
260  0.0000e+00
261  0.0000e+00
262  0.0000e+00
263  0.0000e+00
264  0.0000e+00
265  0.0000e+00
266  0.0000e+00
267  0.0000e+00
268  0.0000e+00
269  0.0000e+00
270  0.0000e+00
271  0.0000e+00
272  0.0000e+00
273  0.0000e+00
274  0.0000e+00
275  0.0000e+00
276  0.0000e+00
277  0.0000e+00
278  0.0000e+00
279  0.0000e+00
280  0.0000e+00
281  0.0000e+00
282  0.0000e+00
283  0.0000e+00
284  0.0000e+00
285  0.0000e+00
286  0.0000e+00
287  0.0000e+00
288  0.0000e+00
289  0.0000e+00
290  0.0000e+00
291  0.0000e+00
292  0.0000e+00
293  0.0000e+00
294  0.0000e+00
295  0.0000e+00
296  0.0000e+00
297  0.0000e+00
298  0.0000e+00
299  0.0000e+00
300  0.0000e+00
301  0.0000e+00
302  0.0000e+00
303  0.0000e+00
304  0.0000e+00
305  0.0000e+00
306  0.0000e+00
307  0.0000e+00
308  0.0000e+00
309  0.0000e+00
310  0.0000e+00
311  0.0000e+00
312  0.0000e+00
313  0.0000e+00
314  0.0000e+00
315  0.0000e+00
316  0.0000e+00
317  0.0000e+00
318  0.0000e+00
319  0.0000e+00
320  0.0000e+00
321  0.0000e+00
322  0.0000e+00
323  0.0000e+00
324  0.0000e+00
325  0.0000e+00
326  0.0000e+00
327  0.0000e+00
328  0.0000e+00
329  0.0000e+00
330  0.0000e+00
331  0.0000e+00
332  0.0000e+00
333  0.0000e+00
334  0.0000e+00
335  0.0000e+00
336  0.0000e+00
337  0.0000e+00

