337
time(s) = 1000000000000 t9 = 2.158715191541936e-12 rho(g/cc) = 1.8149999999996003e-23 
0  0.0000e+00
1  2.4716e-12
2  4.6653e-17
3  7.9939e-21
4  2.3233e-14
5  0.0000e+00
6  7.8515e-31
7  1.2214e-19
8  3.1375e-07
9  1.5072e-23
10  9.8342e-19
11  3.0858e-21
12  4.8995e-25
13  3.9056e-26
14  4.1287e-23
15  1.5492e-25
16  4.0502e-56
17  0.0000e+00
18  1.2587e-86
19  3.6708e-96
20  2.2155e-52
21  0.0000e+00
22  0.0000e+00
23  1.7878e-52
24  0.0000e+00
25  0.0000e+00
26  0.0000e+00
27  0.0000e+00
28  0.0000e+00
29  0.0000e+00
30  0.0000e+00
31  0.0000e+00
32  0.0000e+00
33  0.0000e+00
34  0.0000e+00
35  0.0000e+00
36  0.0000e+00
37  0.0000e+00
38  5.2579e-90
39  3.5759e-35
40  8.0251e-23
41  2.8693e-24
42  2.0192e-23
43  4.4194e-22
44  6.3033e-20
45  3.3055e-21
46  1.4139e-17
47  2.0726e-17
48  2.9429e-15
49  3.2949e-17
50  6.3269e-15
51  1.6218e-16
52  6.1822e-17
53  2.2160e-18
54  2.7131e-15
55  1.8595e-17
56  6.4572e-18
57  3.5323e-17
58  1.0798e-14
59  7.5854e-16
60  1.1255e-13
61  1.1741e-14
62  1.1027e-14
63  2.5824e-14
64  4.1954e-12
65  6.5927e-13
66  2.1430e-10
67  2.1661e-11
68  1.7202e-10
69  9.1444e-11
70  9.1390e-07
71  2.8546e-08
72  6.1481e-06
73  1.4503e-06
74  9.2690e-07
75  1.3162e-05
76  2.5823e-05
77  1.0179e-05
78  9.5080e-04
79  8.6419e-05
80  6.1549e-04
81  5.9727e-04
82  5.6796e-04
83  9.4971e-06
84  1.8213e-07
85  4.0954e-09
86  2.6393e-09
87  3.7199e-10
88  2.1068e-10
89  1.2068e-11
90  7.6316e-12
91  2.1109e-11
92  2.5695e-11
93  1.8038e-10
94  5.8151e-10
95  9.7244e-11
96  1.5990e-08
97  3.9620e-09
98  1.4231e-07
99  5.5610e-08
100  1.5000e-08
101  6.9811e-09
102  5.5836e-08
103  7.4560e-09
104  2.1863e-09
105  4.8644e-09
106  2.9743e-09
107  4.9033e-10
108  3.8041e-09
109  2.9485e-09
110  1.7709e-09
111  3.8178e-09
112  3.1451e-08
113  1.2497e-08
114  1.1463e-07
115  3.6966e-08
116  8.6662e-08
117  1.1656e-07
118  1.4581e-05
119  1.9495e-06
120  1.5254e-05
121  4.7124e-06
122  5.3000e-06
123  2.6101e-06
124  1.1430e-06
125  5.9580e-06
126  2.4490e-05
127  4.7333e-05
128  9.2064e-04
129  4.5757e-04
130  1.0588e-03
131  8.3003e-04
132  2.4911e-03
133  1.6049e-05
134  2.7041e-08
135  4.6814e-11
136  5.3016e-14
137  7.2406e-17
138  2.9441e-19
139  4.4912e-21
140  2.6254e-23
141  4.0540e-25
142  1.7408e-28
143  9.6985e-31
144  4.8779e-31
145  2.4558e-35
146  3.2930e-40
147  0.0000e+00
148  0.0000e+00
149  0.0000e+00
150  0.0000e+00
151  0.0000e+00
152  0.0000e+00
153  0.0000e+00
154  0.0000e+00
155  0.0000e+00
156  0.0000e+00
157  0.0000e+00
158  0.0000e+00
159  0.0000e+00
160  0.0000e+00
161  0.0000e+00
162  0.0000e+00
163  0.0000e+00
164  0.0000e+00
165  0.0000e+00
166  0.0000e+00
167  0.0000e+00
168  0.0000e+00
169  0.0000e+00
170  0.0000e+00
171  0.0000e+00
172  0.0000e+00
173  0.0000e+00
174  0.0000e+00
175  0.0000e+00
176  0.0000e+00
177  0.0000e+00
178  0.0000e+00
179  0.0000e+00
180  0.0000e+00
181  0.0000e+00
182  0.0000e+00
183  0.0000e+00
184  0.0000e+00
185  0.0000e+00
186  0.0000e+00
187  0.0000e+00
188  0.0000e+00
189  0.0000e+00
190  0.0000e+00
191  0.0000e+00
192  0.0000e+00
193  0.0000e+00
194  0.0000e+00
195  0.0000e+00
196  0.0000e+00
197  0.0000e+00
198  0.0000e+00
199  0.0000e+00
200  0.0000e+00
201  0.0000e+00
202  0.0000e+00
203  0.0000e+00
204  1.3561e-29
205  1.0391e-38
206  1.4485e-23
207  1.7779e-23
208  3.1597e-23
209  1.3284e-23
210  3.8032e-26
211  4.7533e-24
212  6.2275e-32
213  2.2711e-24
214  5.3998e-24
215  5.9131e-32
216  1.5201e-24
217  5.6870e-49
218  4.0923e-24
219  6.0781e-29
220  1.3916e-33
221  2.4087e-24
222  2.3599e-29
223  3.1158e-24
224  3.3357e-35
225  3.4269e-29
226  1.5184e-24
227  1.2715e-24
228  8.5287e-24
229  2.7476e-24
230  7.0355e-23
231  2.3207e-23
232  9.9730e-23
233  3.5918e-23
234  4.8637e-23
235  8.2252e-23
236  5.0950e-23
237  7.4257e-23
238  3.1252e-23
239  5.1699e-23
240  1.8225e-24
241  3.2183e-23
242  1.3101e-23
243  2.9817e-24
244  2.1531e-23
245  1.6900e-24
246  6.2588e-26
247  1.7075e-24
248  1.0444e-24
249  7.1246e-39
250  0.0000e+00
251  0.0000e+00
252  0.0000e+00
253  0.0000e+00
254  0.0000e+00
255  0.0000e+00
256  0.0000e+00
257  0.0000e+00
258  0.0000e+00
259  0.0000e+00
260  0.0000e+00
261  0.0000e+00
262  0.0000e+00
263  0.0000e+00
264  0.0000e+00
265  0.0000e+00
266  0.0000e+00
267  0.0000e+00
268  0.0000e+00
269  0.0000e+00
270  0.0000e+00
271  0.0000e+00
272  0.0000e+00
273  0.0000e+00
274  0.0000e+00
275  0.0000e+00
276  0.0000e+00
277  0.0000e+00
278  0.0000e+00
279  0.0000e+00
280  0.0000e+00
281  0.0000e+00
282  0.0000e+00
283  0.0000e+00
284  0.0000e+00
285  0.0000e+00
286  0.0000e+00
287  0.0000e+00
288  0.0000e+00
289  0.0000e+00
290  0.0000e+00
291  0.0000e+00
292  0.0000e+00
293  0.0000e+00
294  0.0000e+00
295  0.0000e+00
296  0.0000e+00
297  0.0000e+00
298  0.0000e+00
299  0.0000e+00
300  0.0000e+00
301  0.0000e+00
302  0.0000e+00
303  0.0000e+00
304  0.0000e+00
305  0.0000e+00
306  0.0000e+00
307  0.0000e+00
308  0.0000e+00
309  0.0000e+00
310  0.0000e+00
311  0.0000e+00
312  0.0000e+00
313  0.0000e+00
314  0.0000e+00
315  0.0000e+00
316  0.0000e+00
317  0.0000e+00
318  0.0000e+00
319  0.0000e+00
320  0.0000e+00
321  0.0000e+00
322  0.0000e+00
323  0.0000e+00
324  0.0000e+00
325  0.0000e+00
326  0.0000e+00
327  0.0000e+00
328  0.0000e+00
329  0.0000e+00
330  0.0000e+00
331  0.0000e+00
332  0.0000e+00
333  0.0000e+00
334  0.0000e+00
335  0.0000e+00
336  0.0000e+00
337  0.0000e+00

