337
time(s) = 1000000000000 t9 = 6.2862630515449753e-13 rho(g/cc) = 1.8149999999996003e-23 
0  0.0000e+00
1  7.7378e-12
2  3.5229e-16
3  7.1699e-23
4  6.8019e-14
5  0.0000e+00
6  3.0672e-37
7  2.8162e-22
8  4.4610e-06
9  2.4615e-27
10  1.3664e-21
11  3.9594e-26
12  1.0832e-102
13  1.7706e-28
14  1.0349e-24
15  1.6396e-67
16  0.0000e+00
17  0.0000e+00
18  4.7961e-110
19  0.0000e+00
20  0.0000e+00
21  0.0000e+00
22  0.0000e+00
23  0.0000e+00
24  0.0000e+00
25  0.0000e+00
26  0.0000e+00
27  0.0000e+00
28  0.0000e+00
29  0.0000e+00
30  0.0000e+00
31  0.0000e+00
32  1.3652e-37
33  3.6208e-47
34  7.8501e-24
35  1.1772e-24
36  3.1270e-24
37  2.5505e-24
38  3.5473e-24
39  2.8665e-25
40  1.1811e-20
41  1.8164e-22
42  2.7084e-20
43  1.3037e-19
44  8.4182e-20
45  5.8655e-20
46  3.4784e-16
47  2.5818e-16
48  4.5055e-16
49  1.1137e-17
50  1.7011e-14
51  3.0287e-16
52  1.9494e-17
53  1.2039e-17
54  3.2712e-15
55  3.5933e-17
56  6.7785e-17
57  4.5317e-17
58  2.5040e-15
59  1.0971e-15
60  5.2558e-13
61  9.8904e-14
62  2.2522e-13
63  6.3769e-14
64  1.2577e-12
65  1.2335e-12
66  1.2881e-09
67  1.5847e-10
68  5.5127e-10
69  3.5252e-10
70  1.2881e-06
71  1.5017e-07
72  1.7810e-04
73  5.0110e-05
74  2.3893e-04
75  8.1643e-05
76  1.5457e-04
77  5.3857e-04
78  5.6815e-04
79  2.1492e-04
80  4.8831e-03
81  1.0874e-03
82  1.4969e-04
83  2.4899e-06
84  3.0852e-08
85  1.0169e-09
86  2.0000e-09
87  1.7230e-10
88  7.4997e-10
89  5.8809e-11
90  5.2552e-10
91  1.7635e-10
92  1.1178e-09
93  3.5152e-10
94  4.0065e-10
95  4.5886e-10
96  1.2406e-09
97  1.2884e-09
98  1.5384e-07
99  5.6091e-08
100  1.8390e-08
101  2.4851e-08
102  1.2579e-07
103  2.8256e-08
104  4.5440e-08
105  6.9514e-08
106  2.0238e-08
107  5.9701e-09
108  2.0651e-08
109  1.1761e-08
110  1.4461e-08
111  1.8016e-08
112  7.4605e-08
113  4.9274e-08
114  3.3843e-06
115  7.4267e-07
116  8.9526e-07
117  1.2674e-06
118  3.0582e-06
119  6.7189e-07
120  2.7300e-05
121  2.1762e-05
122  1.3715e-04
123  4.1173e-05
124  1.9417e-05
125  1.9617e-05
126  3.7951e-05
127  3.1260e-05
128  7.9144e-05
129  1.7131e-04
130  9.2394e-04
131  5.1304e-04
132  6.9054e-04
133  4.5078e-06
134  8.4667e-09
135  1.9389e-11
136  3.0780e-14
137  6.3138e-17
138  3.1587e-19
139  6.7945e-21
140  6.9249e-23
141  1.7992e-24
142  6.2201e-38
143  0.0000e+00
144  0.0000e+00
145  0.0000e+00
146  0.0000e+00
147  0.0000e+00
148  0.0000e+00
149  0.0000e+00
150  0.0000e+00
151  0.0000e+00
152  0.0000e+00
153  0.0000e+00
154  0.0000e+00
155  0.0000e+00
156  0.0000e+00
157  0.0000e+00
158  0.0000e+00
159  0.0000e+00
160  0.0000e+00
161  0.0000e+00
162  0.0000e+00
163  0.0000e+00
164  0.0000e+00
165  0.0000e+00
166  0.0000e+00
167  0.0000e+00
168  0.0000e+00
169  0.0000e+00
170  0.0000e+00
171  0.0000e+00
172  0.0000e+00
173  0.0000e+00
174  0.0000e+00
175  0.0000e+00
176  0.0000e+00
177  0.0000e+00
178  0.0000e+00
179  0.0000e+00
180  0.0000e+00
181  0.0000e+00
182  0.0000e+00
183  0.0000e+00
184  0.0000e+00
185  0.0000e+00
186  0.0000e+00
187  0.0000e+00
188  0.0000e+00
189  0.0000e+00
190  0.0000e+00
191  0.0000e+00
192  0.0000e+00
193  0.0000e+00
194  0.0000e+00
195  0.0000e+00
196  0.0000e+00
197  0.0000e+00
198  0.0000e+00
199  0.0000e+00
200  0.0000e+00
201  0.0000e+00
202  0.0000e+00
203  0.0000e+00
204  0.0000e+00
205  0.0000e+00
206  0.0000e+00
207  0.0000e+00
208  0.0000e+00
209  0.0000e+00
210  0.0000e+00
211  0.0000e+00
212  0.0000e+00
213  0.0000e+00
214  0.0000e+00
215  0.0000e+00
216  0.0000e+00
217  0.0000e+00
218  0.0000e+00
219  0.0000e+00
220  0.0000e+00
221  0.0000e+00
222  0.0000e+00
223  0.0000e+00
224  0.0000e+00
225  0.0000e+00
226  0.0000e+00
227  0.0000e+00
228  0.0000e+00
229  0.0000e+00
230  0.0000e+00
231  0.0000e+00
232  0.0000e+00
233  0.0000e+00
234  0.0000e+00
235  0.0000e+00
236  0.0000e+00
237  0.0000e+00
238  0.0000e+00
239  0.0000e+00
240  0.0000e+00
241  0.0000e+00
242  0.0000e+00
243  0.0000e+00
244  0.0000e+00
245  0.0000e+00
246  0.0000e+00
247  0.0000e+00
248  0.0000e+00
249  0.0000e+00
250  0.0000e+00
251  0.0000e+00
252  0.0000e+00
253  0.0000e+00
254  0.0000e+00
255  0.0000e+00
256  0.0000e+00
257  0.0000e+00
258  0.0000e+00
259  0.0000e+00
260  0.0000e+00
261  0.0000e+00
262  0.0000e+00
263  0.0000e+00
264  0.0000e+00
265  0.0000e+00
266  0.0000e+00
267  0.0000e+00
268  0.0000e+00
269  0.0000e+00
270  0.0000e+00
271  0.0000e+00
272  0.0000e+00
273  0.0000e+00
274  0.0000e+00
275  0.0000e+00
276  0.0000e+00
277  0.0000e+00
278  0.0000e+00
279  0.0000e+00
280  0.0000e+00
281  0.0000e+00
282  0.0000e+00
283  0.0000e+00
284  0.0000e+00
285  0.0000e+00
286  0.0000e+00
287  0.0000e+00
288  0.0000e+00
289  0.0000e+00
290  0.0000e+00
291  0.0000e+00
292  0.0000e+00
293  0.0000e+00
294  0.0000e+00
295  0.0000e+00
296  0.0000e+00
297  0.0000e+00
298  0.0000e+00
299  0.0000e+00
300  0.0000e+00
301  0.0000e+00
302  0.0000e+00
303  0.0000e+00
304  0.0000e+00
305  0.0000e+00
306  0.0000e+00
307  0.0000e+00
308  0.0000e+00
309  0.0000e+00
310  0.0000e+00
311  0.0000e+00
312  0.0000e+00
313  0.0000e+00
314  0.0000e+00
315  0.0000e+00
316  0.0000e+00
317  0.0000e+00
318  0.0000e+00
319  0.0000e+00
320  0.0000e+00
321  0.0000e+00
322  0.0000e+00
323  0.0000e+00
324  0.0000e+00
325  0.0000e+00
326  0.0000e+00
327  0.0000e+00
328  0.0000e+00
329  0.0000e+00
330  0.0000e+00
331  0.0000e+00
332  0.0000e+00
333  0.0000e+00
334  0.0000e+00
335  0.0000e+00
336  0.0000e+00
337  0.0000e+00

