337
time(s) = 1000000000000 t9 = 1.1013853018072841e-12 rho(g/cc) = 1.8149999999996003e-23 
0  0.0000e+00
1  7.8176e-12
2  3.7709e-16
3  3.4128e-22
4  6.8857e-14
5  0.0000e+00
6  3.6046e-33
7  5.0575e-21
8  9.8293e-07
9  1.1255e-25
10  2.4916e-20
11  7.1026e-25
12  1.0684e-29
13  1.7674e-27
14  4.8808e-25
15  5.3827e-68
16  0.0000e+00
17  0.0000e+00
18  1.5777e-110
19  0.0000e+00
20  0.0000e+00
21  0.0000e+00
22  0.0000e+00
23  0.0000e+00
24  0.0000e+00
25  0.0000e+00
26  0.0000e+00
27  0.0000e+00
28  0.0000e+00
29  0.0000e+00
30  0.0000e+00
31  0.0000e+00
32  1.8268e-37
33  0.0000e+00
34  1.2222e-98
35  1.5929e-24
36  4.3390e-24
37  1.7482e-24
38  3.1016e-24
39  3.3593e-26
40  7.6485e-21
41  1.1351e-22
42  1.5339e-20
43  8.4900e-20
44  6.3439e-20
45  3.5338e-20
46  2.3813e-16
47  1.8689e-16
48  4.0513e-16
49  9.3945e-18
50  1.3148e-14
51  2.3643e-16
52  1.4773e-17
53  8.1318e-18
54  2.5219e-15
55  2.6340e-17
56  4.4830e-17
57  3.7489e-17
58  2.5234e-15
59  1.0083e-15
60  4.5263e-13
61  7.8781e-14
62  1.6737e-13
63  5.4790e-14
64  1.2654e-12
65  1.1436e-12
66  1.1218e-09
67  1.3004e-10
68  4.2981e-10
69  3.2049e-10
70  1.4080e-06
71  1.5179e-07
72  1.6549e-04
73  4.1735e-05
74  1.9074e-04
75  8.0310e-05
76  1.3913e-04
77  4.7895e-04
78  6.2520e-04
79  2.1532e-04
80  4.7684e-03
81  1.0849e-03
82  1.5447e-04
83  2.5157e-06
84  3.0939e-08
85  9.7834e-10
86  1.8750e-09
87  1.7001e-10
88  8.5550e-10
89  6.3642e-11
90  5.1397e-10
91  1.6131e-10
92  9.5331e-10
93  3.5242e-10
94  4.1508e-10
95  4.6005e-10
96  1.4729e-09
97  1.3907e-09
98  1.6228e-07
99  5.8734e-08
100  1.8873e-08
101  2.4889e-08
102  1.3153e-07
103  2.8613e-08
104  4.1857e-08
105  6.5634e-08
106  1.8782e-08
107  5.3300e-09
108  2.0454e-08
109  1.1503e-08
110  1.3174e-08
111  1.6601e-08
112  7.4666e-08
113  4.8151e-08
114  2.9658e-06
115  6.3792e-07
116  7.3120e-07
117  1.1493e-06
118  3.6745e-06
119  7.7081e-07
120  3.2369e-05
121  2.3705e-05
122  1.4034e-04
123  4.0672e-05
124  1.7936e-05
125  1.8154e-05
126  3.1820e-05
127  3.0447e-05
128  8.8487e-05
129  1.8084e-04
130  9.5244e-04
131  5.3595e-04
132  7.3884e-04
133  4.7722e-06
134  8.8334e-09
135  1.9332e-11
136  2.9701e-14
137  5.9425e-17
138  2.9331e-19
139  6.0944e-21
140  5.9882e-23
141  1.4743e-24
142  9.5113e-39
143  0.0000e+00
144  0.0000e+00
145  0.0000e+00
146  0.0000e+00
147  0.0000e+00
148  0.0000e+00
149  0.0000e+00
150  0.0000e+00
151  0.0000e+00
152  0.0000e+00
153  0.0000e+00
154  0.0000e+00
155  0.0000e+00
156  0.0000e+00
157  0.0000e+00
158  0.0000e+00
159  0.0000e+00
160  0.0000e+00
161  0.0000e+00
162  0.0000e+00
163  0.0000e+00
164  0.0000e+00
165  0.0000e+00
166  0.0000e+00
167  0.0000e+00
168  0.0000e+00
169  0.0000e+00
170  0.0000e+00
171  0.0000e+00
172  0.0000e+00
173  0.0000e+00
174  0.0000e+00
175  0.0000e+00
176  0.0000e+00
177  0.0000e+00
178  0.0000e+00
179  0.0000e+00
180  0.0000e+00
181  0.0000e+00
182  0.0000e+00
183  0.0000e+00
184  0.0000e+00
185  0.0000e+00
186  0.0000e+00
187  0.0000e+00
188  0.0000e+00
189  0.0000e+00
190  0.0000e+00
191  0.0000e+00
192  0.0000e+00
193  0.0000e+00
194  0.0000e+00
195  0.0000e+00
196  0.0000e+00
197  0.0000e+00
198  0.0000e+00
199  0.0000e+00
200  0.0000e+00
201  0.0000e+00
202  0.0000e+00
203  0.0000e+00
204  0.0000e+00
205  0.0000e+00
206  0.0000e+00
207  0.0000e+00
208  0.0000e+00
209  0.0000e+00
210  0.0000e+00
211  0.0000e+00
212  0.0000e+00
213  0.0000e+00
214  0.0000e+00
215  0.0000e+00
216  0.0000e+00
217  0.0000e+00
218  0.0000e+00
219  0.0000e+00
220  0.0000e+00
221  0.0000e+00
222  0.0000e+00
223  0.0000e+00
224  0.0000e+00
225  0.0000e+00
226  0.0000e+00
227  0.0000e+00
228  0.0000e+00
229  0.0000e+00
230  0.0000e+00
231  0.0000e+00
232  0.0000e+00
233  0.0000e+00
234  0.0000e+00
235  0.0000e+00
236  0.0000e+00
237  0.0000e+00
238  0.0000e+00
239  0.0000e+00
240  0.0000e+00
241  0.0000e+00
242  0.0000e+00
243  0.0000e+00
244  0.0000e+00
245  0.0000e+00
246  0.0000e+00
247  0.0000e+00
248  0.0000e+00
249  0.0000e+00
250  0.0000e+00
251  0.0000e+00
252  0.0000e+00
253  0.0000e+00
254  0.0000e+00
255  0.0000e+00
256  0.0000e+00
257  0.0000e+00
258  0.0000e+00
259  0.0000e+00
260  0.0000e+00
261  0.0000e+00
262  0.0000e+00
263  0.0000e+00
264  0.0000e+00
265  0.0000e+00
266  0.0000e+00
267  0.0000e+00
268  0.0000e+00
269  0.0000e+00
270  0.0000e+00
271  0.0000e+00
272  0.0000e+00
273  0.0000e+00
274  0.0000e+00
275  0.0000e+00
276  0.0000e+00
277  0.0000e+00
278  0.0000e+00
279  0.0000e+00
280  0.0000e+00
281  0.0000e+00
282  0.0000e+00
283  0.0000e+00
284  0.0000e+00
285  0.0000e+00
286  0.0000e+00
287  0.0000e+00
288  0.0000e+00
289  0.0000e+00
290  0.0000e+00
291  0.0000e+00
292  0.0000e+00
293  0.0000e+00
294  0.0000e+00
295  0.0000e+00
296  0.0000e+00
297  0.0000e+00
298  0.0000e+00
299  0.0000e+00
300  0.0000e+00
301  0.0000e+00
302  0.0000e+00
303  0.0000e+00
304  0.0000e+00
305  0.0000e+00
306  0.0000e+00
307  0.0000e+00
308  0.0000e+00
309  0.0000e+00
310  0.0000e+00
311  0.0000e+00
312  0.0000e+00
313  0.0000e+00
314  0.0000e+00
315  0.0000e+00
316  0.0000e+00
317  0.0000e+00
318  0.0000e+00
319  0.0000e+00
320  0.0000e+00
321  0.0000e+00
322  0.0000e+00
323  0.0000e+00
324  0.0000e+00
325  0.0000e+00
326  0.0000e+00
327  0.0000e+00
328  0.0000e+00
329  0.0000e+00
330  0.0000e+00
331  0.0000e+00
332  0.0000e+00
333  0.0000e+00
334  0.0000e+00
335  0.0000e+00
336  0.0000e+00
337  0.0000e+00

