1  1  0  0
2  1  2.45299e-13  1.82924e-25
3  1  4.25999e-12  5.47413e-23
4  1  6.99665e-11  1.47598e-20
5  1  1.14536e-09  3.9552e-18
6  1  1.87457e-08  1.05948e-15
7  1  3.06802e-07  2.83795e-13
8  0.999995  5.0212e-06  7.60171e-11
9  0.999937  6.386e-05  1.21327e-08
10  0.999717  0.000288152  2.43281e-07
11  0.99873  0.00128743  4.87104e-06
12  0.996345  0.00368101  3.9759e-05
13  0.991118  0.00881144  0.000231765
14  0.981872  0.0175126  0.000945718
15  0.966448  0.0310042  0.0031426
16  0.942901  0.0492836  0.00870094
17  0.909483  0.0708585  0.0205238
18  0.863834  0.0931099  0.0425712
19  0.804609  0.111728  0.0780992
20  0.733799  0.122244  0.125647
21  0.654184  0.123085  0.179072
22  0.571283  0.115715  0.228045
23  0.488432  0.10313  0.264643
24  0.410639  0.0885574  0.283792
25  0.337432  0.0735196  0.285505
26  0.271472  0.0594125  0.271484
27  0.211989  0.0464776  0.244577
28  0.158688  0.0348137  0.207561
29  0.114678  0.0251632  0.166614
30  0.0791489  0.0173681  0.1257
31  0.0538276  0.0118118  0.091575
32  0.035675  0.00782845  0.0641146
33  0.0234093  0.0051369  0.0438814
34  0.0146288  0.00321011  0.0283985
35  0.00859473  0.00188601  0.0171712
36  0.00476108  0.00104476  0.00972898
37  0.00264196  0.000579747  0.00548443
38  0.00144183  0.000316392  0.0030273
39  0.000711553  0.000156142  0.00150753
40  0.000305727  6.70881e-05  0.000652197
41  0.000114465  2.51181e-05  0.000245347
42  3.17843e-05  6.97468e-06  6.83499e-05
43  5.27061e-06  1.15657e-06  1.13563e-05
44  3.79341e-07  8.32419e-08  8.18073e-07
45  2.31778e-08  5.0861e-09  4.99958e-08
46  1.31883e-09  2.89403e-10  2.84495e-09
47  5.34389e-11  1.17265e-11  1.15278e-10
48  8.0117e-13  1.75807e-13  1.72828e-12
49  4.72892e-16  1.0377e-16  1.02012e-15
50  2.7861e-19  6.11377e-20  6.01017e-19
51  1.64134e-22  3.60173e-23  3.5407e-22
52  0  0  0
53  0  0  0
54  0  0  0
55  0  0  0
