1  0.000796695  3.13808e-06  0  1.44654e-30
2  0.000796695  3.13808e-06  0  1.26626e-29
3  0.000796695  3.13808e-06  0  3.52221e-29
4  0.000796695  3.13808e-06  0  8.05974e-29
5  0.000796695  3.13808e-06  0  1.71863e-28
6  0.000796695  3.13808e-06  0  3.55431e-28
7  0.000796695  3.13808e-06  0  7.24652e-28
8  0.000796695  3.13808e-06  0  1.46729e-27
9  0.000796695  3.13808e-06  1.6035e-47  2.96099e-27
10  0.000796695  3.13808e-06  8.10381e-47  5.96537e-27
11  0.000796695  3.13808e-06  3.44279e-46  1.20082e-26
12  0.000796695  3.13808e-06  1.40977e-45  2.41626e-26
13  0.000796695  3.13808e-06  5.72137e-45  4.86094e-26
14  0.000796695  3.13808e-06  2.31664e-44  9.77806e-26
15  0.000796695  3.13808e-06  9.37454e-44  1.96681e-25
16  0.000796695  3.13808e-06  3.79286e-43  3.95606e-25
17  0.000796695  3.13808e-06  1.53447e-42  7.95716e-25
18  0.000796695  3.13808e-06  6.20789e-42  1.60048e-24
19  0.000796695  3.13808e-06  2.51145e-41  3.21914e-24
20  0.000796695  3.13808e-06  1.01603e-40  6.47486e-24
21  0.000796695  3.13808e-06  4.1104e-40  1.30233e-23
22  0.000796695  3.13808e-06  1.66289e-39  2.61944e-23
23  0.000796695  3.13808e-06  6.7273e-39  5.26863e-23
24  0.000796695  3.13808e-06  2.71864e-38  1.05917e-22
25  0.000796695  3.13808e-06  1.09602e-37  2.12674e-22
26  0.000796695  3.13808e-06  4.42665e-37  4.27399e-22
27  0.000796695  3.13808e-06  1.78936e-36  8.59284e-22
28  0.000796695  3.13808e-06  7.23591e-36  1.72794e-21
29  0.000796695  3.13808e-06  2.92662e-35  3.47505e-21
30  0.000796695  3.13808e-06  1.18375e-34  6.98884e-21
31  0.000796695  3.13808e-06  4.78778e-34  1.40552e-20
32  0.000796695  3.13809e-06  1.93612e-33  2.82634e-20
33  0.000796695  3.1381e-06  7.82637e-33  5.68216e-20
34  0.000796694  3.13814e-06  3.16107e-32  1.14181e-19
35  0.000796693  3.13821e-06  1.17108e-31  2.20078e-19
36  0.000796691  3.13834e-06  4.33498e-31  4.23304e-19
37  0.000796687  3.13853e-06  1.66415e-30  8.28452e-19
38  0.000796684  3.13875e-06  6.45452e-30  1.63012e-18
39  0.000796681  3.1389e-06  2.29711e-29  3.07926e-18
40  0.00079668  3.13895e-06  5.10072e-29  4.61608e-18
41  0.00079668  3.13897e-06  8.71634e-29  6.06113e-18
42  0.00079668  3.13898e-06  1.29642e-28  7.41405e-18
43  0.000796679  3.13898e-06  1.77147e-28  8.68436e-18
44  0.000796679  3.13898e-06  2.28807e-28  9.88393e-18
45  0.000796679  3.13898e-06  2.84042e-28  1.10238e-17
46  0.000796679  3.13898e-06  3.42447e-28  1.21133e-17
47  0.000796679  3.13898e-06  4.03724e-28  1.31596e-17
48  0.000796679  3.13898e-06  5.039e-28  1.47037e-17
49  0.000796679  3.13898e-06  6.43467e-28  1.66122e-17
50  0.000796679  3.13898e-06  7.92188e-28  1.84284e-17
51  0.000796679  3.13898e-06  9.47817e-28  2.01528e-17
52  0.000796679  3.13898e-06  1.10833e-27  2.17867e-17
53  0.000796679  3.13898e-06  1.2719e-27  2.33321e-17
54  0.000796679  3.13898e-06  1.43687e-27  2.47911e-17
55  0.000796679  3.13898e-06  1.60178e-27  2.61659e-17
56  0.000796679  3.13898e-06  1.76529e-27  2.74589e-17
57  0.000796679  3.13898e-06  1.92623e-27  2.86726e-17
58  0.000796679  3.13898e-06  2.09724e-27  2.99053e-17
59  0.000796679  3.13898e-06  2.38633e-27  3.18699e-17
60  0.000796679  3.13898e-06  2.84305e-27  3.47251e-17
61  0.000796679  3.13898e-06  3.37141e-27  3.77339e-17
62  0.000796679  3.13898e-06  3.69081e-27  3.94314e-17
63  0.000796679  3.13898e-06  3.74566e-27  3.97126e-17
64  0.000796679  3.13898e-06  3.73987e-27  3.96759e-17
65  0.000796679  3.13898e-06  3.72594e-27  3.95904e-17
66  0.000796679  3.13898e-06  3.6981e-27  3.94188e-17
67  0.000796679  3.13898e-06  3.64277e-27  3.90762e-17
68  0.000796679  3.13898e-06  3.53415e-27  3.83967e-17
69  0.000796679  3.13898e-06  3.32601e-27  3.7068e-17
70  0.000796679  3.13898e-06  2.94602e-27  3.4542e-17
71  0.000796679  3.13898e-06  2.31515e-27  3.00018e-17
72  0.000796679  3.13898e-06  1.45154e-27  2.27749e-17
