1  1.0000000000000001e-05  1.8152357686195311e-16
2  0.0011881012001258677  2.1566837952082668e-14
3  0.020469538544660548  3.7157038533404001e-13
4  0.3360399038337345  6.0999165312246227e-12
5  5.5008340874430202  9.9853107927681441e-11
6  90.030474488431537  1.6342653755718905e-09
7  1473.4869819612873  2.6747262742513696e-08
8  24115.87964303037  4.3776007319752329e-07
9  306769.26247082435  5.5685853795007345e-06
10  1385267.8609023278  2.5145877702289704e-05
11  6210262.9267525794  0.00011273091397173098
12  17900517.416551542  0.0003249365949132125
13  43616646.239125811  0.0007917449636048573
14  89445671.526691318  0.0016236498230344364
15  166881922.52409196  0.0030293003490172521
16  287537630.97868139  0.0052194859257662582
17  464099986.35636139  0.0084245089544990309
18  716165647.92763686  0.013000095003748281
19  1063989573.2333282  0.019313919307713669
20  1515368471.1019933  0.027507510513826307
21  2078419913.4216933  0.037728221690541672
22  2743077272.9385638  0.049793319819254014
23  3512055849.4000411  0.063752093992204037
24  4363836757.1597605  0.079213925700130597
25  5328425454.3301315  0.096723484751228217
26  6397492571.6879349  0.11612957345605678
27  7614058914.5465307  0.13821312086061252
28  9040079594.0548  0.16409875830295798
29  10640909456.601017  0.19315759456263976
30  12470456001.937218  0.22636817785712535
31  14373470089.795834  0.26091237026180358
32  16405127258.892935  0.29779173789097729
33  18486579297.432381  0.33557499980120575
34  20812122753.389408  0.37778909642852837
35  23446934736.504803  0.42561714598191253
36  26377527940.682117  0.47881432205687241
37  29299480623.623112  0.53185465229975548
38  32305311596.267204  0.5864175712594355
39  35819540741.087471  0.65020911568746498
40  40037798688.814766  0.72678044276724707
41  44960836424.3694  0.81614518464567143
42  51430999430.40229  0.93359389781916902
43  60626740900.511734  1.1005182861743756
44  74381113736.464645  1.3501925816418805
45  89046573048.47789  1.6164052447058854
46  104115937133.49251  1.8899497316805742
47  121114450658.85014  2.1985128293264946
48  144250092999.8219  2.6184792843996991
49  188272642881.11472  3.4175923561033015
50  232308275138.44571  4.2169429037761335
51  276344446849.76196  5.0163032438106629
52  320385379357.84473  5.8157500035309679
53  366675009512.32227  6.6560159272567372
54  762085495240.45215  13.833648497065973
55  3150000000000  57.179926711515229
