1  1.0000000000000001e-15  0.019999999999999966  14999.999999999925
2  8.7537384374999984e-15  0.019999999999999709  14999.999999999343
3  2.4349275973760634e-14  0.019999999999999189  14999.999999998174
4  5.5717472490244484e-14  0.019999999999998144  14999.999999995822
5  1.1881012001258672e-13  0.019999999999996038  14999.999999991089
6  2.457119700850538e-13  0.019999999999991809  14999.999999981572
7  5.009569183353578e-13  0.019999999999983302  14999.999999962429
8  1.0143456795716721e-12  0.019999999999966191  14999.999999923924
9  2.046953854466054e-12  0.019999999999931767  14999.999999846477
10  4.1238977289111253e-12  0.019999999999862537  14999.999999690708
11  8.3013737188103144e-12  0.019999999999723288  14999.999999377396
12  1.6703770076702723e-11  0.01999999999944321  14999.999998747217
13  3.3603990383373433e-11  0.019999999998879869  14999.999997479701
14  6.7596369967529002e-11  0.019999999997746789  14999.999994930273
15  1.3596718696434855e-10  0.019999999995467761  14999.99998980246
16  2.7348532114614869e-10  0.019999999990883824  14999.999979488601
17  5.5008340874430159e-10  0.019999999981663887  14999.999958743745
18  1.1064209602836011e-09  0.019999999963119301  14999.999917018429
19  2.2254144932483226e-09  0.019999999925819516  14999.999833093914
20  4.4761101785429327e-09  0.01999999985079633  14999.999664291741
21  9.0030631220354842e-09  0.019999999699897901  14999.999324770281
22  1.81083824624035e-08  0.019999999396387261  14999.998641871378
23  3.6422431962135475e-08  0.01999999878591897  14999.997268317851
24  7.3221319357232992e-08  0.019999997559289506  14999.994508402053
25  1.4702336522160775e-07  0.019999995099221759  14999.98897325166
26  2.9546564062312249e-07  0.019999990151147739  14999.977840093323
27  5.9403607818081353e-07  0.019999980198807197  14999.9554473603
28  1.1945678737374953e-06  0.019999960181110516  14999.910407677029
29  2.4024518170527069e-06  0.019999919918433091  14999.819817195925
30  4.8319378681055987e-06  0.019999838936052942  14999.637609037536
31  9.7185020988218252e-06  0.019999676052553619  14999.271130051542
32  1.9547128186453308e-05  0.019999348439673954  14998.534037025598
33  3.9316005911060894e-05  0.019998689509406146  14997.05158936549
34  7.9078280211258985e-05  0.019997364231023506  14994.070301337337
35  0.00015268437101863958  0.019994911168481039  14988.55304215845
36  0.00029462946693374165  0.019990181428666536  14977.919058213509
37  0.00058013175583295894  0.019980671620483649  14956.553161002834
38  0.0011543788366581006  0.019961557698119463  14913.670967938777
39  0.0022236113510503688  0.01992601679788231  14834.152806304499
40  0.0034021066967863181  0.019886917345795511  14746.999931418704
41  0.0045555529629862637  0.019848723252322412  14662.195350251401
42  0.0056789396853301104  0.019811595034029628  14580.069635632086
43  0.0067753109433516664  0.019775426650122413  14500.36246043457
44  0.0078506775273446266  0.019740015338046781  14422.605664187931
45  0.008911493462853394  0.019705145301309408  14346.309533836018
46  0.0099636306230124674  0.01967062138737034  14271.036275057084
47  0.01101206293779276  0.019636279208792871  14196.420940765989
48  0.012637227377028446  0.019583164203965435  14081.530769105491
49  0.014787020125695598  0.019513123515696514  13930.979490095391
50  0.01699662339280044  0.019441395236841758  13777.916877124875
51  0.019267334363030797  0.019367957971095317  13622.37319979829
52  0.021601570490385403  0.019292755371118339  13464.308218208396
53  0.024002476389844235  0.019215709473569813  13303.64182472002
54  0.026473745510207612  0.019136726925424227  13140.268853650887
55  0.029019555830145236  0.019055701481665389  12974.065741508448
56  0.031644571295346022  0.018972514402014092  12804.892758241038
57  0.03435398955397112  0.018887033422156224  12632.593419557941
58  0.037406841591177777  0.018791178623616688  12441.230449439292
59  0.043147994385636747  0.018612231080498462  12089.172643687734
60  0.054695503323307512  0.018257447908438987  11410.941599029493
61  0.077921668422812063  0.01756420152141441  10159.831516469189
62  0.12463778253376218  0.016248533133567132  8043.4756811996085
63  0.21860057442289182  0.01389317875796924  5028.1258939460986
64  0.40759331124665937  0.010139210023169684  1954.4007893970158
65  0.78772521084243996  0.0053809068645350698  292.12430854477753
66  1.5523062392924416  0.0015046423188582766  6.3870613732505106
67  3.0901517862914933  0.00011595875591012203  0.0029235593446569844
68  6.1833084805129035  6.6896296331328528e-07  5.613160935437883e-10
69  12.404751429498873  1e-10  1.7358643459534193e-23
70  24.918295421562995  1e-10  1.0000000000000001e-30
71  50.087502071098598  1e-10  1.0000000000000001e-30
72  100  1e-10  1.0000000000000001e-30
