1  1.0000000000000001e-05
2  0.0011881012001258677
3  0.020469538544660548
4  0.3360399038337345
5  5.5008340874430202
6  90.030474488431537
7  1473.4869819612873
8  24115.87964303037
9  306769.26247082435
10  1385267.8609023278
11  6210262.9267525794
12  17900517.416551542
13  43616646.239125811
14  89445671.526691318
15  166881922.52409196
16  287537630.97868139
17  464099986.35636139
18  716165647.92763686
19  1063989573.2333282
20  1515368471.1019933
21  2078419913.4216933
22  2743077272.9385638
23  3512055849.4000411
24  4363836757.1597605
25  5328425454.3301315
26  6397492571.6879349
27  7614058914.5465307
28  9040079594.0548
29  10640909456.601017
30  12470456001.937218
31  14373470089.795834
32  16405127258.892935
33  18486579297.432381
34  20812122753.389408
35  23446934736.504803
36  26377527940.682117
37  29299480623.623112
38  32305311596.267204
39  35819540741.087471
40  40037798688.814766
41  44960836424.3694
42  51430999430.40229
43  60626740900.511734
44  74381113736.464645
45  89046573048.47789
46  104115937133.49251
47  121114450658.85014
48  144250092999.8219
49  188272642881.11472
50  232308275138.44571
51  276344446849.76196
52  320385379357.84473
53  366675009512.32227
54  762085495240.45215
55  3150000000000
