84
time(s) = 1.0000000000000001e-05 t9 = 0.20000000000000001 rho(g/cc) = 1000 
0  1.6600e-19
1  0.0000e+00
2  0.0000e+00
3  0.0000e+00
4  0.0000e+00
5  0.0000e+00
6  0.0000e+00
7  0.0000e+00
8  0.0000e+00
9  0.0000e+00
10  0.0000e+00
11  0.0000e+00
12  0.0000e+00
13  0.0000e+00
14  0.0000e+00
15  0.0000e+00
16  0.0000e+00
17  0.0000e+00
18  0.0000e+00
19  0.0000e+00
20  0.0000e+00
21  0.0000e+00
22  0.0000e+00
23  0.0000e+00
24  0.0000e+00
25  0.0000e+00
26  1.7857e-02
27  0.0000e+00
28  0.0000e+00
29  0.0000e+00
30  0.0000e+00
31  0.0000e+00
32  0.0000e+00
33  0.0000e+00
34  0.0000e+00
35  0.0000e+00
36  0.0000e+00
37  0.0000e+00
38  0.0000e+00
39  0.0000e+00
40  0.0000e+00
41  0.0000e+00
42  0.0000e+00
43  0.0000e+00
44  0.0000e+00
45  0.0000e+00
46  0.0000e+00
47  0.0000e+00
48  0.0000e+00
49  0.0000e+00
50  0.0000e+00
51  0.0000e+00
52  0.0000e+00
53  0.0000e+00
54  0.0000e+00
55  0.0000e+00
56  0.0000e+00
57  0.0000e+00
58  0.0000e+00
59  0.0000e+00
60  0.0000e+00
61  0.0000e+00
62  0.0000e+00
63  0.0000e+00
64  0.0000e+00
65  0.0000e+00
66  0.0000e+00
67  0.0000e+00
68  0.0000e+00
69  0.0000e+00
70  0.0000e+00
71  0.0000e+00
72  0.0000e+00
73  0.0000e+00
74  0.0000e+00
75  0.0000e+00
76  0.0000e+00
77  0.0000e+00
78  0.0000e+00
79  0.0000e+00
80  0.0000e+00
81  0.0000e+00
82  0.0000e+00
83  0.0000e+00
84  0.0000e+00

time(s) = 0.0011881012001258677 t9 = 0.20000000000000001 rho(g/cc) = 1000 
0  1.6600e-19
1  0.0000e+00
2  0.0000e+00
3  0.0000e+00
4  0.0000e+00
5  0.0000e+00
6  0.0000e+00
7  0.0000e+00
8  0.0000e+00
9  0.0000e+00
10  0.0000e+00
11  0.0000e+00
12  0.0000e+00
13  0.0000e+00
14  0.0000e+00
15  0.0000e+00
16  0.0000e+00
17  0.0000e+00
18  0.0000e+00
19  0.0000e+00
20  0.0000e+00
21  0.0000e+00
22  0.0000e+00
23  0.0000e+00
24  0.0000e+00
25  0.0000e+00
26  1.7857e-02
27  0.0000e+00
28  0.0000e+00
29  0.0000e+00
30  0.0000e+00
31  0.0000e+00
32  0.0000e+00
33  0.0000e+00
34  0.0000e+00
35  0.0000e+00
36  0.0000e+00
37  0.0000e+00
38  0.0000e+00
39  0.0000e+00
40  0.0000e+00
41  0.0000e+00
42  0.0000e+00
43  0.0000e+00
44  0.0000e+00
45  0.0000e+00
46  0.0000e+00
47  0.0000e+00
48  0.0000e+00
49  0.0000e+00
50  0.0000e+00
51  0.0000e+00
52  0.0000e+00
53  0.0000e+00
54  0.0000e+00
55  0.0000e+00
56  0.0000e+00
57  0.0000e+00
58  0.0000e+00
59  0.0000e+00
60  0.0000e+00
61  0.0000e+00
62  0.0000e+00
63  0.0000e+00
64  0.0000e+00
65  0.0000e+00
66  0.0000e+00
67  0.0000e+00
68  0.0000e+00
69  0.0000e+00
70  0.0000e+00
71  0.0000e+00
72  0.0000e+00
73  0.0000e+00
74  0.0000e+00
75  0.0000e+00
76  0.0000e+00
77  0.0000e+00
78  0.0000e+00
79  0.0000e+00
80  0.0000e+00
81  0.0000e+00
82  0.0000e+00
83  0.0000e+00
84  0.0000e+00

time(s) = 0.020469538544660548 t9 = 0.20000000000000001 rho(g/cc) = 1000 
0  1.6600e-19
1  0.0000e+00
2  0.0000e+00
3  0.0000e+00
4  0.0000e+00
5  0.0000e+00
6  0.0000e+00
7  0.0000e+00
8  0.0000e+00
9  0.0000e+00
10  0.0000e+00
11  0.0000e+00
12  0.0000e+00
13  0.0000e+00
14  0.0000e+00
15  0.0000e+00
16  0.0000e+00
17  0.0000e+00
18  0.0000e+00
19  0.0000e+00
20  0.0000e+00
21  0.0000e+00
22  0.0000e+00
23  0.0000e+00
24  0.0000e+00
25  0.0000e+00
26  1.7857e-02
27  0.0000e+00
28  0.0000e+00
29  0.0000e+00
30  0.0000e+00
31  0.0000e+00
32  0.0000e+00
33  0.0000e+00
34  0.0000e+00
35  0.0000e+00
36  0.0000e+00
37  0.0000e+00
38  0.0000e+00
39  0.0000e+00
40  0.0000e+00
41  0.0000e+00
42  0.0000e+00
43  0.0000e+00
44  0.0000e+00
45  0.0000e+00
46  0.0000e+00
47  0.0000e+00
48  0.0000e+00
49  0.0000e+00
50  0.0000e+00
51  0.0000e+00
52  0.0000e+00
53  0.0000e+00
54  0.0000e+00
55  0.0000e+00
56  0.0000e+00
57  0.0000e+00
58  0.0000e+00
59  0.0000e+00
60  0.0000e+00
61  0.0000e+00
62  0.0000e+00
63  0.0000e+00
64  0.0000e+00
65  0.0000e+00
66  0.0000e+00
67  0.0000e+00
68  0.0000e+00
69  0.0000e+00
70  0.0000e+00
71  0.0000e+00
72  0.0000e+00
73  0.0000e+00
74  0.0000e+00
75  0.0000e+00
76  0.0000e+00
77  0.0000e+00
78  0.0000e+00
79  0.0000e+00
80  0.0000e+00
81  0.0000e+00
82  0.0000e+00
83  0.0000e+00
84  0.0000e+00

time(s) = 0.3360399038337345 t9 = 0.20000000000000001 rho(g/cc) = 1000 
0  1.6600e-19
1  0.0000e+00
2  0.0000e+00
3  0.0000e+00
4  0.0000e+00
5  0.0000e+00
6  0.0000e+00
7  0.0000e+00
8  0.0000e+00
9  0.0000e+00
10  0.0000e+00
11  0.0000e+00
12  0.0000e+00
13  0.0000e+00
14  0.0000e+00
15  0.0000e+00
16  0.0000e+00
17  0.0000e+00
18  0.0000e+00
19  0.0000e+00
20  0.0000e+00
21  0.0000e+00
22  0.0000e+00
23  0.0000e+00
24  0.0000e+00
25  0.0000e+00
26  1.7857e-02
27  0.0000e+00
28  0.0000e+00
29  0.0000e+00
30  0.0000e+00
31  0.0000e+00
32  0.0000e+00
33  0.0000e+00
34  0.0000e+00
35  0.0000e+00
36  0.0000e+00
37  0.0000e+00
38  0.0000e+00
39  0.0000e+00
40  0.0000e+00
41  0.0000e+00
42  0.0000e+00
43  0.0000e+00
44  0.0000e+00
45  0.0000e+00
46  0.0000e+00
47  0.0000e+00
48  0.0000e+00
49  0.0000e+00
50  0.0000e+00
51  0.0000e+00
52  0.0000e+00
53  0.0000e+00
54  0.0000e+00
55  0.0000e+00
56  0.0000e+00
57  0.0000e+00
58  0.0000e+00
59  0.0000e+00
60  0.0000e+00
61  0.0000e+00
62  0.0000e+00
63  0.0000e+00
64  0.0000e+00
65  0.0000e+00
66  0.0000e+00
67  0.0000e+00
68  0.0000e+00
69  0.0000e+00
70  0.0000e+00
71  0.0000e+00
72  0.0000e+00
73  0.0000e+00
74  0.0000e+00
75  0.0000e+00
76  0.0000e+00
77  0.0000e+00
78  0.0000e+00
79  0.0000e+00
80  0.0000e+00
81  0.0000e+00
82  0.0000e+00
83  0.0000e+00
84  0.0000e+00

time(s) = 5.5008340874430202 t9 = 0.20000000000000001 rho(g/cc) = 1000 
0  1.6600e-19
1  0.0000e+00
2  0.0000e+00
3  0.0000e+00
4  0.0000e+00
5  0.0000e+00
6  0.0000e+00
7  0.0000e+00
8  0.0000e+00
9  0.0000e+00
10  0.0000e+00
11  0.0000e+00
12  0.0000e+00
13  0.0000e+00
14  0.0000e+00
15  0.0000e+00
16  0.0000e+00
17  0.0000e+00
18  0.0000e+00
19  0.0000e+00
20  0.0000e+00
21  0.0000e+00
22  0.0000e+00
23  0.0000e+00
24  0.0000e+00
25  0.0000e+00
26  1.7857e-02
27  0.0000e+00
28  0.0000e+00
29  0.0000e+00
30  0.0000e+00
31  0.0000e+00
32  0.0000e+00
33  0.0000e+00
34  0.0000e+00
35  0.0000e+00
36  0.0000e+00
37  0.0000e+00
38  0.0000e+00
39  0.0000e+00
40  0.0000e+00
41  0.0000e+00
42  0.0000e+00
43  0.0000e+00
44  0.0000e+00
45  0.0000e+00
46  0.0000e+00
47  0.0000e+00
48  0.0000e+00
49  0.0000e+00
50  0.0000e+00
51  0.0000e+00
52  0.0000e+00
53  0.0000e+00
54  0.0000e+00
55  0.0000e+00
56  0.0000e+00
57  0.0000e+00
58  0.0000e+00
59  0.0000e+00
60  0.0000e+00
61  0.0000e+00
62  0.0000e+00
63  0.0000e+00
64  0.0000e+00
65  0.0000e+00
66  0.0000e+00
67  0.0000e+00
68  0.0000e+00
69  0.0000e+00
70  0.0000e+00
71  0.0000e+00
72  0.0000e+00
73  0.0000e+00
74  0.0000e+00
75  0.0000e+00
76  0.0000e+00
77  0.0000e+00
78  0.0000e+00
79  0.0000e+00
80  0.0000e+00
81  0.0000e+00
82  0.0000e+00
83  0.0000e+00
84  0.0000e+00

time(s) = 90.030474488431537 t9 = 0.20000000000000001 rho(g/cc) = 1000 
0  1.6600e-19
1  0.0000e+00
2  0.0000e+00
3  0.0000e+00
4  0.0000e+00
5  0.0000e+00
6  0.0000e+00
7  0.0000e+00
8  0.0000e+00
9  0.0000e+00
10  0.0000e+00
11  0.0000e+00
12  0.0000e+00
13  0.0000e+00
14  0.0000e+00
15  0.0000e+00
16  0.0000e+00
17  0.0000e+00
18  0.0000e+00
19  0.0000e+00
20  0.0000e+00
21  0.0000e+00
22  0.0000e+00
23  0.0000e+00
24  0.0000e+00
25  0.0000e+00
26  1.7857e-02
27  4.3009e-31
28  0.0000e+00
29  0.0000e+00
30  0.0000e+00
31  0.0000e+00
32  0.0000e+00
33  0.0000e+00
34  0.0000e+00
35  0.0000e+00
36  0.0000e+00
37  0.0000e+00
38  0.0000e+00
39  0.0000e+00
40  0.0000e+00
41  0.0000e+00
42  0.0000e+00
43  0.0000e+00
44  0.0000e+00
45  0.0000e+00
46  0.0000e+00
47  0.0000e+00
48  0.0000e+00
49  0.0000e+00
50  0.0000e+00
51  0.0000e+00
52  0.0000e+00
53  0.0000e+00
54  0.0000e+00
55  0.0000e+00
56  0.0000e+00
57  0.0000e+00
58  0.0000e+00
59  0.0000e+00
60  0.0000e+00
61  0.0000e+00
62  0.0000e+00
63  0.0000e+00
64  0.0000e+00
65  0.0000e+00
66  0.0000e+00
67  0.0000e+00
68  0.0000e+00
69  0.0000e+00
70  0.0000e+00
71  0.0000e+00
72  0.0000e+00
73  0.0000e+00
74  0.0000e+00
75  0.0000e+00
76  0.0000e+00
77  0.0000e+00
78  0.0000e+00
79  0.0000e+00
80  0.0000e+00
81  0.0000e+00
82  0.0000e+00
83  0.0000e+00
84  0.0000e+00

time(s) = 1473.4869819612873 t9 = 0.20000000000000001 rho(g/cc) = 1000 
0  1.6600e-19
1  0.0000e+00
2  0.0000e+00
3  0.0000e+00
4  0.0000e+00
5  0.0000e+00
6  0.0000e+00
7  0.0000e+00
8  0.0000e+00
9  0.0000e+00
10  0.0000e+00
11  0.0000e+00
12  0.0000e+00
13  0.0000e+00
14  0.0000e+00
15  0.0000e+00
16  0.0000e+00
17  0.0000e+00
18  0.0000e+00
19  0.0000e+00
20  0.0000e+00
21  0.0000e+00
22  0.0000e+00
23  0.0000e+00
24  0.0000e+00
25  0.0000e+00
26  1.7857e-02
27  7.2054e-26
28  0.0000e+00
29  0.0000e+00
30  0.0000e+00
31  0.0000e+00
32  0.0000e+00
33  0.0000e+00
34  0.0000e+00
35  0.0000e+00
36  0.0000e+00
37  0.0000e+00
38  0.0000e+00
39  0.0000e+00
40  0.0000e+00
41  0.0000e+00
42  0.0000e+00
43  0.0000e+00
44  0.0000e+00
45  0.0000e+00
46  0.0000e+00
47  0.0000e+00
48  0.0000e+00
49  0.0000e+00
50  0.0000e+00
51  0.0000e+00
52  0.0000e+00
53  0.0000e+00
54  0.0000e+00
55  0.0000e+00
56  0.0000e+00
57  0.0000e+00
58  0.0000e+00
59  0.0000e+00
60  0.0000e+00
61  0.0000e+00
62  0.0000e+00
63  0.0000e+00
64  0.0000e+00
65  0.0000e+00
66  0.0000e+00
67  0.0000e+00
68  0.0000e+00
69  0.0000e+00
70  0.0000e+00
71  0.0000e+00
72  0.0000e+00
73  0.0000e+00
74  0.0000e+00
75  0.0000e+00
76  0.0000e+00
77  0.0000e+00
78  0.0000e+00
79  0.0000e+00
80  0.0000e+00
81  0.0000e+00
82  0.0000e+00
83  0.0000e+00
84  0.0000e+00

time(s) = 24115.87964303037 t9 = 0.20000000000000001 rho(g/cc) = 1000 
0  1.6600e-19
1  0.0000e+00
2  0.0000e+00
3  0.0000e+00
4  0.0000e+00
5  0.0000e+00
6  0.0000e+00
7  0.0000e+00
8  0.0000e+00
9  0.0000e+00
10  0.0000e+00
11  0.0000e+00
12  0.0000e+00
13  0.0000e+00
14  0.0000e+00
15  0.0000e+00
16  0.0000e+00
17  0.0000e+00
18  0.0000e+00
19  0.0000e+00
20  0.0000e+00
21  0.0000e+00
22  0.0000e+00
23  0.0000e+00
24  0.0000e+00
25  0.0000e+00
26  1.7857e-02
27  5.1644e-21
28  0.0000e+00
29  0.0000e+00
30  0.0000e+00
31  0.0000e+00
32  0.0000e+00
33  0.0000e+00
34  0.0000e+00
35  0.0000e+00
36  0.0000e+00
37  0.0000e+00
38  0.0000e+00
39  0.0000e+00
40  0.0000e+00
41  0.0000e+00
42  0.0000e+00
43  0.0000e+00
44  0.0000e+00
45  0.0000e+00
46  0.0000e+00
47  0.0000e+00
48  0.0000e+00
49  0.0000e+00
50  0.0000e+00
51  0.0000e+00
52  0.0000e+00
53  0.0000e+00
54  0.0000e+00
55  0.0000e+00
56  0.0000e+00
57  0.0000e+00
58  0.0000e+00
59  0.0000e+00
60  0.0000e+00
61  0.0000e+00
62  0.0000e+00
63  0.0000e+00
64  0.0000e+00
65  0.0000e+00
66  0.0000e+00
67  0.0000e+00
68  0.0000e+00
69  0.0000e+00
70  0.0000e+00
71  0.0000e+00
72  0.0000e+00
73  0.0000e+00
74  0.0000e+00
75  0.0000e+00
76  0.0000e+00
77  0.0000e+00
78  0.0000e+00
79  0.0000e+00
80  0.0000e+00
81  0.0000e+00
82  0.0000e+00
83  0.0000e+00
84  0.0000e+00

time(s) = 306769.26247082435 t9 = 0.20000000000000001 rho(g/cc) = 1000 
0  1.6600e-19
1  0.0000e+00
2  0.0000e+00
3  0.0000e+00
4  0.0000e+00
5  0.0000e+00
6  0.0000e+00
7  0.0000e+00
8  0.0000e+00
9  0.0000e+00
10  0.0000e+00
11  0.0000e+00
12  0.0000e+00
13  0.0000e+00
14  0.0000e+00
15  0.0000e+00
16  0.0000e+00
17  0.0000e+00
18  0.0000e+00
19  0.0000e+00
20  0.0000e+00
21  0.0000e+00
22  0.0000e+00
23  0.0000e+00
24  0.0000e+00
25  0.0000e+00
26  1.7857e-02
27  1.2312e-16
28  7.3269e-24
29  0.0000e+00
30  0.0000e+00
31  0.0000e+00
32  0.0000e+00
33  0.0000e+00
34  0.0000e+00
35  0.0000e+00
36  0.0000e+00
37  0.0000e+00
38  0.0000e+00
39  0.0000e+00
40  0.0000e+00
41  0.0000e+00
42  0.0000e+00
43  0.0000e+00
44  0.0000e+00
45  0.0000e+00
46  0.0000e+00
47  0.0000e+00
48  0.0000e+00
49  0.0000e+00
50  0.0000e+00
51  0.0000e+00
52  0.0000e+00
53  0.0000e+00
54  0.0000e+00
55  0.0000e+00
56  0.0000e+00
57  0.0000e+00
58  0.0000e+00
59  0.0000e+00
60  0.0000e+00
61  0.0000e+00
62  0.0000e+00
63  0.0000e+00
64  0.0000e+00
65  0.0000e+00
66  0.0000e+00
67  0.0000e+00
68  0.0000e+00
69  0.0000e+00
70  0.0000e+00
71  0.0000e+00
72  0.0000e+00
73  0.0000e+00
74  0.0000e+00
75  0.0000e+00
76  0.0000e+00
77  0.0000e+00
78  0.0000e+00
79  0.0000e+00
80  0.0000e+00
81  0.0000e+00
82  0.0000e+00
83  0.0000e+00
84  0.0000e+00

time(s) = 1385267.8609023278 t9 = 0.20000000000000001 rho(g/cc) = 1000 
0  1.6600e-19
1  0.0000e+00
2  0.0000e+00
3  0.0000e+00
4  0.0000e+00
5  0.0000e+00
6  0.0000e+00
7  0.0000e+00
8  0.0000e+00
9  0.0000e+00
10  0.0000e+00
11  0.0000e+00
12  0.0000e+00
13  0.0000e+00
14  0.0000e+00
15  0.0000e+00
16  0.0000e+00
17  0.0000e+00
18  0.0000e+00
19  0.0000e+00
20  0.0000e+00
21  0.0000e+00
22  0.0000e+00
23  0.0000e+00
24  0.0000e+00
25  0.0000e+00
26  1.7857e-02
27  4.4645e-14
28  3.1589e-20
29  0.0000e+00
30  0.0000e+00
31  0.0000e+00
32  0.0000e+00
33  0.0000e+00
34  0.0000e+00
35  0.0000e+00
36  0.0000e+00
37  0.0000e+00
38  0.0000e+00
39  0.0000e+00
40  0.0000e+00
41  0.0000e+00
42  0.0000e+00
43  0.0000e+00
44  0.0000e+00
45  0.0000e+00
46  0.0000e+00
47  0.0000e+00
48  0.0000e+00
49  0.0000e+00
50  0.0000e+00
51  0.0000e+00
52  0.0000e+00
53  0.0000e+00
54  0.0000e+00
55  0.0000e+00
56  0.0000e+00
57  0.0000e+00
58  0.0000e+00
59  0.0000e+00
60  0.0000e+00
61  0.0000e+00
62  0.0000e+00
63  0.0000e+00
64  0.0000e+00
65  0.0000e+00
66  0.0000e+00
67  0.0000e+00
68  0.0000e+00
69  0.0000e+00
70  0.0000e+00
71  0.0000e+00
72  0.0000e+00
73  0.0000e+00
74  0.0000e+00
75  0.0000e+00
76  0.0000e+00
77  0.0000e+00
78  0.0000e+00
79  0.0000e+00
80  0.0000e+00
81  0.0000e+00
82  0.0000e+00
83  0.0000e+00
84  0.0000e+00

time(s) = 6210262.9267525794 t9 = 0.20000000000000001 rho(g/cc) = 1000 
0  1.6600e-19
1  0.0000e+00
2  0.0000e+00
3  0.0000e+00
4  0.0000e+00
5  0.0000e+00
6  0.0000e+00
7  0.0000e+00
8  0.0000e+00
9  0.0000e+00
10  0.0000e+00
11  0.0000e+00
12  0.0000e+00
13  0.0000e+00
14  0.0000e+00
15  0.0000e+00
16  0.0000e+00
17  0.0000e+00
18  0.0000e+00
19  0.0000e+00
20  0.0000e+00
21  0.0000e+00
22  0.0000e+00
23  0.0000e+00
24  0.0000e+00
25  0.0000e+00
26  1.7857e-02
27  1.4955e-11
28  1.8811e-16
29  2.7448e-26
30  0.0000e+00
31  0.0000e+00
32  0.0000e+00
33  0.0000e+00
34  0.0000e+00
35  0.0000e+00
36  0.0000e+00
37  0.0000e+00
38  0.0000e+00
39  0.0000e+00
40  0.0000e+00
41  0.0000e+00
42  0.0000e+00
43  0.0000e+00
44  0.0000e+00
45  0.0000e+00
46  0.0000e+00
47  0.0000e+00
48  0.0000e+00
49  0.0000e+00
50  0.0000e+00
51  0.0000e+00
52  0.0000e+00
53  0.0000e+00
54  0.0000e+00
55  0.0000e+00
56  0.0000e+00
57  0.0000e+00
58  0.0000e+00
59  0.0000e+00
60  0.0000e+00
61  0.0000e+00
62  0.0000e+00
63  0.0000e+00
64  0.0000e+00
65  0.0000e+00
66  0.0000e+00
67  0.0000e+00
68  0.0000e+00
69  0.0000e+00
70  0.0000e+00
71  0.0000e+00
72  0.0000e+00
73  0.0000e+00
74  0.0000e+00
75  0.0000e+00
76  0.0000e+00
77  0.0000e+00
78  0.0000e+00
79  0.0000e+00
80  0.0000e+00
81  0.0000e+00
82  0.0000e+00
83  0.0000e+00
84  0.0000e+00

time(s) = 17900517.416551542 t9 = 0.20000000000000001 rho(g/cc) = 1000 
0  1.6600e-19
1  0.0000e+00
2  0.0000e+00
3  0.0000e+00
4  0.0000e+00
5  0.0000e+00
6  0.0000e+00
7  0.0000e+00
8  0.0000e+00
9  0.0000e+00
10  0.0000e+00
11  0.0000e+00
12  0.0000e+00
13  0.0000e+00
14  0.0000e+00
15  0.0000e+00
16  0.0000e+00
17  0.0000e+00
18  0.0000e+00
19  0.0000e+00
20  0.0000e+00
21  0.0000e+00
22  0.0000e+00
23  0.0000e+00
24  0.0000e+00
25  0.0000e+00
26  1.7857e-02
27  6.8867e-10
28  6.7325e-14
29  1.8336e-22
30  0.0000e+00
31  0.0000e+00
32  0.0000e+00
33  0.0000e+00
34  0.0000e+00
35  0.0000e+00
36  0.0000e+00
37  0.0000e+00
38  0.0000e+00
39  0.0000e+00
40  0.0000e+00
41  0.0000e+00
42  0.0000e+00
43  0.0000e+00
44  0.0000e+00
45  0.0000e+00
46  0.0000e+00
47  0.0000e+00
48  0.0000e+00
49  0.0000e+00
50  0.0000e+00
51  0.0000e+00
52  0.0000e+00
53  0.0000e+00
54  0.0000e+00
55  0.0000e+00
56  0.0000e+00
57  0.0000e+00
58  0.0000e+00
59  0.0000e+00
60  0.0000e+00
61  0.0000e+00
62  0.0000e+00
63  0.0000e+00
64  0.0000e+00
65  0.0000e+00
66  0.0000e+00
67  0.0000e+00
68  0.0000e+00
69  0.0000e+00
70  0.0000e+00
71  0.0000e+00
72  0.0000e+00
73  0.0000e+00
74  0.0000e+00
75  0.0000e+00
76  0.0000e+00
77  0.0000e+00
78  0.0000e+00
79  0.0000e+00
80  0.0000e+00
81  0.0000e+00
82  0.0000e+00
83  0.0000e+00
84  0.0000e+00

time(s) = 43616646.239125811 t9 = 0.20000000000000001 rho(g/cc) = 1000 
0  1.6600e-19
1  0.0000e+00
2  0.0000e+00
3  0.0000e+00
4  0.0000e+00
5  0.0000e+00
6  0.0000e+00
7  0.0000e+00
8  0.0000e+00
9  0.0000e+00
10  0.0000e+00
11  0.0000e+00
12  0.0000e+00
13  0.0000e+00
14  0.0000e+00
15  0.0000e+00
16  0.0000e+00
17  0.0000e+00
18  0.0000e+00
19  0.0000e+00
20  0.0000e+00
21  0.0000e+00
22  0.0000e+00
23  0.0000e+00
24  0.0000e+00
25  0.0000e+00
26  1.7857e-02
27  1.4132e-08
28  8.3704e-12
29  3.2479e-19
30  9.3041e-22
31  0.0000e+00
32  0.0000e+00
33  0.0000e+00
34  0.0000e+00
35  0.0000e+00
36  0.0000e+00
37  0.0000e+00
38  0.0000e+00
39  0.0000e+00
40  0.0000e+00
41  0.0000e+00
42  0.0000e+00
43  0.0000e+00
44  0.0000e+00
45  0.0000e+00
46  0.0000e+00
47  0.0000e+00
48  0.0000e+00
49  0.0000e+00
50  0.0000e+00
51  0.0000e+00
52  0.0000e+00
53  0.0000e+00
54  0.0000e+00
55  0.0000e+00
56  0.0000e+00
57  0.0000e+00
58  0.0000e+00
59  0.0000e+00
60  0.0000e+00
61  0.0000e+00
62  0.0000e+00
63  0.0000e+00
64  0.0000e+00
65  0.0000e+00
66  0.0000e+00
67  0.0000e+00
68  0.0000e+00
69  0.0000e+00
70  0.0000e+00
71  0.0000e+00
72  0.0000e+00
73  0.0000e+00
74  0.0000e+00
75  0.0000e+00
76  0.0000e+00
77  0.0000e+00
78  0.0000e+00
79  0.0000e+00
80  0.0000e+00
81  0.0000e+00
82  0.0000e+00
83  0.0000e+00
84  0.0000e+00

time(s) = 89445671.526691318 t9 = 0.20000000000000001 rho(g/cc) = 1000 
0  1.6600e-19
1  0.0000e+00
2  0.0000e+00
3  0.0000e+00
4  0.0000e+00
5  0.0000e+00
6  0.0000e+00
7  0.0000e+00
8  0.0000e+00
9  0.0000e+00
10  0.0000e+00
11  0.0000e+00
12  0.0000e+00
13  0.0000e+00
14  0.0000e+00
15  0.0000e+00
16  0.0000e+00
17  0.0000e+00
18  0.0000e+00
19  0.0000e+00
20  0.0000e+00
21  0.0000e+00
22  0.0000e+00
23  0.0000e+00
24  0.0000e+00
25  0.0000e+00
26  1.7857e-02
27  1.3876e-07
28  3.3875e-10
29  1.1123e-16
30  6.4987e-19
31  0.0000e+00
32  0.0000e+00
33  0.0000e+00
34  0.0000e+00
35  0.0000e+00
36  0.0000e+00
37  0.0000e+00
38  0.0000e+00
39  0.0000e+00
40  0.0000e+00
41  0.0000e+00
42  0.0000e+00
43  0.0000e+00
44  0.0000e+00
45  0.0000e+00
46  0.0000e+00
47  0.0000e+00
48  0.0000e+00
49  0.0000e+00
50  0.0000e+00
51  0.0000e+00
52  0.0000e+00
53  0.0000e+00
54  0.0000e+00
55  0.0000e+00
56  0.0000e+00
57  0.0000e+00
58  0.0000e+00
59  0.0000e+00
60  0.0000e+00
61  0.0000e+00
62  0.0000e+00
63  0.0000e+00
64  0.0000e+00
65  0.0000e+00
66  0.0000e+00
67  0.0000e+00
68  0.0000e+00
69  0.0000e+00
70  0.0000e+00
71  0.0000e+00
72  0.0000e+00
73  0.0000e+00
74  0.0000e+00
75  0.0000e+00
76  0.0000e+00
77  0.0000e+00
78  0.0000e+00
79  0.0000e+00
80  0.0000e+00
81  0.0000e+00
82  0.0000e+00
83  0.0000e+00
84  0.0000e+00

time(s) = 166881922.52409196 t9 = 0.20000000000000001 rho(g/cc) = 1000 
0  1.6600e-19
1  0.0000e+00
2  0.0000e+00
3  0.0000e+00
4  0.0000e+00
5  0.0000e+00
6  0.0000e+00
7  0.0000e+00
8  0.0000e+00
9  0.0000e+00
10  0.0000e+00
11  0.0000e+00
12  0.0000e+00
13  0.0000e+00
14  0.0000e+00
15  0.0000e+00
16  0.0000e+00
17  0.0000e+00
18  0.0000e+00
19  0.0000e+00
20  0.0000e+00
21  0.0000e+00
22  0.0000e+00
23  0.0000e+00
24  0.0000e+00
25  0.0000e+00
26  1.7856e-02
27  9.3044e-07
28  7.4654e-09
29  1.5940e-14
30  1.7398e-16
31  2.9561e-23
32  1.4430e-24
33  0.0000e+00
34  0.0000e+00
35  0.0000e+00
36  0.0000e+00
37  0.0000e+00
38  0.0000e+00
39  0.0000e+00
40  0.0000e+00
41  0.0000e+00
42  0.0000e+00
43  0.0000e+00
44  0.0000e+00
45  0.0000e+00
46  0.0000e+00
47  0.0000e+00
48  0.0000e+00
49  0.0000e+00
50  0.0000e+00
51  0.0000e+00
52  0.0000e+00
53  0.0000e+00
54  0.0000e+00
55  0.0000e+00
56  0.0000e+00
57  0.0000e+00
58  0.0000e+00
59  0.0000e+00
60  0.0000e+00
61  0.0000e+00
62  0.0000e+00
63  0.0000e+00
64  0.0000e+00
65  0.0000e+00
66  0.0000e+00
67  0.0000e+00
68  0.0000e+00
69  0.0000e+00
70  0.0000e+00
71  0.0000e+00
72  0.0000e+00
73  0.0000e+00
74  0.0000e+00
75  0.0000e+00
76  0.0000e+00
77  0.0000e+00
78  0.0000e+00
79  0.0000e+00
80  0.0000e+00
81  0.0000e+00
82  0.0000e+00
83  0.0000e+00
84  0.0000e+00

time(s) = 287537630.97868139 t9 = 0.20000000000000001 rho(g/cc) = 1000 
0  1.6600e-19
1  0.0000e+00
2  0.0000e+00
3  0.0000e+00
4  0.0000e+00
5  0.0000e+00
6  0.0000e+00
7  0.0000e+00
8  0.0000e+00
9  0.0000e+00
10  0.0000e+00
11  0.0000e+00
12  0.0000e+00
13  0.0000e+00
14  0.0000e+00
15  0.0000e+00
16  0.0000e+00
17  0.0000e+00
18  0.0000e+00
19  0.0000e+00
20  0.0000e+00
21  0.0000e+00
22  0.0000e+00
23  0.0000e+00
24  0.0000e+00
25  0.0000e+00
26  1.7852e-02
27  4.6126e-06
28  9.9500e-08
29  1.0836e-12
30  2.0376e-14
31  2.8461e-20
32  2.2743e-21
33  0.0000e+00
34  0.0000e+00
35  0.0000e+00
36  0.0000e+00
37  0.0000e+00
38  0.0000e+00
39  0.0000e+00
40  0.0000e+00
41  0.0000e+00
42  0.0000e+00
43  0.0000e+00
44  0.0000e+00
45  0.0000e+00
46  0.0000e+00
47  0.0000e+00
48  0.0000e+00
49  0.0000e+00
50  0.0000e+00
51  0.0000e+00
52  0.0000e+00
53  0.0000e+00
54  0.0000e+00
55  0.0000e+00
56  0.0000e+00
57  0.0000e+00
58  0.0000e+00
59  0.0000e+00
60  0.0000e+00
61  0.0000e+00
62  0.0000e+00
63  0.0000e+00
64  0.0000e+00
65  0.0000e+00
66  0.0000e+00
67  0.0000e+00
68  0.0000e+00
69  0.0000e+00
70  0.0000e+00
71  0.0000e+00
72  0.0000e+00
73  0.0000e+00
74  0.0000e+00
75  0.0000e+00
76  0.0000e+00
77  0.0000e+00
78  0.0000e+00
79  0.0000e+00
80  0.0000e+00
81  0.0000e+00
82  0.0000e+00
83  0.0000e+00
84  0.0000e+00

time(s) = 464099986.35636139 t9 = 0.20000000000000001 rho(g/cc) = 1000 
0  1.6600e-19
1  0.0000e+00
2  0.0000e+00
3  0.0000e+00
4  0.0000e+00
5  0.0000e+00
6  0.0000e+00
7  0.0000e+00
8  0.0000e+00
9  0.0000e+00
10  0.0000e+00
11  0.0000e+00
12  0.0000e+00
13  0.0000e+00
14  0.0000e+00
15  0.0000e+00
16  0.0000e+00
17  0.0000e+00
18  0.0000e+00
19  0.0000e+00
20  0.0000e+00
21  0.0000e+00
22  0.0000e+00
23  0.0000e+00
24  0.0000e+00
25  0.0000e+00
26  1.7838e-02
27  1.7827e-05
28  8.7731e-07
29  3.9837e-11
30  1.2079e-12
31  1.0553e-17
32  1.3210e-18
33  2.6013e-24
34  7.0808e-25
35  0.0000e+00
36  0.0000e+00
37  0.0000e+00
38  0.0000e+00
39  0.0000e+00
40  0.0000e+00
41  0.0000e+00
42  0.0000e+00
43  0.0000e+00
44  0.0000e+00
45  0.0000e+00
46  0.0000e+00
47  0.0000e+00
48  0.0000e+00
49  0.0000e+00
50  0.0000e+00
51  0.0000e+00
52  0.0000e+00
53  0.0000e+00
54  0.0000e+00
55  0.0000e+00
56  0.0000e+00
57  0.0000e+00
58  0.0000e+00
59  0.0000e+00
60  0.0000e+00
61  0.0000e+00
62  0.0000e+00
63  0.0000e+00
64  0.0000e+00
65  0.0000e+00
66  0.0000e+00
67  0.0000e+00
68  0.0000e+00
69  0.0000e+00
70  0.0000e+00
71  0.0000e+00
72  0.0000e+00
73  0.0000e+00
74  0.0000e+00
75  0.0000e+00
76  0.0000e+00
77  0.0000e+00
78  0.0000e+00
79  0.0000e+00
80  0.0000e+00
81  0.0000e+00
82  0.0000e+00
83  0.0000e+00
84  0.0000e+00

time(s) = 716165647.92763686 t9 = 0.20000000000000001 rho(g/cc) = 1000 
0  1.6600e-19
1  0.0000e+00
2  0.0000e+00
3  0.0000e+00
4  0.0000e+00
5  0.0000e+00
6  0.0000e+00
7  0.0000e+00
8  0.0000e+00
9  0.0000e+00
10  0.0000e+00
11  0.0000e+00
12  0.0000e+00
13  0.0000e+00
14  0.0000e+00
15  0.0000e+00
16  0.0000e+00
17  0.0000e+00
18  0.0000e+00
19  0.0000e+00
20  0.0000e+00
21  0.0000e+00
22  0.0000e+00
23  0.0000e+00
24  0.0000e+00
25  0.0000e+00
26  1.7795e-02
27  5.6853e-05
28  5.6876e-06
29  9.3673e-10
30  4.3872e-11
31  1.9842e-15
32  3.7205e-16
33  4.6686e-21
34  2.0415e-21
35  1.3281e-29
36  0.0000e+00
37  0.0000e+00
38  0.0000e+00
39  0.0000e+00
40  0.0000e+00
41  0.0000e+00
42  0.0000e+00
43  0.0000e+00
44  0.0000e+00
45  0.0000e+00
46  0.0000e+00
47  0.0000e+00
48  0.0000e+00
49  0.0000e+00
50  0.0000e+00
51  0.0000e+00
52  0.0000e+00
53  0.0000e+00
54  0.0000e+00
55  0.0000e+00
56  0.0000e+00
57  0.0000e+00
58  0.0000e+00
59  0.0000e+00
60  0.0000e+00
61  0.0000e+00
62  0.0000e+00
63  0.0000e+00
64  0.0000e+00
65  0.0000e+00
66  0.0000e+00
67  0.0000e+00
68  0.0000e+00
69  0.0000e+00
70  0.0000e+00
71  0.0000e+00
72  0.0000e+00
73  0.0000e+00
74  0.0000e+00
75  0.0000e+00
76  0.0000e+00
77  0.0000e+00
78  0.0000e+00
79  0.0000e+00
80  0.0000e+00
81  0.0000e+00
82  0.0000e+00
83  0.0000e+00
84  0.0000e+00

time(s) = 1063989573.2333282 t9 = 0.20000000000000001 rho(g/cc) = 1000 
0  1.6600e-19
1  0.0000e+00
2  0.0000e+00
3  0.0000e+00
4  0.0000e+00
5  0.0000e+00
6  0.0000e+00
7  0.0000e+00
8  0.0000e+00
9  0.0000e+00
10  0.0000e+00
11  0.0000e+00
12  0.0000e+00
13  0.0000e+00
14  0.0000e+00
15  0.0000e+00
16  0.0000e+00
17  0.0000e+00
18  0.0000e+00
19  0.0000e+00
20  0.0000e+00
21  0.0000e+00
22  0.0000e+00
23  0.0000e+00
24  0.0000e+00
25  0.0000e+00
26  1.7678e-02
27  1.5137e-04
28  2.8094e-05
29  1.4782e-08
30  1.0325e-09
31  2.0259e-13
32  5.4526e-14
33  3.4554e-18
34  2.2792e-18
35  2.1589e-22
36  7.5146e-23
37  0.0000e+00
38  0.0000e+00
39  0.0000e+00
40  0.0000e+00
41  0.0000e+00
42  0.0000e+00
43  0.0000e+00
44  0.0000e+00
45  0.0000e+00
46  0.0000e+00
47  0.0000e+00
48  0.0000e+00
49  0.0000e+00
50  0.0000e+00
51  0.0000e+00
52  0.0000e+00
53  0.0000e+00
54  0.0000e+00
55  0.0000e+00
56  0.0000e+00
57  0.0000e+00
58  0.0000e+00
59  0.0000e+00
60  0.0000e+00
61  0.0000e+00
62  0.0000e+00
63  0.0000e+00
64  0.0000e+00
65  0.0000e+00
66  0.0000e+00
67  0.0000e+00
68  0.0000e+00
69  0.0000e+00
70  0.0000e+00
71  0.0000e+00
72  0.0000e+00
73  0.0000e+00
74  0.0000e+00
75  0.0000e+00
76  0.0000e+00
77  0.0000e+00
78  0.0000e+00
79  0.0000e+00
80  0.0000e+00
81  0.0000e+00
82  0.0000e+00
83  0.0000e+00
84  0.0000e+00

time(s) = 1515368471.1019933 t9 = 0.20000000000000001 rho(g/cc) = 1000 
0  1.6600e-19
1  0.0000e+00
2  0.0000e+00
3  0.0000e+00
4  0.0000e+00
5  0.0000e+00
6  0.0000e+00
7  0.0000e+00
8  0.0000e+00
9  0.0000e+00
10  0.0000e+00
11  0.0000e+00
12  0.0000e+00
13  0.0000e+00
14  0.0000e+00
15  0.0000e+00
16  0.0000e+00
17  0.0000e+00
18  0.0000e+00
19  0.0000e+00
20  0.0000e+00
21  0.0000e+00
22  0.0000e+00
23  0.0000e+00
24  0.0000e+00
25  0.0000e+00
26  1.7420e-02
27  3.3202e-04
28  1.0520e-04
29  1.5286e-07
30  1.5358e-08
31  1.0695e-11
32  3.9451e-12
33  9.6895e-16
34  9.3146e-16
35  3.2799e-19
36  1.6575e-19
37  5.4778e-23
38  2.2981e-23
39  0.0000e+00
40  0.0000e+00
41  0.0000e+00
42  0.0000e+00
43  0.0000e+00
44  0.0000e+00
45  0.0000e+00
46  0.0000e+00
47  0.0000e+00
48  0.0000e+00
49  0.0000e+00
50  0.0000e+00
51  0.0000e+00
52  0.0000e+00
53  0.0000e+00
54  0.0000e+00
55  0.0000e+00
56  0.0000e+00
57  0.0000e+00
58  0.0000e+00
59  0.0000e+00
60  0.0000e+00
61  0.0000e+00
62  0.0000e+00
63  0.0000e+00
64  0.0000e+00
65  0.0000e+00
66  0.0000e+00
67  0.0000e+00
68  0.0000e+00
69  0.0000e+00
70  0.0000e+00
71  0.0000e+00
72  0.0000e+00
73  0.0000e+00
74  0.0000e+00
75  0.0000e+00
76  0.0000e+00
77  0.0000e+00
78  0.0000e+00
79  0.0000e+00
80  0.0000e+00
81  0.0000e+00
82  0.0000e+00
83  0.0000e+00
84  0.0000e+00

time(s) = 2078419913.4216933 t9 = 0.20000000000000001 rho(g/cc) = 1000 
0  1.6600e-19
1  0.0000e+00
2  0.0000e+00
3  0.0000e+00
4  0.0000e+00
5  0.0000e+00
6  0.0000e+00
7  0.0000e+00
8  0.0000e+00
9  0.0000e+00
10  0.0000e+00
11  0.0000e+00
12  0.0000e+00
13  0.0000e+00
14  0.0000e+00
15  0.0000e+00
16  0.0000e+00
17  0.0000e+00
18  0.0000e+00
19  0.0000e+00
20  0.0000e+00
21  0.0000e+00
22  0.0000e+00
23  0.0000e+00
24  0.0000e+00
25  0.0000e+00
26  1.6937e-02
27  6.0936e-04
28  3.0951e-04
29  1.0868e-06
30  1.5295e-07
31  3.1388e-10
32  1.5279e-10
33  1.1463e-13
34  1.5596e-13
35  1.6189e-16
36  1.1545e-16
37  9.8514e-20
38  5.8164e-20
39  2.3162e-23
40  1.0361e-24
41  0.0000e+00
42  0.0000e+00
43  0.0000e+00
44  0.0000e+00
45  0.0000e+00
46  0.0000e+00
47  0.0000e+00
48  0.0000e+00
49  0.0000e+00
50  0.0000e+00
51  0.0000e+00
52  0.0000e+00
53  0.0000e+00
54  0.0000e+00
55  0.0000e+00
56  0.0000e+00
57  0.0000e+00
58  0.0000e+00
59  0.0000e+00
60  0.0000e+00
61  0.0000e+00
62  0.0000e+00
63  0.0000e+00
64  0.0000e+00
65  0.0000e+00
66  0.0000e+00
67  0.0000e+00
68  0.0000e+00
69  0.0000e+00
70  0.0000e+00
71  0.0000e+00
72  0.0000e+00
73  0.0000e+00
74  0.0000e+00
75  0.0000e+00
76  0.0000e+00
77  0.0000e+00
78  0.0000e+00
79  0.0000e+00
80  0.0000e+00
81  0.0000e+00
82  0.0000e+00
83  0.0000e+00
84  0.0000e+00

time(s) = 2743077272.9385638 t9 = 0.20000000000000001 rho(g/cc) = 1000 
0  1.6600e-19
1  0.0000e+00
2  0.0000e+00
3  0.0000e+00
4  0.0000e+00
5  0.0000e+00
6  0.0000e+00
7  0.0000e+00
8  0.0000e+00
9  0.0000e+00
10  0.0000e+00
11  0.0000e+00
12  0.0000e+00
13  0.0000e+00
14  0.0000e+00
15  0.0000e+00
16  0.0000e+00
17  0.0000e+00
18  0.0000e+00
19  0.0000e+00
20  0.0000e+00
21  0.0000e+00
22  0.0000e+00
23  0.0000e+00
24  0.0000e+00
25  0.0000e+00
26  1.6175e-02
27  9.4625e-04
28  7.2898e-04
29  5.4018e-06
30  1.0391e-06
31  5.1924e-09
32  3.2215e-09
33  5.8677e-12
34  1.0928e-11
35  2.6819e-14
36  2.6117e-14
37  4.8270e-17
38  3.8721e-17
39  3.3656e-20
40  2.0544e-21
41  1.6355e-30
42  0.0000e+00
43  0.0000e+00
44  0.0000e+00
45  0.0000e+00
46  0.0000e+00
47  0.0000e+00
48  0.0000e+00
49  0.0000e+00
50  0.0000e+00
51  0.0000e+00
52  0.0000e+00
53  0.0000e+00
54  0.0000e+00
55  0.0000e+00
56  0.0000e+00
57  0.0000e+00
58  0.0000e+00
59  0.0000e+00
60  0.0000e+00
61  0.0000e+00
62  0.0000e+00
63  0.0000e+00
64  0.0000e+00
65  0.0000e+00
66  0.0000e+00
67  0.0000e+00
68  0.0000e+00
69  0.0000e+00
70  0.0000e+00
71  0.0000e+00
72  0.0000e+00
73  0.0000e+00
74  0.0000e+00
75  0.0000e+00
76  0.0000e+00
77  0.0000e+00
78  0.0000e+00
79  0.0000e+00
80  0.0000e+00
81  0.0000e+00
82  0.0000e+00
83  0.0000e+00
84  0.0000e+00

time(s) = 3512055849.4000411 t9 = 0.20000000000000001 rho(g/cc) = 1000 
0  1.6600e-19
1  0.0000e+00
2  0.0000e+00
3  0.0000e+00
4  0.0000e+00
5  0.0000e+00
6  0.0000e+00
7  0.0000e+00
8  0.0000e+00
9  0.0000e+00
10  0.0000e+00
11  0.0000e+00
12  0.0000e+00
13  0.0000e+00
14  0.0000e+00
15  0.0000e+00
16  0.0000e+00
17  0.0000e+00
18  0.0000e+00
19  0.0000e+00
20  0.0000e+00
21  0.0000e+00
22  0.0000e+00
23  0.0000e+00
24  0.0000e+00
25  0.0000e+00
26  1.5110e-02
27  1.2813e-03
28  1.4402e-03
29  2.0177e-05
30  5.2267e-06
31  5.4337e-08
32  4.1989e-08
33  1.5505e-10
34  3.8541e-10
35  1.8902e-12
36  2.4555e-12
37  8.5866e-15
38  9.1267e-15
39  1.5829e-17
40  1.2717e-18
41  1.2242e-24
42  3.9468e-23
43  2.7598e-25
44  4.1586e-25
45  0.0000e+00
46  0.0000e+00
47  0.0000e+00
48  0.0000e+00
49  0.0000e+00
50  0.0000e+00
51  0.0000e+00
52  0.0000e+00
53  0.0000e+00
54  0.0000e+00
55  0.0000e+00
56  0.0000e+00
57  0.0000e+00
58  0.0000e+00
59  0.0000e+00
60  0.0000e+00
61  0.0000e+00
62  0.0000e+00
63  0.0000e+00
64  0.0000e+00
65  0.0000e+00
66  0.0000e+00
67  0.0000e+00
68  0.0000e+00
69  0.0000e+00
70  0.0000e+00
71  0.0000e+00
72  0.0000e+00
73  0.0000e+00
74  0.0000e+00
75  0.0000e+00
76  0.0000e+00
77  0.0000e+00
78  0.0000e+00
79  0.0000e+00
80  0.0000e+00
81  0.0000e+00
82  0.0000e+00
83  0.0000e+00
84  0.0000e+00

time(s) = 4363836757.1597605 t9 = 0.20000000000000001 rho(g/cc) = 1000 
0  1.6600e-19
1  0.0000e+00
2  0.0000e+00
3  0.0000e+00
4  0.0000e+00
5  0.0000e+00
6  0.0000e+00
7  0.0000e+00
8  0.0000e+00
9  0.0000e+00
10  0.0000e+00
11  0.0000e+00
12  0.0000e+00
13  0.0000e+00
14  0.0000e+00
15  0.0000e+00
16  0.0000e+00
17  0.0000e+00
18  0.0000e+00
19  0.0000e+00
20  0.0000e+00
21  0.0000e+00
22  0.0000e+00
23  0.0000e+00
24  0.0000e+00
25  0.0000e+00
26  1.3799e-02
27  1.5429e-03
28  2.4362e-03
29  5.8044e-05
30  1.9872e-05
31  3.7078e-07
32  3.4917e-07
33  2.2293e-09
34  7.1846e-09
35  6.0701e-11
36  1.0242e-10
37  5.9788e-13
38  8.1884e-13
39  2.5818e-15
40  2.6632e-16
41  5.5714e-22
42  2.2485e-20
43  1.8992e-22
44  5.1756e-22
45  1.7177e-23
46  5.4056e-23
47  1.2032e-24
48  2.9146e-24
49  0.0000e+00
50  0.0000e+00
51  0.0000e+00
52  0.0000e+00
53  0.0000e+00
54  0.0000e+00
55  0.0000e+00
56  0.0000e+00
57  0.0000e+00
58  0.0000e+00
59  0.0000e+00
60  0.0000e+00
61  0.0000e+00
62  0.0000e+00
63  0.0000e+00
64  0.0000e+00
65  0.0000e+00
66  0.0000e+00
67  0.0000e+00
68  0.0000e+00
69  0.0000e+00
70  0.0000e+00
71  0.0000e+00
72  0.0000e+00
73  0.0000e+00
74  0.0000e+00
75  0.0000e+00
76  0.0000e+00
77  0.0000e+00
78  0.0000e+00
79  0.0000e+00
80  0.0000e+00
81  0.0000e+00
82  0.0000e+00
83  0.0000e+00
84  0.0000e+00

time(s) = 5328425454.3301315 t9 = 0.20000000000000001 rho(g/cc) = 1000 
0  1.6600e-19
1  0.0000e+00
2  0.0000e+00
3  0.0000e+00
4  0.0000e+00
5  0.0000e+00
6  0.0000e+00
7  0.0000e+00
8  0.0000e+00
9  0.0000e+00
10  0.0000e+00
11  0.0000e+00
12  0.0000e+00
13  0.0000e+00
14  0.0000e+00
15  0.0000e+00
16  0.0000e+00
17  0.0000e+00
18  0.0000e+00
19  0.0000e+00
20  0.0000e+00
21  0.0000e+00
22  0.0000e+00
23  0.0000e+00
24  0.0000e+00
25  0.0000e+00
26  1.2261e-02
27  1.6972e-03
28  3.6926e-03
29  1.3923e-04
30  6.2492e-05
31  1.8919e-06
32  2.1491e-06
33  2.1336e-08
34  8.7778e-08
35  1.1602e-09
36  2.5123e-09
37  2.2588e-11
38  3.9350e-11
39  2.1403e-13
40  2.8105e-14
41  1.1974e-19
42  5.9568e-18
43  6.9386e-20
44  2.2526e-19
45  8.9289e-21
46  3.3925e-20
47  9.9371e-22
48  3.1294e-21
49  4.1542e-23
50  1.2093e-22
51  1.7707e-25
52  0.0000e+00
53  0.0000e+00
54  0.0000e+00
55  0.0000e+00
56  0.0000e+00
57  0.0000e+00
58  0.0000e+00
59  0.0000e+00
60  0.0000e+00
61  0.0000e+00
62  0.0000e+00
63  0.0000e+00
64  0.0000e+00
65  0.0000e+00
66  0.0000e+00
67  0.0000e+00
68  0.0000e+00
69  0.0000e+00
70  0.0000e+00
71  0.0000e+00
72  0.0000e+00
73  0.0000e+00
74  0.0000e+00
75  0.0000e+00
76  0.0000e+00
77  0.0000e+00
78  0.0000e+00
79  0.0000e+00
80  0.0000e+00
81  0.0000e+00
82  0.0000e+00
83  0.0000e+00
84  0.0000e+00

time(s) = 6397492571.6879349 t9 = 0.20000000000000001 rho(g/cc) = 1000 
0  1.6600e-19
1  0.0000e+00
2  0.0000e+00
3  0.0000e+00
4  0.0000e+00
5  0.0000e+00
6  0.0000e+00
7  0.0000e+00
8  0.0000e+00
9  0.0000e+00
10  0.0000e+00
11  0.0000e+00
12  0.0000e+00
13  0.0000e+00
14  0.0000e+00
15  0.0000e+00
16  0.0000e+00
17  0.0000e+00
18  0.0000e+00
19  0.0000e+00
20  0.0000e+00
21  0.0000e+00
22  0.0000e+00
23  0.0000e+00
24  0.0000e+00
25  0.0000e+00
26  1.0597e-02
27  1.7263e-03
28  5.0694e-03
29  2.8223e-04
30  1.6377e-04
31  7.3524e-06
32  9.9573e-06
33  1.4033e-07
34  7.2359e-07
35  1.3753e-08
36  3.7693e-08
37  4.8519e-10
38  1.0588e-09
39  9.4104e-12
40  1.5575e-12
41  1.2607e-17
42  7.5892e-16
43  1.1509e-17
44  4.3601e-17
45  1.9945e-18
46  8.9651e-18
47  3.2931e-19
48  1.2565e-18
49  2.2746e-20
50  8.2547e-20
51  1.4966e-22
52  1.5475e-22
53  1.7214e-24
54  4.6636e-24
55  0.0000e+00
56  0.0000e+00
57  0.0000e+00
58  0.0000e+00
59  0.0000e+00
60  0.0000e+00
61  0.0000e+00
62  0.0000e+00
63  0.0000e+00
64  0.0000e+00
65  0.0000e+00
66  0.0000e+00
67  0.0000e+00
68  0.0000e+00
69  0.0000e+00
70  0.0000e+00
71  0.0000e+00
72  0.0000e+00
73  0.0000e+00
74  0.0000e+00
75  0.0000e+00
76  0.0000e+00
77  0.0000e+00
78  0.0000e+00
79  0.0000e+00
80  0.0000e+00
81  0.0000e+00
82  0.0000e+00
83  0.0000e+00
84  0.0000e+00

time(s) = 7614058914.5465307 t9 = 0.20000000000000001 rho(g/cc) = 1000 
0  1.6600e-19
1  0.0000e+00
2  0.0000e+00
3  0.0000e+00
4  0.0000e+00
5  0.0000e+00
6  0.0000e+00
7  0.0000e+00
8  0.0000e+00
9  0.0000e+00
10  0.0000e+00
11  0.0000e+00
12  0.0000e+00
13  0.0000e+00
14  0.0000e+00
15  0.0000e+00
16  0.0000e+00
17  0.0000e+00
18  0.0000e+00
19  0.0000e+00
20  0.0000e+00
21  0.0000e+00
22  0.0000e+00
23  0.0000e+00
24  0.0000e+00
25  0.0000e+00
26  8.8462e-03
27  1.6380e-03
28  6.4303e-03
29  5.0241e-04
30  3.7369e-04
31  2.3357e-05
32  3.7473e-05
33  7.0375e-07
34  4.5000e-06
35  1.1604e-07
36  4.0087e-07
37  7.0347e-09
38  1.9092e-08
39  2.6870e-10
40  5.6114e-11
41  8.2873e-16
42  5.9739e-14
43  1.1352e-15
44  4.9526e-15
45  2.5551e-16
46  1.3399e-15
47  5.9487e-17
48  2.7178e-16
49  6.3927e-18
50  2.8864e-17
51  9.3339e-20
52  1.1061e-19
53  1.7172e-21
54  5.4987e-21
55  1.0942e-22
56  7.6599e-23
57  0.0000e+00
58  0.0000e+00
59  0.0000e+00
60  0.0000e+00
61  0.0000e+00
62  0.0000e+00
63  0.0000e+00
64  0.0000e+00
65  0.0000e+00
66  0.0000e+00
67  0.0000e+00
68  0.0000e+00
69  0.0000e+00
70  0.0000e+00
71  0.0000e+00
72  0.0000e+00
73  0.0000e+00
74  0.0000e+00
75  0.0000e+00
76  0.0000e+00
77  0.0000e+00
78  0.0000e+00
79  0.0000e+00
80  0.0000e+00
81  0.0000e+00
82  0.0000e+00
83  0.0000e+00
84  0.0000e+00

time(s) = 9040079594.0548 t9 = 0.20000000000000001 rho(g/cc) = 1000 
0  1.6600e-19
1  0.0000e+00
2  0.0000e+00
3  0.0000e+00
4  0.0000e+00
5  0.0000e+00
6  0.0000e+00
7  0.0000e+00
8  0.0000e+00
9  0.0000e+00
10  0.0000e+00
11  0.0000e+00
12  0.0000e+00
13  0.0000e+00
14  0.0000e+00
15  0.0000e+00
16  0.0000e+00
17  0.0000e+00
18  0.0000e+00
19  0.0000e+00
20  0.0000e+00
21  0.0000e+00
22  0.0000e+00
23  0.0000e+00
24  0.0000e+00
25  0.0000e+00
26  7.0523e-03
27  1.4478e-03
28  7.5874e-03
29  7.9942e-04
30  7.5816e-04
31  6.2978e-05
32  1.1933e-04
33  2.8505e-06
34  2.2474e-05
35  7.5338e-07
36  3.2929e-06
37  7.6194e-08
38  2.5653e-07
39  5.6220e-09
40  1.4967e-09
41  3.9432e-14
42  3.3840e-12
43  7.8377e-14
44  3.9025e-13
45  2.2341e-14
46  1.3531e-13
47  7.0702e-15
48  3.8431e-14
49  1.1353e-15
50  6.4289e-15
51  3.5838e-17
52  4.9134e-17
53  1.0219e-18
54  3.9865e-18
55  1.1662e-19
56  1.0308e-19
57  1.2733e-22
58  2.3279e-23
59  8.7791e-25
60  5.6614e-25
61  0.0000e+00
62  0.0000e+00
63  0.0000e+00
64  0.0000e+00
65  0.0000e+00
66  0.0000e+00
67  0.0000e+00
68  0.0000e+00
69  0.0000e+00
70  0.0000e+00
71  0.0000e+00
72  0.0000e+00
73  0.0000e+00
74  0.0000e+00
75  0.0000e+00
76  0.0000e+00
77  0.0000e+00
78  0.0000e+00
79  0.0000e+00
80  0.0000e+00
81  0.0000e+00
82  0.0000e+00
83  0.0000e+00
84  0.0000e+00

time(s) = 10640909456.601017 t9 = 0.20000000000000001 rho(g/cc) = 1000 
0  1.6600e-19
1  0.0000e+00
2  2.1145e-35
3  0.0000e+00
4  0.0000e+00
5  0.0000e+00
6  0.0000e+00
7  0.0000e+00
8  0.0000e+00
9  0.0000e+00
10  0.0000e+00
11  0.0000e+00
12  0.0000e+00
13  0.0000e+00
14  0.0000e+00
15  0.0000e+00
16  0.0000e+00
17  0.0000e+00
18  0.0000e+00
19  0.0000e+00
20  0.0000e+00
21  0.0000e+00
22  0.0000e+00
23  0.0000e+00
24  0.0000e+00
25  0.0000e+00
26  5.3906e-03
27  1.1980e-03
28  8.2637e-03
29  1.1164e-03
30  1.3238e-03
31  1.3872e-04
32  3.0647e-04
33  8.8641e-06
34  8.4697e-05
35  3.5163e-06
36  1.9326e-05
37  5.6732e-07
38  2.3301e-06
39  7.6552e-08
40  2.5971e-08
41  1.1573e-12
42  1.1638e-10
43  3.1753e-12
44  1.7757e-11
45  1.1067e-12
46  7.6051e-12
47  4.5350e-13
48  2.8831e-12
49  1.0263e-13
50  7.2531e-13
51  6.5196e-15
52  1.0297e-14
53  2.7206e-16
54  1.2884e-15
55  5.3487e-17
56  6.0096e-17
57  1.2712e-19
58  2.8334e-20
59  1.1895e-21
60  1.0221e-21
61  1.6041e-24
62  8.1593e-24
63  2.7164e-24
64  0.0000e+00
65  0.0000e+00
66  0.0000e+00
67  0.0000e+00
68  0.0000e+00
69  0.0000e+00
70  0.0000e+00
71  0.0000e+00
72  0.0000e+00
73  0.0000e+00
74  0.0000e+00
75  0.0000e+00
76  0.0000e+00
77  0.0000e+00
78  0.0000e+00
79  0.0000e+00
80  0.0000e+00
81  0.0000e+00
82  0.0000e+00
83  0.0000e+00
84  0.0000e+00

time(s) = 12470456001.937218 t9 = 0.20000000000000001 rho(g/cc) = 1000 
0  1.6600e-19
1  0.0000e+00
2  3.9041e-32
3  0.0000e+00
4  0.0000e+00
5  0.0000e+00
6  0.0000e+00
7  0.0000e+00
8  0.0000e+00
9  0.0000e+00
10  0.0000e+00
11  0.0000e+00
12  0.0000e+00
13  0.0000e+00
14  0.0000e+00
15  0.0000e+00
16  0.0000e+00
17  0.0000e+00
18  0.0000e+00
19  0.0000e+00
20  0.0000e+00
21  0.0000e+00
22  0.0000e+00
23  0.0000e+00
24  0.0000e+00
25  0.0000e+00
26  3.9122e-03
27  9.2494e-04
28  8.3222e-03
29  1.3839e-03
30  2.0150e-03
31  2.5598e-04
32  6.5175e-04
33  2.2001e-05
34  2.5105e-04
35  1.2441e-05
36  8.6026e-05
37  3.1307e-06
38  1.5408e-05
39  7.3823e-07
40  3.2119e-07
41  2.3231e-11
42  2.7039e-09
43  8.4739e-11
44  5.2567e-10
45  3.5172e-11
46  2.7043e-10
47  1.7997e-11
48  1.3202e-10
49  5.4922e-12
50  4.8456e-11
51  6.6701e-13
52  1.2112e-12
53  3.9138e-14
54  2.2356e-13
55  1.2621e-14
56  1.8092e-14
57  6.4053e-17
58  1.7499e-17
59  8.1975e-19
60  8.6814e-19
61  1.9460e-21
62  1.0912e-20
63  8.3032e-22
64  2.2057e-21
65  2.4988e-22
66  1.5489e-21
67  9.4143e-23
68  9.1032e-22
69  0.0000e+00
70  0.0000e+00
71  0.0000e+00
72  0.0000e+00
73  0.0000e+00
74  0.0000e+00
75  0.0000e+00
76  0.0000e+00
77  0.0000e+00
78  0.0000e+00
79  0.0000e+00
80  0.0000e+00
81  0.0000e+00
82  0.0000e+00
83  0.0000e+00
84  0.0000e+00

time(s) = 14373470089.795834 t9 = 0.20000000000000001 rho(g/cc) = 1000 
0  1.6600e-19
1  0.0000e+00
2  1.6504e-29
3  0.0000e+00
4  0.0000e+00
5  0.0000e+00
6  0.0000e+00
7  0.0000e+00
8  0.0000e+00
9  0.0000e+00
10  0.0000e+00
11  0.0000e+00
12  0.0000e+00
13  0.0000e+00
14  0.0000e+00
15  0.0000e+00
16  0.0000e+00
17  0.0000e+00
18  0.0000e+00
19  0.0000e+00
20  0.0000e+00
21  0.0000e+00
22  0.0000e+00
23  0.0000e+00
24  0.0000e+00
25  0.0000e+00
26  2.7716e-03
27  6.8491e-04
28  7.7975e-03
29  1.5183e-03
30  2.6201e-03
31  3.8505e-04
32  1.1028e-03
33  4.1730e-05
34  5.5186e-04
35  3.1258e-05
36  2.6722e-04
37  1.1692e-05
38  6.6340e-05
39  4.3736e-06
40  2.3993e-06
41  2.5950e-10
42  3.4096e-08
43  1.1886e-09
44  8.0157e-09
45  5.6610e-10
46  4.7621e-09
47  3.4433e-10
48  2.8402e-09
49  1.3298e-10
50  1.4319e-09
51  2.7722e-11
52  5.6875e-11
53  2.1416e-12
54  1.4382e-11
55  1.0344e-12
56  1.8537e-12
57  1.0185e-14
58  3.3477e-15
59  1.7174e-16
60  2.1935e-16
61  6.6420e-19
62  4.0979e-18
63  3.4068e-19
64  9.7204e-19
65  1.1509e-19
66  7.7876e-19
67  5.0611e-20
68  2.4820e-19
69  3.9138e-20
70  2.1010e-19
71  1.5566e-20
72  6.3478e-20
73  5.6550e-21
74  2.5022e-20
75  0.0000e+00
76  0.0000e+00
77  0.0000e+00
78  0.0000e+00
79  0.0000e+00
80  0.0000e+00
81  0.0000e+00
82  0.0000e+00
83  0.0000e+00
84  0.0000e+00

time(s) = 16405127258.892935 t9 = 0.20000000000000001 rho(g/cc) = 1000 
0  1.6600e-19
1  0.0000e+00
2  3.0409e-27
3  0.0000e+00
4  0.0000e+00
5  0.0000e+00
6  0.0000e+00
7  0.0000e+00
8  0.0000e+00
9  0.0000e+00
10  0.0000e+00
11  0.0000e+00
12  0.0000e+00
13  0.0000e+00
14  0.0000e+00
15  0.0000e+00
16  0.0000e+00
17  0.0000e+00
18  0.0000e+00
19  0.0000e+00
20  0.0000e+00
21  0.0000e+00
22  0.0000e+00
23  0.0000e+00
24  0.0000e+00
25  0.0000e+00
26  1.9009e-03
27  4.8534e-04
28  6.8580e-03
29  1.5118e-03
30  3.0130e-03
31  4.9652e-04
32  1.5713e-03
33  6.4934e-05
34  9.7375e-04
35  6.1267e-05
36  6.4380e-04
37  3.3450e-05
38  2.1142e-04
39  1.8457e-05
40  1.2671e-05
41  1.9388e-09
42  2.8286e-07
43  1.0747e-08
44  7.7758e-08
45  5.7350e-09
46  5.2016e-08
47  4.0188e-09
48  3.6641e-08
49  1.8859e-09
50  2.4467e-08
51  6.3052e-10
52  1.4455e-09
53  6.1561e-11
54  4.7826e-10
55  4.2084e-11
56  9.3659e-11
57  7.6398e-13
58  2.9990e-13
59  1.6657e-14
60  2.5409e-14
61  9.9573e-17
62  6.6691e-16
63  5.9604e-17
64  1.8058e-16
65  2.2164e-17
66  1.6200e-16
67  1.1191e-17
68  5.8073e-17
69  9.5638e-18
70  5.6695e-17
71  4.5685e-18
72  1.9983e-17
73  1.6670e-18
74  6.7003e-18
75  4.0345e-19
76  3.1931e-18
77  1.8612e-19
78  1.1277e-18
79  4.9813e-19
80  0.0000e+00
81  0.0000e+00
82  0.0000e+00
83  0.0000e+00
84  0.0000e+00

time(s) = 18486579297.432381 t9 = 0.20000000000000001 rho(g/cc) = 1000 
0  1.6600e-19
1  0.0000e+00
2  4.0034e-25
3  0.0000e+00
4  0.0000e+00
5  0.0000e+00
6  0.0000e+00
7  0.0000e+00
8  0.0000e+00
9  0.0000e+00
10  0.0000e+00
11  0.0000e+00
12  0.0000e+00
13  0.0000e+00
14  0.0000e+00
15  0.0000e+00
16  0.0000e+00
17  0.0000e+00
18  0.0000e+00
19  0.0000e+00
20  0.0000e+00
21  0.0000e+00
22  0.0000e+00
23  0.0000e+00
24  0.0000e+00
25  0.0000e+00
26  1.2825e-03
27  3.3510e-04
28  5.7395e-03
29  1.3911e-03
30  3.1158e-03
31  5.6030e-04
32  1.9224e-03
33  8.4861e-05
34  1.4097e-03
35  9.6093e-05
36  1.2294e-03
37  7.4965e-05
38  5.0838e-04
39  5.6310e-05
40  4.7606e-05
41  9.7093e-09
42  1.5452e-06
43  6.2820e-08
44  4.8125e-07
45  3.6717e-08
46  3.5391e-07
47  2.8790e-08
48  2.8501e-07
49  1.5793e-08
50  2.4208e-07
51  7.8619e-09
52  1.9849e-08
53  9.3087e-10
54  8.2007e-09
55  8.4869e-10
56  2.3149e-09
57  2.6580e-11
58  1.2299e-11
59  7.3025e-13
60  1.3090e-12
61  6.3465e-15
62  4.5492e-14
63  4.3052e-15
64  1.3693e-14
65  1.7290e-15
66  1.3467e-14
67  9.7615e-16
68  5.3046e-15
69  9.0409e-16
70  5.8240e-15
71  5.0180e-16
72  2.3939e-15
73  2.1296e-16
74  9.2817e-16
75  5.8845e-17
76  5.0577e-16
77  3.1842e-17
78  1.9163e-16
79  1.7854e-17
80  1.1595e-16
81  6.9655e-18
82  3.6042e-18
83  1.0948e-23
84  2.6348e-26

time(s) = 20812122753.389408 t9 = 0.20000000000000001 rho(g/cc) = 1000 
0  1.6600e-19
1  0.0000e+00
2  3.9197e-22
3  0.0000e+00
4  0.0000e+00
5  0.0000e+00
6  0.0000e+00
7  0.0000e+00
8  0.0000e+00
9  0.0000e+00
10  0.0000e+00
11  0.0000e+00
12  0.0000e+00
13  0.0000e+00
14  0.0000e+00
15  0.0000e+00
16  0.0000e+00
17  0.0000e+00
18  0.0000e+00
19  0.0000e+00
20  0.0000e+00
21  0.0000e+00
22  0.0000e+00
23  0.0000e+00
24  0.0000e+00
25  0.0000e+00
26  8.2157e-04
27  2.1837e-04
28  4.5125e-03
29  1.1841e-03
30  2.9382e-03
31  5.6813e-04
32  2.0918e-03
33  9.7469e-05
34  1.7716e-03
35  1.2907e-04
36  2.0360e-03
37  1.4662e-04
38  1.0342e-03
39  1.4278e-04
40  1.4904e-04
41  3.9426e-08
42  6.7910e-06
43  2.9280e-07
44  2.3606e-06
45  1.8545e-07
46  1.8870e-06
47  1.6047e-07
48  1.7111e-06
49  1.0104e-07
50  1.8243e-06
51  7.2815e-08
52  2.0157e-07
53  1.0279e-08
54  1.0203e-07
55  1.2203e-08
56  4.1197e-08
57  6.5663e-10
58  3.6002e-10
59  2.2751e-11
60  4.7989e-11
61  2.8294e-13
62  2.1589e-12
63  2.1495e-13
64  7.1436e-13
65  9.2508e-14
66  7.6374e-13
67  5.7779e-14
68  3.2743e-13
69  5.7533e-14
70  4.0049e-13
71  3.6623e-14
72  1.8948e-13
73  1.7849e-14
74  8.3908e-14
75  5.5729e-15
76  5.1795e-14
77  3.5007e-15
78  2.2855e-14
79  2.2941e-15
80  1.7367e-14
81  1.3904e-15
82  9.2156e-16
83  1.1761e-20
84  1.4282e-23

time(s) = 23446934736.504803 t9 = 0.20000000000000001 rho(g/cc) = 1000 
0  1.6600e-19
1  0.0000e+00
2  1.4487e-19
3  0.0000e+00
4  0.0000e+00
5  0.0000e+00
6  0.0000e+00
7  0.0000e+00
8  0.0000e+00
9  0.0000e+00
10  0.0000e+00
11  0.0000e+00
12  0.0000e+00
13  0.0000e+00
14  0.0000e+00
15  0.0000e+00
16  0.0000e+00
17  0.0000e+00
18  0.0000e+00
19  0.0000e+00
20  0.0000e+00
21  0.0000e+00
22  0.0000e+00
23  0.0000e+00
24  0.0000e+00
25  0.0000e+00
26  4.9373e-04
27  1.3276e-04
28  3.3027e-03
29  9.2646e-04
30  2.5140e-03
31  5.1628e-04
32  2.0204e-03
33  9.8400e-05
34  1.9339e-03
35  1.4886e-04
36  2.9542e-03
37  2.5338e-04
38  1.7978e-03
39  3.0415e-04
40  3.9273e-04
41  1.3130e-07
42  2.4301e-05
43  1.1026e-06
44  9.3041e-06
45  7.4966e-07
46  8.0038e-06
47  7.0722e-07
48  8.0628e-06
49  5.0297e-07
50  1.0659e-05
51  5.1115e-07
52  1.5444e-06
53  8.4716e-08
54  9.4136e-07
55  1.2811e-07
56  5.4258e-07
57  1.1849e-08
58  7.7540e-09
59  5.1934e-10
60  1.2910e-09
61  9.1094e-12
62  7.3623e-11
63  7.6684e-12
64  2.6520e-11
65  3.5119e-12
66  3.0587e-11
67  2.4036e-12
68  1.4151e-11
69  2.5547e-12
70  1.9115e-11
71  1.8431e-12
72  1.0286e-11
73  1.0197e-12
74  5.1433e-12
75  3.5624e-13
76  3.5613e-12
77  2.5641e-13
78  1.8064e-12
79  1.9386e-13
80  1.7136e-12
81  1.8085e-13
82  1.4907e-13
83  3.6146e-18
84  4.4187e-21

time(s) = 26377527940.682117 t9 = 0.20000000000000001 rho(g/cc) = 1000 
0  1.6600e-19
1  0.0000e+00
2  3.0987e-17
3  0.0000e+00
4  0.0000e+00
5  0.0000e+00
6  0.0000e+00
7  0.0000e+00
8  0.0000e+00
9  0.0000e+00
10  0.0000e+00
11  0.0000e+00
12  0.0000e+00
13  0.0000e+00
14  0.0000e+00
15  0.0000e+00
16  0.0000e+00
17  0.0000e+00
18  0.0000e+00
19  0.0000e+00
20  0.0000e+00
21  0.0000e+00
22  0.0000e+00
23  0.0000e+00
24  0.0000e+00
25  0.0000e+00
26  2.7927e-04
27  7.5537e-05
28  2.2499e-03
29  6.6667e-04
30  1.9505e-03
31  4.2044e-04
32  1.7307e-03
33  8.7284e-05
34  1.8304e-03
35  1.4720e-04
36  3.7564e-03
37  3.8419e-04
38  2.6548e-03
39  5.3769e-04
40  8.5311e-04
41  3.4921e-07
42  6.8815e-05
43  3.2594e-06
44  2.8603e-05
45  2.3540e-06
46  2.6189e-05
47  2.3893e-06
48  2.8865e-05
49  1.8852e-06
50  4.6446e-05
51  2.6068e-06
52  8.5316e-06
53  4.9770e-07
54  6.1274e-06
55  9.3194e-07
56  4.9993e-06
57  1.4614e-07
58  1.1444e-07
59  8.0755e-09
60  2.3555e-08
61  1.9481e-10
62  1.6568e-09
63  1.7939e-10
64  6.4233e-10
65  8.6710e-11
66  7.9175e-10
67  6.4280e-11
68  3.9132e-10
69  7.2307e-11
70  5.7717e-10
71  5.8246e-11
72  3.4789e-10
73  3.6036e-11
74  1.9360e-10
75  1.3907e-11
76  1.4841e-10
77  1.1281e-11
78  8.5094e-11
79  9.6749e-12
80  9.9322e-11
81  1.3482e-11
82  1.3932e-11
83  6.3608e-16
84  7.8178e-19

time(s) = 29299480623.623112 t9 = 0.20000000000000001 rho(g/cc) = 1000 
0  1.6600e-19
1  0.0000e+00
2  2.3885e-15
3  0.0000e+00
4  0.0000e+00
5  0.0000e+00
6  0.0000e+00
7  0.0000e+00
8  0.0000e+00
9  0.0000e+00
10  0.0000e+00
11  0.0000e+00
12  0.0000e+00
13  0.0000e+00
14  0.0000e+00
15  0.0000e+00
16  0.0000e+00
17  0.0000e+00
18  0.0000e+00
19  0.0000e+00
20  0.0000e+00
21  0.0000e+00
22  0.0000e+00
23  0.0000e+00
24  0.0000e+00
25  0.0000e+00
26  1.5784e-04
27  4.2704e-05
28  1.4902e-03
29  4.6003e-04
30  1.4249e-03
31  3.1816e-04
32  1.3597e-03
33  7.0309e-05
34  1.5469e-03
35  1.2836e-04
36  4.2090e-03
37  5.0228e-04
38  3.3115e-03
39  7.7248e-04
40  1.4606e-03
41  6.9848e-07
42  1.4453e-04
43  7.0706e-06
44  6.3944e-05
45  5.3468e-06
46  6.1389e-05
47  5.7365e-06
48  7.2473e-05
49  4.8987e-06
50  1.3678e-04
51  8.6581e-06
52  3.0231e-05
53  1.8475e-06
54  2.4700e-05
55  4.0919e-06
56  2.7358e-05
57  1.0160e-06
58  9.3530e-07
59  6.8800e-08
60  2.3017e-07
61  2.1563e-09
62  1.9090e-08
63  2.1292e-09
64  7.8324e-09
65  1.0730e-09
66  1.0167e-08
67  8.4632e-10
68  5.2882e-09
69  9.9467e-10
70  8.3575e-09
71  8.7331e-10
72  5.5051e-09
73  5.8972e-10
74  3.3304e-09
75  2.4606e-10
76  2.7650e-09
77  2.1907e-10
78  1.7444e-09
79  2.0732e-10
80  2.4155e-09
81  4.0145e-10
82  5.1102e-10
83  4.0944e-14
84  5.0531e-17

time(s) = 32305311596.267204 t9 = 0.20000000000000001 rho(g/cc) = 1000 
0  1.6600e-19
1  0.0000e+00
2  9.6549e-14
3  0.0000e+00
4  0.0000e+00
5  0.0000e+00
6  0.0000e+00
7  0.0000e+00
8  0.0000e+00
9  0.0000e+00
10  0.0000e+00
11  0.0000e+00
12  0.0000e+00
13  0.0000e+00
14  0.0000e+00
15  0.0000e+00
16  0.0000e+00
17  0.0000e+00
18  0.0000e+00
19  0.0000e+00
20  0.0000e+00
21  0.0000e+00
22  0.0000e+00
23  0.0000e+00
24  0.0000e+00
25  0.0000e+00
26  8.7713e-05
27  2.3619e-05
28  9.5303e-04
29  3.0388e-04
30  9.8473e-04
31  2.2587e-04
32  9.9377e-04
33  5.2358e-05
34  1.1953e-03
35  1.0154e-04
36  4.3213e-03
37  5.9075e-04
38  3.6720e-03
39  9.6023e-04
40  2.1145e-03
41  1.1446e-06
42  2.4636e-04
43  1.2364e-05
44  1.1454e-04
45  9.6977e-06
46  1.1418e-04
47  1.0872e-05
48  1.4238e-04
49  9.8871e-06
50  3.0734e-04
51  2.1418e-05
52  7.8966e-05
53  5.0072e-06
54  7.1721e-05
55  1.2729e-05
56  1.0547e-04
57  4.8072e-06
58  5.1524e-06
59  3.9239e-07
60  1.4836e-06
61  1.5405e-08
62  1.4099e-07
63  1.6108e-08
64  6.0582e-08
65  8.3987e-09
66  8.2060e-08
67  6.9701e-09
68  4.4496e-08
69  8.4907e-09
70  7.4461e-08
71  8.0035e-09
72  5.2778e-08
73  5.8097e-09
74  3.4205e-08
75  2.5858e-09
76  3.0336e-08
77  2.4856e-09
78  2.0708e-08
79  2.5511e-09
80  3.3245e-08
81  6.5620e-09
82  1.0239e-08
83  1.3904e-12
84  1.7217e-15

time(s) = 35819540741.087471 t9 = 0.20000000000000001 rho(g/cc) = 1000 
0  1.6600e-19
1  0.0000e+00
2  3.5187e-12
3  0.0000e+00
4  0.0000e+00
5  0.0000e+00
6  0.0000e+00
7  0.0000e+00
8  0.0000e+00
9  0.0000e+00
10  0.0000e+00
11  0.0000e+00
12  0.0000e+00
13  0.0000e+00
14  0.0000e+00
15  0.0000e+00
16  0.0000e+00
17  0.0000e+00
18  0.0000e+00
19  0.0000e+00
20  0.0000e+00
21  0.0000e+00
22  0.0000e+00
23  0.0000e+00
24  0.0000e+00
25  0.0000e+00
26  4.4241e-05
27  1.1781e-05
28  5.5279e-04
29  1.8142e-04
30  6.1202e-04
31  1.4369e-04
32  6.4832e-04
33  3.4704e-05
34  8.1790e-04
35  7.0867e-05
36  4.1118e-03
37  6.4054e-04
38  3.7023e-03
39  1.0723e-03
40  2.7323e-03
41  1.6513e-06
42  3.6827e-04
43  1.8902e-05
44  1.7892e-04
45  1.5317e-05
46  1.8443e-04
47  1.7855e-05
48  2.4152e-04
49  1.7176e-05
50  5.9163e-04
51  4.4948e-05
52  1.7443e-04
53  1.1432e-05
54  1.7468e-04
55  3.3004e-05
56  3.4727e-04
57  1.9295e-05
58  2.4337e-05
59  1.9153e-06
60  8.1939e-06
61  9.3712e-08
62  8.8493e-07
63  1.0338e-07
64  3.9691e-07
65  5.5634e-08
66  5.5947e-07
67  4.8418e-08
68  3.1535e-07
69  6.0982e-08
70  5.5699e-07
71  6.1452e-08
72  4.2299e-07
73  4.7750e-08
74  2.9246e-07
75  2.2588e-08
76  2.7606e-07
77  2.3332e-08
78  2.0293e-07
79  2.5851e-08
80  3.7706e-07
81  8.7949e-08
82  1.7296e-07
83  4.1646e-11
84  5.1733e-14

time(s) = 40037798688.814766 t9 = 0.20000000000000001 rho(g/cc) = 1000 
0  1.6600e-19
1  0.0000e+00
2  1.1612e-10
3  0.0000e+00
4  0.0000e+00
5  0.0000e+00
6  0.0000e+00
7  0.0000e+00
8  0.0000e+00
9  0.0000e+00
10  0.0000e+00
11  0.0000e+00
12  0.0000e+00
13  0.0000e+00
14  0.0000e+00
15  0.0000e+00
16  0.0000e+00
17  0.0000e+00
18  0.0000e+00
19  0.0000e+00
20  0.0000e+00
21  0.0000e+00
22  0.0000e+00
23  0.0000e+00
24  0.0000e+00
25  0.0000e+00
26  1.9580e-05
27  5.1027e-06
28  2.8092e-04
29  9.4610e-05
30  3.3080e-04
31  7.9239e-05
32  3.6541e-04
33  1.9824e-05
34  4.8007e-04
35  4.2287e-05
36  3.5896e-03
37  6.3096e-04
38  3.3548e-03
39  1.0615e-03
40  3.0971e-03
41  2.0592e-06
42  4.7387e-04
43  2.4800e-05
44  2.3923e-04
45  2.0676e-05
46  2.5388e-04
47  2.4934e-05
48  3.4702e-04
49  2.5192e-05
50  9.5527e-04
51  7.8306e-05
52  3.1861e-04
53  2.1499e-05
54  3.4859e-04
55  6.9653e-05
56  9.6066e-04
57  6.4483e-05
58  9.6884e-05
59  7.8629e-06
60  3.8068e-05
61  4.7629e-07
62  4.6310e-06
63  5.5215e-07
64  2.1609e-06
65  3.0596e-07
66  3.1606e-06
67  2.7826e-07
68  1.8464e-06
69  3.6143e-07
70  3.4299e-06
71  3.8760e-07
72  2.7778e-06
73  3.2092e-07
74  2.0400e-06
75  1.6070e-07
76  2.0411e-06
77  1.7748e-07
78  1.6076e-06
79  2.1119e-07
80  3.4463e-06
81  9.4416e-07
82  2.4321e-06
83  1.0973e-09
84  1.3672e-12

time(s) = 44960836424.3694 t9 = 0.20000000000000001 rho(g/cc) = 1000 
0  1.6600e-19
1  0.0000e+00
2  2.8699e-09
3  0.0000e+00
4  0.0000e+00
5  0.0000e+00
6  0.0000e+00
7  0.0000e+00
8  0.0000e+00
9  0.0000e+00
10  0.0000e+00
11  0.0000e+00
12  0.0000e+00
13  0.0000e+00
14  0.0000e+00
15  0.0000e+00
16  0.0000e+00
17  0.0000e+00
18  0.0000e+00
19  0.0000e+00
20  0.0000e+00
21  0.0000e+00
22  0.0000e+00
23  0.0000e+00
24  0.0000e+00
25  0.0000e+00
26  7.6525e-06
27  1.9211e-06
28  1.2459e-04
29  4.2894e-05
30  1.5458e-04
31  3.7641e-05
32  1.7671e-04
33  9.6903e-06
34  2.3985e-04
35  2.1404e-05
36  2.8674e-03
37  5.5734e-04
38  2.7210e-03
39  9.2283e-04
40  3.0151e-03
41  2.1619e-06
42  5.1021e-04
43  2.7117e-05
44  2.6557e-04
45  2.3126e-05
46  2.8847e-04
47  2.8655e-05
48  4.0809e-04
49  3.0115e-05
50  1.2399e-03
51  1.0809e-04
52  4.5781e-04
53  3.1634e-05
54  5.3929e-04
55  1.1284e-04
56  2.0868e-03
57  1.6561e-04
58  2.9704e-04
59  2.4763e-05
60  1.3454e-04
61  1.8198e-06
62  1.8150e-05
63  2.2022e-06
64  8.7623e-06
65  1.2514e-06
66  1.3233e-05
67  1.1823e-06
68  7.9726e-06
69  1.5770e-06
70  1.5476e-05
71  1.7851e-06
72  1.3256e-05
73  1.5620e-06
74  1.0258e-05
75  8.2196e-07
76  1.0797e-05
77  9.6207e-07
78  9.0297e-06
79  1.2180e-06
80  2.2054e-05
81  6.9818e-06
82  2.4401e-05
83  2.1169e-08
84  2.6443e-11

time(s) = 51430999430.40229 t9 = 0.20000000000000001 rho(g/cc) = 1000 
0  1.6600e-19
1  0.0000e+00
2  7.0185e-08
3  0.0000e+00
4  0.0000e+00
5  0.0000e+00
6  0.0000e+00
7  0.0000e+00
8  0.0000e+00
9  0.0000e+00
10  0.0000e+00
11  0.0000e+00
12  0.0000e+00
13  0.0000e+00
14  0.0000e+00
15  0.0000e+00
16  0.0000e+00
17  0.0000e+00
18  0.0000e+00
19  0.0000e+00
20  0.0000e+00
21  0.0000e+00
22  0.0000e+00
23  0.0000e+00
24  0.0000e+00
25  0.0000e+00
26  2.2945e-06
27  5.3550e-07
28  4.1848e-05
29  1.4701e-05
30  5.4442e-05
31  1.3451e-05
32  6.4142e-05
33  3.5501e-06
34  8.9542e-05
35  8.0791e-06
36  2.0057e-03
37  4.2397e-04
38  1.8947e-03
39  6.7840e-04
40  2.4346e-03
41  1.8543e-06
42  4.4670e-04
43  2.4039e-05
44  2.3835e-04
45  2.0883e-05
46  2.6385e-04
47  2.6452e-05
48  3.8391e-04
49  2.8711e-05
50  1.2699e-03
51  1.1650e-04
52  5.1102e-04
53  3.6021e-05
54  6.4139e-04
55  1.3958e-04
56  3.6583e-03
57  3.3937e-04
58  7.3795e-04
59  6.3073e-05
60  3.8408e-04
61  5.5827e-06
62  5.7012e-05
63  7.0290e-06
64  2.8397e-05
65  4.0879e-06
66  4.4172e-05
67  3.9999e-06
68  2.7378e-05
69  5.4677e-06
70  5.5361e-05
71  6.5070e-06
72  4.9946e-05
73  5.9933e-06
74  4.0572e-05
75  3.3024e-06
76  4.4766e-05
77  4.0786e-06
78  3.9575e-05
79  5.4693e-06
80  1.0972e-04
81  3.9908e-05
82  2.0657e-04
83  3.8029e-07
84  4.7620e-10

time(s) = 60626740900.511734 t9 = 0.20000000000000001 rho(g/cc) = 1000 
0  1.6600e-19
1  0.0000e+00
2  1.6872e-06
3  0.0000e+00
4  0.0000e+00
5  0.0000e+00
6  0.0000e+00
7  0.0000e+00
8  0.0000e+00
9  0.0000e+00
10  0.0000e+00
11  0.0000e+00
12  0.0000e+00
13  0.0000e+00
14  0.0000e+00
15  0.0000e+00
16  0.0000e+00
17  0.0000e+00
18  0.0000e+00
19  0.0000e+00
20  0.0000e+00
21  0.0000e+00
22  0.0000e+00
23  0.0000e+00
24  0.0000e+00
25  0.0000e+00
26  4.4868e-07
27  8.9004e-08
28  8.7167e-06
29  3.1169e-06
30  1.1822e-05
31  2.9573e-06
32  1.4293e-05
33  7.9733e-07
34  2.0434e-05
35  1.8607e-06
36  1.1379e-03
37  2.5574e-04
38  1.0511e-03
39  3.9008e-04
40  1.4944e-03
41  1.1865e-06
42  2.9001e-04
43  1.5744e-05
44  1.5747e-04
45  1.3857e-05
46  1.7669e-04
47  1.7830e-05
48  2.6232e-04
49  1.9806e-05
50  9.2541e-04
51  8.8156e-05
52  3.9729e-04
53  2.8427e-05
54  5.2354e-04
55  1.1741e-04
56  4.6784e-03
57  4.9798e-04
58  1.3280e-03
59  1.1605e-04
60  7.8735e-04
61  1.2199e-05
62  1.2723e-04
63  1.5908e-05
64  6.5144e-05
65  9.4431e-06
66  1.0402e-04
67  9.5315e-06
68  6.6109e-05
69  1.3314e-05
70  1.3864e-04
71  1.6567e-05
72  1.3101e-04
73  1.5972e-05
74  1.1111e-04
75  9.1701e-06
76  1.2785e-04
77  1.1879e-05
78  1.1875e-04
79  1.6767e-05
80  3.7055e-04
81  1.5324e-04
82  1.3699e-03
83  6.0814e-06
84  7.6326e-09

time(s) = 74381113736.464645 t9 = 0.20000000000000001 rho(g/cc) = 1000 
0  1.6600e-19
1  0.0000e+00
2  3.1834e-05
3  0.0000e+00
4  0.0000e+00
5  0.0000e+00
6  0.0000e+00
7  0.0000e+00
8  0.0000e+00
9  0.0000e+00
10  0.0000e+00
11  0.0000e+00
12  0.0000e+00
13  0.0000e+00
14  0.0000e+00
15  0.0000e+00
16  0.0000e+00
17  0.0000e+00
18  0.0000e+00
19  0.0000e+00
20  0.0000e+00
21  0.0000e+00
22  0.0000e+00
23  0.0000e+00
24  0.0000e+00
25  0.0000e+00
26  4.8353e-08
27  6.4126e-09
28  8.3985e-07
29  3.0378e-07
30  1.1714e-06
31  2.9564e-07
32  1.4430e-06
33  8.0958e-08
34  2.0994e-06
35  1.9247e-07
36  4.6626e-04
37  1.0830e-04
38  4.1813e-04
39  1.5760e-04
40  6.2126e-04
41  5.0262e-07
42  1.2371e-04
43  6.7438e-06
44  6.7737e-05
45  5.9730e-06
46  7.6501e-05
47  7.7446e-06
48  1.1471e-04
49  8.7020e-06
50  4.1868e-04
51  4.0678e-05
52  1.8608e-04
53  1.3423e-05
54  2.5193e-04
55  5.7454e-05
56  3.6189e-03
57  4.2695e-04
58  1.3741e-03
59  1.2215e-04
60  9.0533e-04
61  1.4735e-05
62  1.5619e-04
63  1.9742e-05
64  8.1686e-05
65  1.1904e-05
66  1.3310e-04
67  1.2307e-05
68  8.6231e-05
69  1.7479e-05
70  1.8602e-04
71  2.2511e-05
72  1.8219e-04
73  2.2485e-05
74  1.5975e-04
75  1.3326e-05
76  1.8991e-04
77  1.7911e-05
78  1.8325e-04
79  2.6301e-05
80  6.2902e-04
81  2.8828e-04
82  5.7302e-03
83  6.6490e-05
84  8.3608e-08

time(s) = 89046573048.47789 t9 = 0.20000000000000001 rho(g/cc) = 1000 
0  1.6600e-19
1  0.0000e+00
2  1.9453e-04
3  0.0000e+00
4  0.0000e+00
5  0.0000e+00
6  0.0000e+00
7  0.0000e+00
8  0.0000e+00
9  0.0000e+00
10  0.0000e+00
11  0.0000e+00
12  0.0000e+00
13  0.0000e+00
14  0.0000e+00
15  0.0000e+00
16  0.0000e+00
17  0.0000e+00
18  0.0000e+00
19  0.0000e+00
20  0.0000e+00
21  0.0000e+00
22  0.0000e+00
23  0.0000e+00
24  0.0000e+00
25  0.0000e+00
26  5.7282e-09
27  3.9192e-10
28  7.0135e-08
29  2.5289e-08
30  9.7496e-08
31  2.4633e-08
32  1.2051e-07
33  6.7712e-09
34  1.7627e-07
35  1.6197e-08
36  1.7690e-04
37  4.1465e-05
38  1.5612e-04
39  5.8972e-05
40  2.3321e-04
41  1.8917e-07
42  4.6611e-05
43  2.5427e-06
44  2.5558e-05
45  2.2545e-06
46  2.8898e-05
47  2.9271e-06
48  4.3409e-05
49  3.2959e-06
50  1.5954e-04
51  1.5564e-05
52  7.1443e-05
53  5.1631e-06
54  9.7336e-05
55  2.2286e-05
56  1.9032e-03
57  2.3560e-04
58  8.4191e-04
59  7.5462e-05
60  5.8486e-04
61  9.7490e-06
62  1.0417e-04
63  1.3234e-05
64  5.5038e-05
65  8.0413e-06
66  9.0566e-05
67  8.4104e-06
68  5.9222e-05
69  1.2041e-05
70  1.2953e-04
71  1.5771e-05
72  1.2909e-04
73  1.6025e-05
74  1.1504e-04
75  9.6458e-06
76  1.3894e-04
77  1.3199e-05
78  1.3658e-04
79  1.9759e-05
80  4.9176e-04
81  2.3723e-04
82  1.0962e-02
83  2.4648e-04
84  3.1026e-07

time(s) = 104115937133.49251 t9 = 0.20000000000000001 rho(g/cc) = 1000 
0  1.6600e-19
1  0.0000e+00
2  6.0698e-04
3  0.0000e+00
4  0.0000e+00
5  0.0000e+00
6  0.0000e+00
7  0.0000e+00
8  0.0000e+00
9  0.0000e+00
10  0.0000e+00
11  0.0000e+00
12  0.0000e+00
13  0.0000e+00
14  0.0000e+00
15  0.0000e+00
16  0.0000e+00
17  0.0000e+00
18  0.0000e+00
19  0.0000e+00
20  0.0000e+00
21  0.0000e+00
22  0.0000e+00
23  0.0000e+00
24  0.0000e+00
25  0.0000e+00
26  7.7411e-10
27  2.2303e-11
28  5.8939e-09
29  2.0806e-09
30  7.8594e-09
31  1.9698e-09
32  9.5792e-09
33  5.3656e-10
34  1.3907e-08
35  1.2753e-09
36  6.5093e-05
37  1.5289e-05
38  5.7086e-05
39  2.1559e-05
40  8.5158e-05
41  6.9044e-08
42  1.7010e-05
43  9.2787e-07
44  9.3260e-06
45  8.2262e-07
46  1.0544e-05
47  1.0680e-06
48  1.5837e-05
49  1.2024e-06
50  5.8211e-05
51  5.6798e-06
52  2.6076e-05
53  1.8847e-06
54  3.5543e-05
55  8.1409e-06
56  8.2974e-04
57  1.0501e-04
58  3.9570e-04
59  3.5606e-05
60  2.8194e-04
61  4.7528e-06
62  5.0972e-05
63  6.4919e-06
64  2.7062e-05
65  3.9587e-06
66  4.4737e-05
67  4.1630e-06
68  2.9383e-05
69  5.9829e-06
70  6.4680e-05
71  7.8978e-06
72  6.4991e-05
73  8.0905e-06
74  5.8362e-05
75  4.9054e-06
76  7.1012e-05
77  6.7690e-06
78  7.0421e-05
79  1.0226e-05
80  2.5939e-04
81  1.2823e-04
82  1.4349e-02
83  4.9010e-04
84  6.1724e-07

time(s) = 121114450658.85014 t9 = 0.20000000000000001 rho(g/cc) = 1000 
0  1.6600e-19
1  0.0000e+00
2  1.3705e-03
3  0.0000e+00
4  0.0000e+00
5  0.0000e+00
6  0.0000e+00
7  0.0000e+00
8  0.0000e+00
9  0.0000e+00
10  0.0000e+00
11  0.0000e+00
12  0.0000e+00
13  0.0000e+00
14  0.0000e+00
15  0.0000e+00
16  0.0000e+00
17  0.0000e+00
18  0.0000e+00
19  0.0000e+00
20  0.0000e+00
21  0.0000e+00
22  0.0000e+00
23  0.0000e+00
24  0.0000e+00
25  0.0000e+00
26  9.1950e-11
27  9.0387e-13
28  4.3653e-10
29  1.4773e-10
30  5.3265e-10
31  1.3079e-10
32  6.2491e-10
33  3.4670e-11
34  8.8446e-10
35  8.0438e-11
36  2.1123e-05
37  4.9638e-06
38  1.8485e-05
39  6.9792e-06
40  2.7543e-05
41  2.2320e-08
42  5.4980e-06
43  2.9988e-07
44  3.0138e-06
45  2.6583e-07
46  3.4068e-06
47  3.4505e-07
48  5.1163e-06
49  3.8842e-07
50  1.8794e-05
51  1.8332e-06
52  8.4148e-06
53  6.0814e-07
54  1.1466e-05
55  2.6257e-06
56  2.9743e-04
57  3.8076e-05
58  1.4759e-04
59  1.3307e-05
60  1.0654e-04
61  1.8063e-06
62  1.9409e-05
63  2.4751e-06
64  1.0330e-05
65  1.5120e-06
66  1.7117e-05
67  1.5945e-06
68  1.1267e-05
69  2.2959e-06
70  2.4884e-05
71  3.0428e-06
72  2.5107e-05
73  3.1299e-06
74  2.2634e-05
75  1.9047e-06
76  2.7643e-05
77  2.6395e-06
78  2.7534e-05
79  4.0056e-06
80  1.0260e-04
81  5.1353e-05
82  1.6036e-02
83  7.1166e-04
84  8.9656e-07

time(s) = 144250092999.8219 t9 = 0.20000000000000001 rho(g/cc) = 1000 
0  1.6600e-19
1  0.0000e+00
2  2.7333e-03
3  0.0000e+00
4  0.0000e+00
5  0.0000e+00
6  0.0000e+00
7  0.0000e+00
8  0.0000e+00
9  0.0000e+00
10  0.0000e+00
11  0.0000e+00
12  0.0000e+00
13  0.0000e+00
14  0.0000e+00
15  0.0000e+00
16  0.0000e+00
17  0.0000e+00
18  0.0000e+00
19  0.0000e+00
20  0.0000e+00
21  0.0000e+00
22  0.0000e+00
23  0.0000e+00
24  0.0000e+00
25  0.0000e+00
26  5.8240e-12
27  1.3562e-14
28  1.9385e-11
29  6.2158e-12
30  2.0951e-11
31  4.9779e-12
32  2.3069e-11
33  1.2579e-12
34  3.1121e-11
35  2.7832e-12
36  4.6671e-06
37  1.0968e-06
38  4.0816e-06
39  1.5409e-06
40  6.0788e-06
41  4.9251e-09
42  1.2131e-06
43  6.6164e-08
44  6.6492e-07
45  5.8647e-08
46  7.5159e-07
47  7.6121e-08
48  1.1286e-06
49  8.5678e-08
50  4.1446e-06
51  4.0421e-07
52  1.8552e-06
53  1.3406e-07
54  2.5275e-06
55  5.7868e-07
56  7.0134e-05
57  9.0384e-06
58  3.5610e-05
59  3.2143e-06
60  2.5895e-05
61  4.4043e-07
62  4.7374e-06
63  6.0453e-07
64  2.5247e-06
65  3.6967e-07
66  4.1889e-06
67  3.9043e-07
68  2.7607e-06
69  5.6278e-07
70  6.1082e-06
71  7.4752e-07
72  6.1772e-06
73  7.7064e-07
74  5.5803e-06
75  4.6992e-07
76  6.8295e-06
77  6.5272e-07
78  6.8189e-06
79  9.9301e-07
80  2.5570e-05
81  1.2884e-05
82  1.6725e-02
83  8.6621e-04
84  1.0915e-06

time(s) = 188272642881.11472 t9 = 0.20000000000000001 rho(g/cc) = 1000 
0  1.6600e-19
1  0.0000e+00
2  5.6767e-03
3  0.0000e+00
4  0.0000e+00
5  0.0000e+00
6  0.0000e+00
7  0.0000e+00
8  0.0000e+00
9  0.0000e+00
10  0.0000e+00
11  0.0000e+00
12  0.0000e+00
13  0.0000e+00
14  0.0000e+00
15  0.0000e+00
16  0.0000e+00
17  0.0000e+00
18  0.0000e+00
19  0.0000e+00
20  0.0000e+00
21  0.0000e+00
22  0.0000e+00
23  0.0000e+00
24  0.0000e+00
25  0.0000e+00
26  4.0840e-14
27  8.0977e-18
28  1.1496e-13
29  3.5565e-14
30  1.1400e-13
31  2.6365e-14
32  1.1894e-13
33  6.3827e-15
34  1.5324e-13
35  1.3470e-14
36  2.8540e-07
37  6.7073e-08
38  2.4956e-07
39  9.4212e-08
40  3.7164e-07
41  3.0110e-10
42  7.4161e-08
43  4.0448e-09
44  4.0648e-08
45  3.5852e-09
46  4.5946e-08
47  4.6534e-09
48  6.8993e-08
49  5.2375e-09
50  2.5335e-07
51  2.4707e-08
52  1.1339e-07
53  8.1942e-09
54  1.5454e-07
55  3.5369e-08
56  4.4811e-06
57  5.7986e-07
58  2.3070e-06
59  2.0838e-07
60  1.6849e-06
61  2.8709e-08
62  3.0900e-07
63  3.9446e-08
64  1.6480e-07
65  2.4136e-08
66  2.7364e-07
67  2.5513e-08
68  1.8047e-07
69  3.6798e-08
70  3.9971e-07
71  4.8939e-08
72  4.0475e-07
73  5.0517e-08
74  3.6609e-07
75  3.0840e-08
76  4.4856e-07
77  4.2893e-08
78  4.4847e-07
79  6.5347e-08
80  1.6877e-06
81  8.5352e-07
82  1.6904e-02
83  9.3460e-04
84  1.1777e-06

time(s) = 232308275138.44571 t9 = 0.20000000000000001 rho(g/cc) = 1000 
0  1.6600e-19
1  0.0000e+00
2  8.7021e-03
3  0.0000e+00
4  0.0000e+00
5  0.0000e+00
6  0.0000e+00
7  0.0000e+00
8  0.0000e+00
9  0.0000e+00
10  0.0000e+00
11  0.0000e+00
12  0.0000e+00
13  0.0000e+00
14  0.0000e+00
15  0.0000e+00
16  0.0000e+00
17  0.0000e+00
18  0.0000e+00
19  0.0000e+00
20  0.0000e+00
21  0.0000e+00
22  0.0000e+00
23  0.0000e+00
24  0.0000e+00
25  0.0000e+00
26  2.8795e-16
27  5.4240e-21
28  7.9408e-16
29  2.4441e-16
30  7.7760e-16
31  1.7906e-16
32  8.0430e-16
33  4.3044e-17
34  1.0280e-15
35  9.0086e-17
36  1.7438e-08
37  4.0983e-09
38  1.5249e-08
39  5.7566e-09
40  2.2708e-08
41  1.8397e-11
42  4.5314e-09
43  2.4714e-10
44  2.4837e-09
45  2.1906e-10
46  2.8074e-09
47  2.8433e-10
48  4.2156e-09
49  3.2002e-10
50  1.5480e-08
51  1.5096e-09
52  6.9284e-09
53  5.0067e-10
54  9.4634e-09
55  2.1616e-09
56  2.7733e-07
57  3.5927e-08
58  1.4332e-07
59  1.2947e-08
60  1.0479e-07
61  1.7865e-09
62  1.9231e-08
63  2.4552e-09
64  1.0259e-08
65  1.5025e-09
66  1.7037e-08
67  1.5887e-09
68  1.1238e-08
69  2.2917e-09
70  2.4899e-08
71  3.0488e-09
72  2.5221e-08
73  3.1482e-09
74  2.2819e-08
75  1.9225e-09
76  2.7968e-08
77  2.6748e-09
78  2.7973e-08
79  4.0765e-09
80  1.0536e-07
81  5.3338e-08
82  1.6914e-02
83  9.4090e-04
84  1.1857e-06

time(s) = 276344446849.76196 t9 = 0.20000000000000001 rho(g/cc) = 1000 
0  1.6600e-19
1  0.0000e+00
2  1.1734e-02
3  0.0000e+00
4  0.0000e+00
5  0.0000e+00
6  0.0000e+00
7  0.0000e+00
8  0.0000e+00
9  0.0000e+00
10  0.0000e+00
11  0.0000e+00
12  0.0000e+00
13  0.0000e+00
14  0.0000e+00
15  0.0000e+00
16  0.0000e+00
17  0.0000e+00
18  0.0000e+00
19  0.0000e+00
20  0.0000e+00
21  0.0000e+00
22  0.0000e+00
23  0.0000e+00
24  0.0000e+00
25  0.0000e+00
26  2.0313e-18
27  7.8030e-24
28  5.5895e-18
29  1.7194e-18
30  5.4658e-18
31  1.2581e-18
32  5.6480e-18
33  3.0217e-19
34  7.2126e-18
35  6.3181e-19
36  1.0655e-09
37  2.5041e-10
38  9.3170e-10
39  3.5173e-10
40  1.3875e-09
41  1.1241e-12
42  2.7687e-10
43  1.5101e-11
44  1.5175e-10
45  1.3385e-11
46  1.7153e-10
47  1.7373e-11
48  2.5757e-10
49  1.9553e-11
50  9.4582e-10
51  9.2240e-11
52  4.2333e-10
53  3.0591e-11
54  5.8473e-10
55  1.3225e-10
56  1.7012e-08
57  2.2045e-09
58  8.8008e-09
59  7.9511e-10
60  6.4371e-09
61  1.0976e-10
62  1.1815e-09
63  1.5086e-10
64  6.3035e-10
65  9.2321e-11
66  1.0469e-09
67  9.7621e-11
68  6.9061e-10
69  1.4083e-10
70  1.5302e-09
71  1.8737e-10
72  1.5501e-09
73  1.9350e-10
74  1.4026e-09
75  1.1817e-10
76  1.7193e-09
77  1.6443e-10
78  1.7197e-09
79  2.5063e-10
80  6.4793e-09
81  3.2810e-09
82  1.6915e-02
83  9.4137e-04
84  1.1863e-06

time(s) = 320385379357.84473 t9 = 0.20000000000000001 rho(g/cc) = 1000 
0  1.6600e-19
1  0.0000e+00
2  1.4768e-02
3  0.0000e+00
4  0.0000e+00
5  0.0000e+00
6  0.0000e+00
7  0.0000e+00
8  0.0000e+00
9  0.0000e+00
10  0.0000e+00
11  0.0000e+00
12  0.0000e+00
13  0.0000e+00
14  0.0000e+00
15  0.0000e+00
16  0.0000e+00
17  0.0000e+00
18  0.0000e+00
19  0.0000e+00
20  0.0000e+00
21  0.0000e+00
22  0.0000e+00
23  0.0000e+00
24  0.0000e+00
25  0.0000e+00
26  1.4324e-20
27  6.5398e-26
28  4.2510e-20
29  1.2302e-20
30  3.8518e-20
31  8.8269e-21
32  3.9555e-20
33  2.1145e-21
34  5.0460e-20
35  4.4205e-21
36  6.5083e-11
37  1.5296e-11
38  5.6911e-11
39  2.1485e-11
40  8.4751e-11
41  6.8663e-14
42  1.6912e-11
43  9.2239e-13
44  9.2696e-12
45  8.1759e-13
46  1.0478e-11
47  1.0612e-12
48  1.5733e-11
49  1.1944e-12
50  5.7773e-11
51  5.6343e-12
52  2.5858e-11
53  1.8686e-12
54  3.7789e-11
55  8.1345e-12
56  1.0411e-09
57  1.3493e-10
58  5.3870e-10
59  4.8670e-11
60  3.9404e-10
61  6.7188e-12
62  7.2330e-11
63  9.2348e-12
64  3.8588e-11
65  5.6516e-12
66  6.4088e-11
67  5.9761e-12
68  4.2278e-11
69  8.6212e-12
70  9.3674e-11
71  1.1471e-11
72  9.4899e-11
73  1.1846e-11
74  8.5869e-11
75  7.2347e-12
76  1.0526e-10
77  1.0067e-11
78  1.0529e-10
79  1.5345e-11
80  3.9671e-10
81  2.0090e-10
82  1.6915e-02
83  9.4140e-04
84  1.1863e-06

time(s) = 366675009512.32227 t9 = 0.20000000000000001 rho(g/cc) = 1000 
0  1.6600e-19
1  0.0000e+00
2  1.7956e-02
3  0.0000e+00
4  0.0000e+00
5  0.0000e+00
6  0.0000e+00
7  0.0000e+00
8  0.0000e+00
9  0.0000e+00
10  0.0000e+00
11  0.0000e+00
12  0.0000e+00
13  0.0000e+00
14  0.0000e+00
15  0.0000e+00
16  0.0000e+00
17  0.0000e+00
18  0.0000e+00
19  0.0000e+00
20  0.0000e+00
21  0.0000e+00
22  0.0000e+00
23  0.0000e+00
24  0.0000e+00
25  0.0000e+00
26  8.1466e-23
27  3.1639e-26
28  2.6633e-22
29  7.8022e-23
30  2.4607e-22
31  5.6521e-23
32  2.5335e-22
33  1.3540e-23
34  3.2252e-22
35  2.8231e-23
36  3.4912e-12
37  8.2049e-13
38  3.0528e-12
39  1.1525e-12
40  4.5462e-12
41  3.6832e-15
42  9.0719e-13
43  4.9479e-14
44  4.9724e-13
45  4.3857e-14
46  5.6205e-13
47  5.6923e-14
48  8.4397e-13
49  6.4068e-14
50  3.0991e-12
51  3.0223e-13
52  1.3871e-12
53  1.0024e-13
54  2.6599e-12
55  4.5347e-13
56  5.6112e-11
57  7.2710e-12
58  2.9011e-11
59  2.6210e-12
60  2.1216e-11
61  3.6171e-13
62  3.8938e-12
63  4.9714e-13
64  2.0773e-12
65  3.0423e-13
66  3.4499e-12
67  3.2169e-13
68  2.2757e-12
69  4.6406e-13
70  5.0421e-12
71  6.1742e-13
72  5.1078e-12
73  6.3759e-13
74  4.6215e-12
75  3.8937e-13
76  5.6648e-12
77  5.4178e-13
78  5.6661e-12
79  8.2576e-13
80  2.1347e-11
81  1.0814e-11
82  1.6915e-02
83  9.4140e-04
84  1.1863e-06

time(s) = 762085495240.45215 t9 = 0.20000000000000001 rho(g/cc) = 1000 
0  1.6600e-19
1  0.0000e+00
2  4.5188e-02
3  0.0000e+00
4  0.0000e+00
5  0.0000e+00
6  0.0000e+00
7  0.0000e+00
8  0.0000e+00
9  0.0000e+00
10  0.0000e+00
11  0.0000e+00
12  0.0000e+00
13  0.0000e+00
14  0.0000e+00
15  0.0000e+00
16  0.0000e+00
17  0.0000e+00
18  0.0000e+00
19  0.0000e+00
20  0.0000e+00
21  0.0000e+00
22  0.0000e+00
23  0.0000e+00
24  0.0000e+00
25  0.0000e+00
26  0.0000e+00
27  0.0000e+00
28  0.0000e+00
29  0.0000e+00
30  1.3322e-26
31  1.4592e-28
32  4.3157e-24
33  0.0000e+00
34  7.1222e-40
35  7.2873e-25
36  7.6471e-19
37  1.7972e-19
38  6.6869e-19
39  2.5244e-19
40  9.9580e-19
41  8.0677e-22
42  2.2505e-19
43  1.0838e-20
44  1.0876e-19
45  9.5854e-21
46  1.2285e-19
47  1.2444e-20
48  2.1313e-19
49  1.4007e-20
50  6.7664e-19
51  6.5988e-20
52  3.0291e-19
53  2.1891e-20
54  2.9454e-16
55  8.0502e-18
56  1.2623e-16
57  1.5759e-17
58  5.3396e-17
59  4.7673e-18
60  3.6356e-17
61  6.0154e-19
62  6.4137e-18
63  8.1378e-19
64  3.3801e-18
65  4.9355e-19
66  5.5497e-18
67  5.1489e-19
68  3.6220e-18
69  7.3600e-19
70  7.9022e-18
71  9.6117e-19
72  7.8547e-18
73  9.7435e-19
74  6.9864e-18
75  5.8548e-19
76  8.4254e-18
77  7.9996e-19
78  8.2728e-18
79  1.1964e-18
80  2.9786e-17
81  4.8390e-15
82  1.6915e-02
83  9.4140e-04
84  1.1863e-06

time(s) = 3150000000000 t9 = 0.20000000000000001 rho(g/cc) = 1000 
0  1.6600e-19
1  0.0000e+00
2  2.0965e-01
3  0.0000e+00
4  0.0000e+00
5  0.0000e+00
6  0.0000e+00
7  0.0000e+00
8  0.0000e+00
9  0.0000e+00
10  0.0000e+00
11  0.0000e+00
12  0.0000e+00
13  0.0000e+00
14  0.0000e+00
15  0.0000e+00
16  0.0000e+00
17  0.0000e+00
18  0.0000e+00
19  0.0000e+00
20  0.0000e+00
21  0.0000e+00
22  0.0000e+00
23  0.0000e+00
24  0.0000e+00
25  0.0000e+00
26  0.0000e+00
27  0.0000e+00
28  0.0000e+00
29  0.0000e+00
30  0.0000e+00
31  0.0000e+00
32  0.0000e+00
33  0.0000e+00
34  3.1911e-24
35  3.5565e-29
36  1.0752e-24
37  0.0000e+00
38  0.0000e+00
39  0.0000e+00
40  0.0000e+00
41  0.0000e+00
42  4.8005e-26
43  2.1613e-23
44  7.4531e-26
45  1.4584e-24
46  7.7959e-25
47  8.3540e-32
48  9.5926e-25
49  1.6513e-40
50  0.0000e+00
51  0.0000e+00
52  0.0000e+00
53  0.0000e+00
54  3.4978e-26
55  3.1447e-24
56  0.0000e+00
57  0.0000e+00
58  1.0956e-26
59  1.3141e-24
60  8.1531e-25
61  2.0824e-23
62  1.0029e-23
63  0.0000e+00
64  2.0282e-38
65  1.6224e-25
66  4.6858e-40
67  2.3493e-25
68  2.9639e-36
69  1.5943e-25
70  1.8524e-36
71  5.0010e-25
72  2.0133e-34
73  5.3170e-25
74  5.4488e-34
75  6.9701e-25
76  5.6964e-23
77  4.5901e-25
78  6.1738e-38
79  4.2600e-25
80  1.3410e-24
81  4.8246e-15
82  1.6915e-02
83  9.4140e-04
84  1.1863e-06

