337
time(s) = 100000000000 t9 = 7.3188603439315477e-12 rho(g/cc) = 1.8149999999960072e-21 
0  0.0000e+00
1  9.2687e-05
2  1.0184e-10
3  5.0032e-15
4  2.6450e-05
5  0.0000e+00
6  8.6299e-32
7  1.9728e-16
8  1.0093e-03
9  2.0863e-22
10  7.7906e-12
11  1.2979e-13
12  7.5885e-11
13  1.4790e-10
14  7.9450e-03
15  4.7588e-05
16  5.7180e-07
17  8.3454e-09
18  1.0798e-03
19  1.4166e-03
20  6.4152e-04
21  1.1981e-06
22  2.5110e-03
23  8.1641e-06
24  5.8142e-06
25  2.4595e-06
26  2.4613e-05
27  1.0617e-06
28  2.5914e-06
29  1.5816e-06
30  2.9719e-06
31  1.6865e-06
32  1.7688e-05
33  4.7749e-06
34  3.9043e-06
35  7.4929e-06
36  1.2659e-05
37  1.5658e-06
38  1.6923e-06
39  3.8505e-07
40  8.0947e-07
41  2.1186e-06
42  2.7256e-06
43  9.7513e-06
44  3.9426e-05
45  1.9649e-05
46  2.5404e-05
47  9.4827e-06
48  3.4295e-05
49  1.2316e-05
50  7.1053e-06
51  7.0322e-06
52  1.0170e-05
53  8.3600e-06
54  1.4054e-05
55  1.3789e-06
56  1.4731e-06
57  4.5407e-07
58  2.8863e-06
59  7.6072e-07
60  1.7024e-06
61  9.2982e-07
62  1.8110e-06
63  8.3552e-07
64  3.2914e-06
65  1.5048e-06
66  2.8855e-06
67  1.4964e-06
68  2.7373e-06
69  1.1474e-06
70  1.6285e-06
71  1.0180e-06
72  2.1137e-06
73  1.5627e-06
74  1.9234e-06
75  7.1744e-07
76  7.4059e-06
77  2.7902e-05
78  8.8307e-05
79  1.1330e-04
80  2.3053e-04
81  7.1540e-05
82  2.8609e-05
83  1.0654e-05
84  5.1900e-06
85  1.8261e-06
86  5.4132e-06
87  2.2057e-06
88  1.6167e-06
89  1.7050e-06
90  2.4617e-06
91  2.4579e-06
92  2.1545e-06
93  1.2591e-06
94  1.9392e-06
95  2.1315e-06
96  3.7028e-06
97  3.2600e-06
98  1.8770e-06
99  1.3634e-06
100  2.3295e-06
101  1.2079e-06
102  2.3618e-06
103  9.2679e-07
104  1.9150e-06
105  8.6015e-07
106  2.5882e-06
107  1.4909e-06
108  2.9192e-06
109  1.4289e-06
110  3.5022e-06
111  1.2984e-06
112  3.9817e-06
113  1.1432e-06
114  7.9014e-06
115  2.1927e-06
116  4.6247e-06
117  9.6825e-07
118  2.2297e-06
119  4.8653e-07
120  3.7939e-06
121  2.4493e-06
122  1.1667e-05
123  3.6707e-06
124  8.8534e-06
125  4.3336e-06
126  7.3066e-06
127  5.1522e-06
128  2.5549e-05
129  4.3221e-05
130  1.0886e-04
131  9.4737e-05
132  1.1216e-04
133  6.5769e-05
134  7.3665e-05
135  4.7733e-05
136  3.5066e-05
137  9.1351e-06
138  7.1034e-06
139  5.0900e-07
140  1.6795e-06
141  1.3758e-06
142  7.9742e-07
143  1.9528e-06
144  6.9031e-07
145  2.1996e-08
146  6.5862e-07
147  2.1789e-08
148  9.8332e-08
149  3.8826e-08
150  1.0680e-07
151  8.1297e-08
152  3.3732e-07
153  4.4276e-08
154  2.1701e-07
155  1.2882e-07
156  3.8421e-07
157  2.1858e-07
158  2.6998e-07
159  2.3842e-07
160  3.7064e-07
161  3.2678e-07
162  6.3736e-07
163  9.5798e-07
164  1.2548e-06
165  2.0131e-06
166  2.1863e-06
167  2.3537e-06
168  3.2770e-06
169  1.0636e-06
170  2.6509e-06
171  1.5056e-06
172  2.7161e-06
173  8.8685e-07
174  2.8617e-06
175  2.4530e-06
176  1.7523e-06
177  3.1835e-06
178  2.7245e-06
179  2.2667e-06
180  2.9406e-06
181  1.9270e-06
182  2.6670e-06
183  1.5900e-06
184  1.8116e-06
185  5.3103e-07
186  1.0180e-06
187  3.3854e-07
188  2.4117e-07
189  1.6695e-07
190  2.9521e-07
191  9.2725e-08
192  3.4168e-07
193  4.1844e-07
194  2.1218e-06
195  3.5628e-06
196  3.4346e-05
197  1.9140e-05
198  1.0659e-04
199  4.9585e-05
200  1.8877e-05
201  2.6668e-06
202  3.1192e-07
203  1.0376e-07
204  1.3206e-07
205  5.0668e-08
206  2.2310e-07
207  1.6019e-07
208  2.7048e-07
209  2.3895e-07
210  1.2366e-08
211  3.6816e-15
212  1.1884e-14
213  2.3179e-15
214  4.8833e-15
215  8.7349e-21
216  1.4082e-20
217  1.0677e-20
218  8.4696e-17
219  2.9724e-17
220  5.4372e-18
221  9.4362e-17
222  1.5047e-13
223  3.5109e-13
224  3.0681e-14
225  2.9051e-13
226  2.3010e-08
227  1.6844e-08
228  9.7791e-08
229  8.2155e-08
230  1.9618e-07
231  1.3237e-07
232  3.0222e-07
233  1.9690e-07
234  7.6829e-07
235  5.6709e-07
236  2.9321e-06
237  1.3924e-06
238  2.3855e-06
239  2.7265e-06
240  4.0962e-06
241  5.6284e-06
242  1.1025e-05
243  3.6841e-06
244  3.8823e-06
245  5.9391e-06
246  3.0861e-06
247  4.7984e-06
248  4.0528e-06
249  6.4543e-09
250  1.0087e-06
251  3.6221e-07
252  7.6828e-29
253  1.0119e-317
254  2.3417e-278
255  -3.3913e-320
256  -6.8804e-320
257  0.0000e+00
258  0.0000e+00
259  -4.9407e-324
260  1.0549e-06
261  3.3965e-06
262  4.7493e-06
263  1.5434e-05
264  1.4155e-05
265  2.2543e-05
266  8.3320e-05
267  6.6467e-26
268  3.0629e-05
269  8.0785e-05
270  1.7217e-05
271  6.0085e-05
272  4.8357e-05
273  3.7781e-04
274  3.6893e-05
275  4.0778e-05
276  2.6624e-05
277  4.1061e-06
278  2.7762e-06
279  2.8267e-06
280  4.6384e-06
281  4.8988e-06
282  3.5267e-06
283  4.8321e-07
284  6.8446e-07
285  6.7830e-07
286  9.0486e-07
287  7.0686e-06
288  7.2265e-06
289  6.2132e-06
290  5.0405e-06
291  2.1342e-06
292  3.8780e-06
293  4.0621e-06
294  5.5125e-06
295  1.3022e-05
296  1.9187e-05
297  1.2713e-05
298  2.0776e-05
299  1.2478e-05
300  1.2693e-05
301  2.6743e-05
302  2.1062e-04
303  2.9532e-06
304  5.3209e-04
305  9.5464e-07
306  6.5340e-05
307  1.9181e-06
308  3.4593e-08
309  1.2385e-09
310  1.1485e-11
311  1.5560e-13
312  1.0316e-15
313  5.7082e-18
314  3.5385e-20
315  1.1303e-22
316  1.5360e-24
317  2.3206e-27
318  0.0000e+00
319  0.0000e+00
320  0.0000e+00
321  0.0000e+00
322  0.0000e+00
323  0.0000e+00
324  0.0000e+00
325  0.0000e+00
326  0.0000e+00
327  0.0000e+00
328  0.0000e+00
329  0.0000e+00
330  0.0000e+00
331  0.0000e+00
332  0.0000e+00
333  0.0000e+00
334  0.0000e+00
335  0.0000e+00
336  0.0000e+00
337  0.0000e+00

