337
time(s) = 1000000 t9 = 2.9276241629085174e-08 rho(g/cc) = 1.4999997000000451e-11 
0  0.0000e+00
1  5.1420e-09
2  4.2211e-13
3  1.1135e-18
4  5.9920e-05
5  0.0000e+00
6  3.1840e-32
7  3.9896e-10
8  3.3295e-04
9  2.9951e-18
10  5.4340e-05
11  1.2469e-08
12  2.3185e-10
13  4.5609e-08
14  5.2683e-03
15  1.9707e-03
16  2.4153e-05
17  2.6445e-07
18  1.5146e-03
19  2.0765e-03
20  1.6535e-04
21  2.4533e-04
22  2.9792e-05
23  3.5821e-04
24  4.7692e-04
25  6.2559e-04
26  5.1048e-04
27  9.3437e-05
28  4.0240e-05
29  2.9431e-05
30  3.5995e-05
31  1.7535e-05
32  1.3836e-05
33  1.5607e-05
34  4.6177e-05
35  1.5144e-05
36  1.4200e-05
37  1.7913e-05
38  1.8723e-05
39  1.4623e-05
40  3.1013e-05
41  3.8315e-05
42  1.5385e-04
43  7.2828e-05
44  1.5456e-04
45  1.1281e-04
46  3.7474e-04
47  1.1844e-04
48  1.4161e-04
49  4.1402e-05
50  1.5630e-04
51  1.1183e-04
52  1.8583e-05
53  9.3036e-06
54  4.3397e-05
55  2.6995e-05
56  1.3605e-05
57  8.4776e-06
58  7.8226e-06
59  3.1047e-06
60  2.8814e-06
61  2.1235e-06
62  4.4177e-06
63  3.2983e-06
64  4.0036e-06
65  2.1908e-06
66  3.7657e-06
67  3.0453e-06
68  4.2671e-06
69  6.6307e-06
70  4.2878e-06
71  4.6950e-06
72  3.1656e-06
73  7.0177e-06
74  7.9718e-06
75  1.3511e-05
76  2.1819e-05
77  7.4184e-05
78  7.8850e-05
79  1.1067e-04
80  5.7596e-05
81  4.0283e-05
82  2.8866e-05
83  1.6595e-05
84  1.5002e-05
85  3.9262e-06
86  2.7440e-06
87  1.9617e-06
88  2.1904e-06
89  1.7185e-06
90  6.5223e-07
91  3.1540e-07
92  1.1143e-07
93  7.2808e-08
94  3.9912e-08
95  1.5255e-07
96  8.9269e-08
97  2.1860e-07
98  8.7184e-08
99  5.5576e-08
100  1.2566e-07
101  7.4994e-08
102  1.5818e-07
103  1.7139e-07
104  2.3316e-07
105  4.5211e-07
106  3.8980e-07
107  5.0990e-07
108  2.3749e-07
109  1.4820e-07
110  4.5416e-07
111  1.6691e-07
112  4.0639e-07
113  4.2270e-07
114  1.4153e-06
115  5.3683e-07
116  1.0304e-06
117  1.3287e-06
118  1.8749e-06
119  1.7378e-06
120  1.1735e-05
121  2.4045e-05
122  4.0504e-05
123  3.3913e-05
124  3.7561e-05
125  3.8999e-05
126  2.9841e-05
127  1.9645e-05
128  5.5790e-05
129  1.3109e-04
130  1.8388e-04
131  1.4662e-04
132  2.0365e-04
133  7.0615e-05
134  3.6847e-05
135  2.0600e-05
136  1.6618e-05
137  3.4970e-06
138  1.0618e-06
139  2.9406e-07
140  9.0350e-07
141  8.0630e-07
142  1.1571e-06
143  1.1841e-06
144  8.6957e-07
145  8.1709e-07
146  3.1592e-07
147  6.3961e-07
148  4.4504e-07
149  1.9536e-07
150  1.8805e-07
151  3.3357e-07
152  3.5861e-07
153  3.7150e-07
154  4.2255e-07
155  5.0318e-07
156  5.3980e-07
157  6.1203e-07
158  4.5053e-07
159  3.5498e-07
160  6.3380e-07
161  1.1798e-06
162  1.2851e-06
163  2.2572e-06
164  3.2976e-06
165  5.6401e-06
166  3.9371e-06
167  5.7270e-06
168  5.5830e-06
169  3.9457e-06
170  3.4431e-06
171  1.7592e-06
172  1.8033e-06
173  2.0866e-06
174  3.9332e-06
175  2.4194e-06
176  2.9258e-06
177  2.6055e-06
178  2.0155e-06
179  2.6374e-06
180  1.8740e-06
181  2.3587e-06
182  2.9193e-06
183  1.0170e-06
184  1.6334e-06
185  5.6952e-07
186  7.8774e-07
187  4.3221e-07
188  3.0220e-07
189  7.4633e-08
190  1.7670e-07
191  1.6484e-07
192  5.2427e-07
193  7.0431e-07
194  6.7808e-06
195  1.3433e-05
196  5.6968e-05
197  3.3974e-05
198  1.0465e-04
199  4.0647e-05
200  1.5506e-05
201  4.5512e-06
202  2.4580e-06
203  6.2814e-06
204  3.9549e-06
205  4.3026e-07
206  2.4482e-06
207  2.5868e-06
208  7.7417e-06
209  2.3928e-06
210  3.4106e-06
211  2.9535e-10
212  9.5710e-09
213  2.5201e-10
214  2.8226e-10
215  2.2872e-16
216  2.9033e-14
217  2.9753e-15
218  1.8620e-11
219  5.0774e-13
220  1.1133e-11
221  2.6370e-11
222  3.3040e-08
223  1.2667e-07
224  6.2863e-08
225  2.4892e-07
226  9.2622e-07
227  6.7769e-07
228  1.4680e-06
229  1.2949e-06
230  2.4743e-06
231  1.8085e-06
232  3.1703e-06
233  2.8198e-06
234  4.1535e-06
235  4.2380e-06
236  9.0711e-06
237  5.9327e-06
238  1.0764e-05
239  9.2117e-06
240  1.8737e-05
241  2.0639e-05
242  2.1605e-05
243  1.5973e-05
244  9.9538e-06
245  7.3963e-06
246  7.7003e-06
247  2.9718e-06
248  3.7893e-06
249  3.2458e-06
250  4.0837e-06
251  6.5575e-06
252  4.5802e-05
253  6.6250e-06
254  1.0270e-05
255  1.5553e-05
256  1.0395e-08
257  2.5220e-06
258  1.4033e-05
259  1.3591e-06
260  3.4848e-06
261  5.7416e-06
262  1.0008e-05
263  3.4860e-05
264  7.3159e-05
265  5.6570e-05
266  1.6508e-04
267  1.9973e-05
268  5.6094e-06
269  3.8069e-05
270  1.8873e-05
271  3.8646e-05
272  9.2991e-06
273  1.2557e-05
274  1.6601e-05
275  6.9220e-06
276  9.4117e-06
277  1.4218e-06
278  7.3660e-06
279  6.6298e-06
280  9.3817e-06
281  8.2234e-07
282  3.3851e-07
283  8.3392e-08
284  6.8015e-07
285  3.8777e-08
286  1.1519e-06
287  1.2362e-06
288  2.7641e-07
289  8.1706e-07
290  8.1130e-06
291  5.8113e-12
292  2.8545e-05
293  7.6747e-06
294  2.6440e-06
295  3.3392e-06
296  1.1322e-05
297  6.9832e-06
298  8.6229e-06
299  1.0619e-06
300  2.0587e-06
301  1.1606e-05
302  7.1277e-05
303  1.7463e-06
304  4.1375e-04
305  1.4342e-06
306  8.2784e-05
307  3.5804e-06
308  3.4256e-08
309  1.3806e-09
310  1.2254e-11
311  1.9098e-13
312  1.5430e-15
313  1.1100e-17
314  8.8477e-20
315  3.6954e-22
316  6.6639e-24
317  1.4210e-26
318  0.0000e+00
319  0.0000e+00
320  0.0000e+00
321  0.0000e+00
322  0.0000e+00
323  0.0000e+00
324  0.0000e+00
325  0.0000e+00
326  0.0000e+00
327  0.0000e+00
328  0.0000e+00
329  0.0000e+00
330  0.0000e+00
331  0.0000e+00
332  0.0000e+00
333  0.0000e+00
334  0.0000e+00
335  0.0000e+00
336  0.0000e+00
337  0.0000e+00

