337
time(s) = 1000000 t9 = 2.6619595383251673e-08 rho(g/cc) = 1.4999997000000451e-11 
0  0.0000e+00
1  4.3923e-09
2  5.8469e-13
3  2.6369e-18
4  5.4497e-05
5  0.0000e+00
6  5.8244e-32
7  1.3238e-10
8  1.0753e-04
9  3.4956e-18
10  1.0057e-05
11  4.1346e-09
12  6.3865e-10
13  5.5286e-08
14  2.8686e-03
15  5.2441e-03
16  6.5757e-05
17  6.9048e-07
18  1.8264e-03
19  2.4801e-03
20  2.2483e-04
21  2.8350e-04
22  2.6895e-05
23  4.4609e-04
24  5.7095e-04
25  6.4225e-04
26  4.7116e-04
27  1.0495e-04
28  5.7238e-05
29  2.2231e-05
30  2.8483e-05
31  2.1706e-05
32  1.7150e-05
33  1.8316e-05
34  5.2731e-05
35  2.3039e-05
36  1.6638e-05
37  2.3356e-05
38  2.1263e-05
39  1.5201e-05
40  3.4177e-05
41  3.6309e-05
42  1.5600e-04
43  9.3251e-05
44  1.2584e-04
45  1.1599e-04
46  3.4937e-04
47  1.2440e-04
48  1.2433e-04
49  3.3826e-05
50  1.2241e-04
51  9.2162e-05
52  2.1132e-05
53  1.0160e-05
54  3.0500e-05
55  2.5934e-05
56  1.1085e-05
57  6.4289e-06
58  8.0038e-06
59  2.8916e-06
60  2.6895e-06
61  1.5613e-06
62  3.6215e-06
63  2.3053e-06
64  3.7465e-06
65  1.5888e-06
66  3.2821e-06
67  2.5268e-06
68  4.7388e-06
69  6.2434e-06
70  5.2296e-06
71  5.3784e-06
72  3.7441e-06
73  7.0955e-06
74  7.8155e-06
75  1.3940e-05
76  2.2306e-05
77  6.1968e-05
78  6.4106e-05
79  1.0601e-04
80  6.4485e-05
81  4.8295e-05
82  2.5895e-05
83  1.6106e-05
84  1.1992e-05
85  3.6686e-06
86  1.9357e-06
87  1.8137e-06
88  2.1824e-06
89  2.0415e-06
90  1.0276e-06
91  6.6847e-07
92  2.3624e-07
93  1.3990e-07
94  5.2800e-08
95  1.4843e-07
96  1.0288e-07
97  2.7894e-07
98  1.1027e-07
99  6.7649e-08
100  1.6132e-07
101  9.2386e-08
102  1.9254e-07
103  1.9839e-07
104  2.7422e-07
105  5.6162e-07
106  4.9511e-07
107  6.9071e-07
108  3.1621e-07
109  2.1612e-07
110  5.7525e-07
111  2.0618e-07
112  4.3571e-07
113  4.2095e-07
114  1.2854e-06
115  4.7887e-07
116  9.5998e-07
117  1.2323e-06
118  2.0711e-06
119  1.9668e-06
120  1.1550e-05
121  2.2351e-05
122  3.7042e-05
123  3.1654e-05
124  3.6517e-05
125  4.1738e-05
126  3.5670e-05
127  2.3688e-05
128  5.6777e-05
129  1.4158e-04
130  2.0749e-04
131  1.6277e-04
132  2.0479e-04
133  7.5553e-05
134  3.3348e-05
135  1.6807e-05
136  1.4703e-05
137  3.0918e-06
138  1.1336e-06
139  3.0409e-07
140  3.0118e-07
141  2.6715e-07
142  4.4325e-07
143  5.0768e-07
144  4.3198e-07
145  4.4352e-07
146  1.8675e-07
147  4.3670e-07
148  3.1076e-07
149  1.3286e-07
150  1.2836e-07
151  2.2252e-07
152  2.4775e-07
153  2.8230e-07
154  3.2675e-07
155  4.1311e-07
156  4.7360e-07
157  5.5365e-07
158  4.0949e-07
159  3.2075e-07
160  5.3408e-07
161  9.7816e-07
162  1.0933e-06
163  1.9667e-06
164  3.7058e-06
165  6.4991e-06
166  4.5722e-06
167  7.1627e-06
168  7.5236e-06
169  5.4892e-06
170  4.6369e-06
171  2.3053e-06
172  2.2949e-06
173  2.6055e-06
174  4.9961e-06
175  3.1075e-06
176  3.9434e-06
177  3.4634e-06
178  2.5035e-06
179  3.1629e-06
180  2.2869e-06
181  2.8053e-06
182  3.9436e-06
183  1.3290e-06
184  2.5866e-06
185  9.5257e-07
186  1.7581e-06
187  9.7775e-07
188  7.6826e-07
189  1.9083e-07
190  3.0161e-07
191  2.4811e-07
192  6.5188e-07
193  6.4701e-07
194  6.0355e-06
195  1.0600e-05
196  5.2700e-05
197  3.6330e-05
198  1.2763e-04
199  6.2868e-05
200  2.6677e-05
201  8.3854e-06
202  5.0830e-06
203  1.0620e-05
204  5.2570e-06
205  6.0417e-07
206  4.7422e-06
207  2.7213e-06
208  7.7447e-06
209  2.9040e-06
210  4.6402e-06
211  2.1020e-10
212  6.2796e-09
213  1.6675e-10
214  2.1319e-10
215  1.6274e-16
216  1.9048e-14
217  1.9686e-15
218  1.4064e-11
219  3.6136e-13
220  7.3041e-12
221  1.7448e-11
222  2.4955e-08
223  9.0153e-08
224  4.1244e-08
225  1.6470e-07
226  5.8000e-07
227  4.1553e-07
228  8.9730e-07
229  7.9390e-07
230  1.5372e-06
231  1.1989e-06
232  2.3357e-06
233  2.1825e-06
234  3.2909e-06
235  3.3908e-06
236  6.8655e-06
237  4.4950e-06
238  8.5469e-06
239  7.6952e-06
240  1.7513e-05
241  2.1709e-05
242  2.4021e-05
243  1.9343e-05
244  1.3318e-05
245  1.0460e-05
246  1.1513e-05
247  4.6401e-06
248  5.6950e-06
249  4.9624e-06
250  6.1441e-06
251  7.6529e-06
252  3.9492e-05
253  7.2661e-06
254  9.5528e-06
255  1.3105e-05
256  8.2306e-09
257  2.0173e-06
258  1.2942e-05
259  1.3200e-06
260  3.8427e-06
261  6.7679e-06
262  1.1070e-05
263  3.0894e-05
264  7.2546e-05
265  5.6944e-05
266  1.6674e-04
267  2.2542e-05
268  6.6790e-06
269  4.3871e-05
270  1.5482e-05
271  3.7512e-05
272  1.0154e-05
273  1.4343e-05
274  1.7042e-05
275  5.2686e-06
276  8.6726e-06
277  1.7187e-06
278  6.9704e-06
279  2.8208e-06
280  5.5266e-06
281  5.2417e-07
282  5.4170e-07
283  4.2856e-08
284  6.4028e-06
285  2.2332e-07
286  6.9118e-06
287  7.6390e-06
288  1.1708e-06
289  1.3823e-06
290  5.3855e-06
291  5.4616e-12
292  3.2695e-05
293  8.7763e-06
294  2.5426e-06
295  3.1537e-06
296  8.3592e-06
297  5.4178e-06
298  1.0413e-05
299  2.3980e-06
300  1.4043e-06
301  1.2177e-05
302  1.8199e-05
303  3.2100e-06
304  2.4608e-04
305  1.3348e-06
306  1.1599e-04
307  8.2425e-06
308  1.1881e-07
309  7.9970e-09
310  1.1238e-10
311  2.8418e-12
312  3.7790e-14
313  4.5280e-16
314  6.0358e-18
315  4.1853e-20
316  1.2737e-21
317  4.4158e-24
318  2.2881e-25
319  1.9725e-28
320  0.0000e+00
321  0.0000e+00
322  0.0000e+00
323  0.0000e+00
324  0.0000e+00
325  0.0000e+00
326  0.0000e+00
327  0.0000e+00
328  0.0000e+00
329  0.0000e+00
330  0.0000e+00
331  0.0000e+00
332  0.0000e+00
333  0.0000e+00
334  0.0000e+00
335  0.0000e+00
336  0.0000e+00
337  0.0000e+00

