337
time(s) = 1000000 t9 = 2.554386953603882e-08 rho(g/cc) = 1.3253997508248351e-11 
0  0.0000e+00
1  6.1533e-08
2  9.9189e-12
3  3.4206e-17
4  1.8225e-05
5  0.0000e+00
6  6.8238e-32
7  7.1848e-10
8  9.0975e-05
9  4.9628e-17
10  3.0424e-05
11  2.2449e-08
12  4.9366e-10
13  6.2103e-08
14  5.6069e-03
15  3.9480e-03
16  4.9531e-05
17  4.9329e-07
18  1.7604e-03
19  2.3538e-03
20  2.4514e-04
21  2.3243e-04
22  5.3444e-05
23  5.5850e-04
24  4.2129e-04
25  4.1595e-04
26  1.0492e-03
27  3.1860e-05
28  2.5629e-05
29  3.4574e-06
30  7.1376e-06
31  2.6503e-06
32  3.9989e-06
33  1.2354e-05
34  5.0551e-05
35  1.0566e-05
36  1.1329e-05
37  8.2285e-06
38  1.4336e-05
39  6.4131e-06
40  1.7383e-05
41  1.3901e-05
42  2.5514e-05
43  9.8225e-06
44  2.0881e-05
45  1.6756e-05
46  3.5773e-05
47  4.0019e-05
48  3.4104e-05
49  1.8371e-05
50  2.1160e-05
51  5.0197e-05
52  5.2650e-06
53  2.9415e-06
54  4.1749e-05
55  6.4294e-06
56  1.2874e-05
57  4.2493e-06
58  1.0351e-05
59  2.8452e-06
60  4.1096e-06
61  1.3910e-06
62  4.8788e-06
63  1.1220e-06
64  3.0745e-06
65  1.0716e-06
66  3.5400e-06
67  1.2416e-06
68  4.8962e-06
69  1.6806e-06
70  2.1867e-06
71  1.2362e-06
72  1.6569e-06
73  1.4784e-06
74  3.0918e-06
75  8.9396e-07
76  8.7041e-06
77  1.2670e-05
78  3.4733e-05
79  4.9976e-05
80  6.1955e-05
81  3.3101e-05
82  4.3353e-05
83  1.7866e-05
84  1.2061e-05
85  8.1252e-06
86  9.3710e-06
87  3.9450e-06
88  3.6582e-06
89  3.0820e-06
90  4.4618e-06
91  4.8711e-06
92  4.5798e-06
93  2.3002e-06
94  3.2069e-06
95  3.0998e-06
96  4.9936e-06
97  3.7822e-06
98  1.6327e-06
99  8.5971e-07
100  1.0666e-06
101  5.0914e-07
102  8.1081e-07
103  2.8415e-07
104  5.7484e-07
105  2.3907e-07
106  6.0472e-07
107  4.4628e-07
108  6.7918e-07
109  4.8152e-08
110  3.8912e-07
111  1.2264e-07
112  4.5687e-07
113  1.3721e-07
114  1.1252e-06
115  3.6796e-07
116  1.3375e-06
117  3.1387e-07
118  1.6051e-06
119  4.8837e-07
120  7.2167e-06
121  4.7108e-06
122  2.9482e-05
123  9.0738e-06
124  2.7714e-05
125  1.4744e-05
126  3.1410e-05
127  8.5726e-06
128  3.1569e-05
129  5.0039e-05
130  1.1693e-04
131  1.2047e-04
132  2.0277e-04
133  7.7627e-05
134  3.0019e-05
135  2.1674e-05
136  2.9602e-05
137  1.0413e-05
138  5.7764e-06
139  3.6349e-07
140  3.0790e-07
141  1.7137e-07
142  2.6486e-07
143  1.6882e-07
144  6.8184e-07
145  1.2897e-07
146  6.1823e-07
147  1.0247e-07
148  5.2594e-07
149  1.7503e-07
150  2.6373e-07
151  1.9895e-07
152  5.6183e-07
153  5.8490e-08
154  2.9161e-07
155  1.9808e-07
156  4.4453e-07
157  2.3488e-07
158  2.4826e-07
159  2.2116e-07
160  2.3368e-07
161  1.6313e-07
162  2.4511e-07
163  2.9900e-07
164  3.2051e-07
165  5.4293e-07
166  5.3553e-07
167  7.7865e-07
168  1.0395e-06
169  3.6389e-07
170  9.9263e-07
171  5.5752e-07
172  7.8351e-07
173  1.7817e-07
174  6.3195e-07
175  5.7448e-07
176  3.4783e-07
177  8.7102e-07
178  6.6255e-07
179  6.3756e-07
180  7.7610e-07
181  5.8426e-07
182  9.6488e-07
183  6.6710e-07
184  1.1472e-06
185  3.6303e-07
186  1.3870e-06
187  5.3664e-07
188  5.0560e-07
189  4.8502e-07
190  6.0567e-07
191  1.3788e-07
192  2.7719e-07
193  2.3887e-07
194  5.9575e-07
195  8.6582e-07
196  1.2149e-05
197  6.9661e-06
198  8.5652e-05
199  6.1784e-05
200  4.6455e-05
201  1.0820e-05
202  2.0504e-06
203  4.5725e-07
204  4.3670e-07
205  2.0911e-07
206  1.7742e-07
207  4.0894e-07
208  6.2628e-07
209  4.4837e-07
210  4.8558e-07
211  6.3654e-11
212  2.8986e-09
213  3.0053e-11
214  1.5241e-10
215  1.0830e-17
216  1.1794e-15
217  1.3648e-16
218  2.5648e-12
219  2.4069e-14
220  4.5225e-13
221  1.2101e-12
222  4.5505e-09
223  6.0047e-09
224  2.5537e-09
225  3.6683e-09
226  1.9371e-08
227  1.1066e-08
228  2.3127e-08
229  2.3145e-08
230  4.4598e-08
231  3.6428e-08
232  8.6559e-08
233  5.4996e-08
234  2.2760e-07
235  1.0437e-07
236  3.6000e-07
237  2.8636e-07
238  6.0745e-07
239  4.1122e-07
240  1.7590e-06
241  1.7830e-06
242  6.0973e-06
243  3.5680e-06
244  4.5336e-06
245  6.3727e-06
246  5.8573e-06
247  2.5837e-06
248  7.5203e-06
249  2.7135e-06
250  4.8290e-06
251  4.3329e-06
252  1.5021e-05
253  5.0243e-06
254  4.0779e-06
255  5.3060e-06
256  3.5059e-09
257  8.4867e-07
258  3.8083e-06
259  1.2196e-07
260  2.9980e-06
261  6.0115e-06
262  5.3803e-06
263  1.4480e-05
264  2.0579e-05
265  3.4953e-05
266  1.1784e-04
267  5.2163e-05
268  4.7020e-05
269  1.3143e-04
270  1.6364e-05
271  5.3982e-05
272  6.3772e-05
273  2.5568e-04
274  2.7866e-05
275  2.1475e-05
276  1.4337e-05
277  3.6939e-06
278  8.8338e-06
279  6.2742e-06
280  7.3404e-06
281  7.5547e-06
282  3.3310e-06
283  2.1494e-07
284  6.0536e-07
285  6.9783e-07
286  1.4738e-06
287  2.8086e-06
288  2.4175e-06
289  2.4253e-06
290  1.1587e-05
291  7.0881e-06
292  3.2839e-05
293  2.5401e-05
294  8.7044e-06
295  1.0437e-05
296  1.4790e-05
297  1.8278e-05
298  1.7433e-05
299  1.0372e-05
300  4.0823e-06
301  2.3340e-05
302  3.4755e-05
303  4.8988e-06
304  3.6654e-04
305  2.0898e-06
306  1.3267e-04
307  1.2450e-05
308  1.9010e-07
309  1.8652e-08
310  3.1492e-10
311  1.0161e-11
312  1.8134e-13
313  3.1265e-15
314  6.0203e-17
315  6.0873e-19
316  2.7515e-20
317  1.4120e-22
318  1.1368e-23
319  2.4768e-26
320  0.0000e+00
321  0.0000e+00
322  0.0000e+00
323  0.0000e+00
324  0.0000e+00
325  0.0000e+00
326  0.0000e+00
327  0.0000e+00
328  0.0000e+00
329  0.0000e+00
330  0.0000e+00
331  0.0000e+00
332  0.0000e+00
333  0.0000e+00
334  0.0000e+00
335  0.0000e+00
336  0.0000e+00
337  0.0000e+00

