337
time(s) = 1000000 t9 = 0.00011433011629168655 rho(g/cc) = 9.4803599262217256e-10 
0  0.0000e+00
1  1.8573e-10
2  1.2657e-09
3  1.0702e-11
4  2.2862e-02
5  0.0000e+00
6  3.7324e-14
7  7.0374e-10
8  8.9840e-07
9  5.5418e-10
10  1.2109e-07
11  8.9767e-10
12  1.3728e-08
13  2.4378e-09
14  2.1595e-07
15  4.1778e-05
16  4.3932e-06
17  1.9724e-07
18  1.2304e-06
19  2.0817e-06
20  5.0109e-06
21  1.3748e-05
22  1.9652e-07
23  8.2050e-07
24  1.5591e-06
25  2.8263e-06
26  9.1205e-07
27  3.0679e-07
28  1.7721e-07
29  1.2098e-07
30  1.5701e-07
31  9.2842e-08
32  2.0802e-07
33  1.8896e-07
34  2.9326e-07
35  2.5365e-07
36  1.3271e-07
37  4.1508e-07
38  3.0600e-07
39  1.1679e-07
40  1.3761e-07
41  1.5396e-07
42  1.0922e-06
43  5.3165e-07
44  8.7154e-07
45  1.1957e-06
46  1.3144e-06
47  6.2423e-07
48  9.5613e-07
49  1.6794e-07
50  4.3242e-07
51  3.2017e-07
52  4.2236e-07
53  1.6020e-07
54  2.6679e-07
55  1.5110e-07
56  6.2076e-08
57  7.8366e-08
58  7.2190e-08
59  5.7879e-08
60  5.9407e-08
61  6.1039e-08
62  1.4527e-07
63  1.4141e-07
64  1.1126e-07
65  1.2804e-07
66  1.4231e-07
67  1.7213e-07
68  1.5398e-07
69  2.4153e-07
70  1.0772e-07
71  1.8756e-07
72  2.2447e-07
73  3.7735e-07
74  3.1313e-07
75  6.4232e-07
76  7.8476e-07
77  2.4454e-06
78  2.3142e-06
79  2.5552e-06
80  1.0067e-06
81  1.4509e-06
82  9.7861e-07
83  7.7336e-07
84  6.0952e-07
85  2.4826e-07
86  4.0424e-07
87  2.7700e-07
88  3.4238e-07
89  2.6580e-07
90  2.0934e-07
91  1.5163e-07
92  1.2411e-07
93  9.9270e-08
94  3.3999e-08
95  1.5818e-07
96  6.2455e-08
97  1.6884e-07
98  5.2609e-08
99  7.2299e-08
100  1.0391e-07
101  6.2461e-08
102  7.4987e-08
103  9.8795e-08
104  8.7132e-08
105  1.5415e-07
106  8.7907e-08
107  1.2284e-07
108  4.2828e-08
109  5.6902e-08
110  1.0538e-07
111  7.0458e-08
112  1.4140e-07
113  1.7579e-07
114  3.8475e-07
115  1.2137e-07
116  1.2754e-07
117  1.7191e-07
118  1.7279e-07
119  1.1589e-07
120  2.7379e-07
121  6.3270e-07
122  7.0530e-07
123  1.0179e-06
124  7.9235e-07
125  1.0215e-06
126  9.6745e-07
127  1.5597e-06
128  2.2603e-06
129  5.7471e-06
130  3.8926e-06
131  3.6670e-06
132  7.0948e-06
133  3.4232e-06
134  3.4463e-06
135  1.8277e-06
136  2.9036e-06
137  1.8518e-06
138  4.1174e-06
139  1.4789e-06
140  7.9018e-07
141  5.7403e-07
142  2.4035e-07
143  2.5147e-07
144  1.1386e-07
145  1.3479e-07
146  5.0502e-08
147  1.7407e-07
148  1.2553e-07
149  6.0031e-08
150  7.7184e-08
151  1.2369e-07
152  1.4228e-07
153  1.5367e-07
154  1.5056e-07
155  1.6936e-07
156  1.1482e-07
157  1.5138e-07
158  1.0988e-07
159  1.0673e-07
160  1.3979e-07
161  2.2453e-07
162  1.9249e-07
163  3.4636e-07
164  3.0742e-07
165  4.1487e-07
166  2.0371e-07
167  3.2179e-07
168  2.6969e-07
169  1.7709e-07
170  1.4532e-07
171  9.1701e-08
172  9.6434e-08
173  1.3562e-07
174  2.2966e-07
175  1.3231e-07
176  1.7569e-07
177  1.4766e-07
178  1.5986e-07
179  2.2824e-07
180  1.7946e-07
181  2.0432e-07
182  2.8840e-07
183  7.8041e-08
184  1.6627e-07
185  5.7525e-08
186  1.1024e-07
187  5.4835e-08
188  6.0853e-08
189  2.7185e-08
190  8.5483e-08
191  8.7952e-08
192  2.2881e-07
193  2.5101e-07
194  1.0148e-06
195  2.0294e-06
196  5.6173e-06
197  7.4270e-06
198  1.3355e-05
199  4.4772e-06
200  8.3837e-07
201  2.1232e-07
202  7.5170e-08
203  3.5424e-08
204  4.6861e-08
205  3.6424e-09
206  3.2589e-08
207  1.3148e-07
208  3.3134e-07
209  1.4131e-07
210  1.8211e-07
211  1.8849e-11
212  5.3455e-10
213  1.5690e-11
214  1.6369e-11
215  1.4592e-17
216  1.6215e-15
217  1.8523e-16
218  1.0799e-12
219  3.2404e-14
220  6.2175e-13
221  1.6417e-12
222  1.9161e-09
223  8.0842e-09
224  3.5108e-09
225  1.5509e-08
226  4.8135e-08
227  3.4196e-08
228  6.2144e-08
229  5.6097e-08
230  8.4703e-08
231  7.5812e-08
232  1.2233e-07
233  1.0901e-07
234  1.6095e-07
235  1.7359e-07
236  3.1282e-07
237  2.0671e-07
238  3.1574e-07
239  2.5452e-07
240  4.1923e-07
241  4.8766e-07
242  3.4014e-07
243  3.0872e-07
244  1.9939e-07
245  1.4488e-07
246  1.6673e-07
247  6.6197e-08
248  9.1667e-08
249  9.7070e-08
250  1.1942e-07
251  1.6451e-07
252  7.4101e-07
253  1.8664e-07
254  2.2393e-07
255  2.0646e-07
256  1.5562e-10
257  5.4396e-08
258  2.6921e-07
259  4.0100e-08
260  1.9470e-07
261  3.8792e-07
262  4.4146e-07
263  3.8118e-07
264  5.0386e-07
265  2.3074e-07
266  5.9999e-07
267  2.0843e-07
268  1.0090e-07
269  7.5767e-07
270  2.2176e-07
271  5.1303e-07
272  3.6241e-07
273  1.0493e-06
274  3.3458e-06
275  1.6249e-06
276  2.6760e-06
277  1.1544e-06
278  1.9751e-06
279  1.6433e-06
280  1.4361e-06
281  5.0358e-07
282  1.4289e-06
283  9.1662e-08
284  3.9337e-07
285  1.2527e-08
286  2.6280e-07
287  2.6190e-07
288  4.6697e-08
289  4.2181e-08
290  6.5010e-08
291  1.2505e-13
292  1.3968e-07
293  2.3464e-08
294  1.3070e-08
295  5.0983e-09
296  4.7021e-09
297  3.0565e-09
298  6.1927e-10
299  7.1875e-11
300  1.6285e-11
301  4.8445e-09
302  2.0160e-08
303  1.0485e-08
304  3.2105e-08
305  2.0214e-08
306  6.8232e-08
307  8.4861e-08
308  7.2345e-08
309  1.0942e-07
310  7.3880e-08
311  9.9044e-08
312  6.9101e-08
313  6.0501e-08
314  6.4420e-08
315  2.8011e-08
316  1.0504e-07
317  1.6318e-08
318  2.2814e-07
319  2.3272e-08
320  7.0751e-07
321  8.8135e-10
322  4.5608e-06
323  7.8434e-10
324  8.0956e-08
325  1.1565e-09
326  1.7945e-03
327  6.5132e-08
328  8.9541e-04
329  3.7783e-09
330  3.3652e-06
331  6.0438e-14
332  0.0000e+00
333  0.0000e+00
334  0.0000e+00
335  0.0000e+00
336  0.0000e+00
337  0.0000e+00

