337
time(s) = 1000000 t9 = 7.6220077527791043e-05 rho(g/cc) = 9.4803599262217256e-10 
0  0.0000e+00
1  4.2280e-09
2  3.8694e-09
3  2.7266e-11
4  1.1335e-03
5  0.0000e+00
6  4.3074e-16
7  7.1805e-10
8  3.0008e-06
9  4.6658e-10
10  2.9136e-07
11  1.6172e-10
12  4.2756e-10
13  3.7216e-10
14  5.8208e-08
15  7.4333e-08
16  7.5255e-07
17  4.8285e-08
18  2.5807e-07
19  4.2633e-08
20  4.5498e-07
21  4.6854e-06
22  1.8764e-07
23  6.5412e-08
24  1.1854e-07
25  1.0051e-07
26  4.7836e-08
27  2.7621e-08
28  2.2945e-08
29  6.5015e-09
30  1.8157e-08
31  1.3304e-08
32  1.5019e-08
33  1.0348e-08
34  2.7095e-08
35  1.5828e-08
36  1.3821e-08
37  2.4313e-08
38  1.6483e-08
39  8.0279e-09
40  1.3800e-08
41  1.3472e-08
42  3.3732e-08
43  2.5938e-08
44  3.0773e-08
45  3.7455e-08
46  5.3208e-08
47  5.3417e-08
48  8.8550e-08
49  1.1777e-08
50  2.6043e-08
51  3.1520e-08
52  3.7398e-08
53  1.5833e-08
54  2.1207e-08
55  2.3871e-08
56  1.1510e-08
57  6.5987e-09
58  6.4764e-09
59  3.8428e-09
60  5.2317e-09
61  2.9363e-09
62  5.9716e-09
63  4.0670e-09
64  4.6299e-09
65  2.7283e-09
66  6.2133e-09
67  5.1878e-09
68  8.1374e-09
69  1.1613e-08
70  5.5402e-09
71  9.3077e-09
72  9.4563e-09
73  1.6064e-08
74  1.9290e-08
75  2.1555e-08
76  2.5544e-08
77  6.7202e-08
78  7.7733e-08
79  1.0758e-07
80  1.0834e-07
81  1.5108e-07
82  1.0567e-07
83  1.0826e-07
84  8.2327e-08
85  3.5984e-08
86  4.6521e-08
87  3.6108e-08
88  2.8157e-08
89  3.2121e-08
90  2.0907e-08
91  1.5169e-08
92  1.0315e-08
93  1.1466e-08
94  4.6195e-09
95  8.3642e-09
96  3.3451e-09
97  8.6263e-09
98  2.9386e-09
99  1.2577e-09
100  4.1310e-09
101  2.6333e-09
102  4.6283e-09
103  3.3995e-09
104  7.2924e-09
105  7.0303e-09
106  7.4641e-09
107  8.4240e-09
108  5.0943e-09
109  2.2276e-09
110  6.3093e-09
111  2.2892e-09
112  4.6111e-09
113  3.0232e-09
114  1.5463e-08
115  6.0423e-09
116  7.4602e-09
117  1.2504e-08
118  1.2291e-08
119  7.0362e-09
120  2.2174e-08
121  2.3812e-08
122  5.6012e-08
123  4.3759e-08
124  6.2686e-08
125  6.5184e-08
126  9.9247e-08
127  5.9758e-08
128  1.4681e-07
129  2.4227e-07
130  3.3142e-07
131  3.7221e-07
132  6.5839e-07
133  2.7280e-07
134  2.5120e-07
135  1.3548e-07
136  3.1826e-07
137  2.2490e-07
138  1.5081e-07
139  7.2411e-08
140  6.1097e-08
141  5.8003e-08
142  3.5634e-08
143  2.8111e-08
144  2.1348e-08
145  2.3603e-08
146  9.0680e-09
147  1.3669e-08
148  1.3817e-08
149  7.0650e-09
150  3.5852e-09
151  6.5457e-09
152  7.3775e-09
153  7.3835e-09
154  1.0071e-08
155  1.0075e-08
156  9.8005e-09
157  1.1139e-08
158  1.0988e-08
159  4.7952e-09
160  8.5182e-09
161  1.1912e-08
162  9.8862e-09
163  1.3084e-08
164  1.8094e-08
165  2.5273e-08
166  1.7243e-08
167  3.4603e-08
168  2.9123e-08
169  2.5936e-08
170  2.3776e-08
171  9.6295e-09
172  7.1370e-09
173  8.5397e-09
174  1.9980e-08
175  9.7520e-09
176  1.6280e-08
177  1.7829e-08
178  1.2091e-08
179  1.8579e-08
180  1.2996e-08
181  1.9794e-08
182  3.4380e-08
183  1.2514e-08
184  2.6913e-08
185  1.0769e-08
186  2.0212e-08
187  1.1136e-08
188  1.4395e-08
189  2.7960e-09
190  4.0022e-09
191  3.9489e-09
192  1.0241e-08
193  8.6242e-09
194  2.6240e-08
195  4.1120e-08
196  2.4457e-07
197  1.2413e-07
198  1.1169e-06
199  6.7558e-07
200  3.5121e-07
201  1.4387e-07
202  4.0483e-08
203  6.7855e-09
204  3.8308e-09
205  5.1882e-10
206  1.7024e-09
207  5.7554e-09
208  1.6215e-08
209  6.0976e-09
210  9.0858e-09
211  2.9357e-13
212  8.7510e-12
213  2.0310e-13
214  4.0051e-13
215  2.2717e-19
216  2.6543e-17
217  2.3979e-18
218  2.6421e-14
219  5.0469e-16
220  1.0178e-14
221  2.1253e-14
222  4.6882e-11
223  1.2591e-10
224  5.7472e-11
225  2.0098e-10
226  6.1586e-10
227  3.5167e-10
228  8.7451e-10
229  6.0622e-10
230  1.4228e-09
231  1.2768e-09
232  2.0420e-09
233  1.5816e-09
234  2.8364e-09
235  2.5536e-09
236  7.0395e-09
237  4.5820e-09
238  9.2266e-09
239  4.0985e-09
240  1.2390e-08
241  1.5994e-08
242  2.1159e-08
243  2.9372e-08
244  2.0874e-08
245  1.3103e-08
246  1.6391e-08
247  8.4048e-09
248  7.0290e-09
249  6.8707e-09
250  7.2858e-09
251  1.1581e-08
252  6.3388e-08
253  1.2709e-08
254  1.9857e-08
255  1.7151e-08
256  1.6467e-11
257  6.8523e-09
258  8.2255e-09
259  1.7072e-10
260  7.2957e-09
261  1.1971e-08
262  1.2007e-08
263  1.5267e-08
264  4.5658e-08
265  3.2619e-08
266  1.0215e-07
267  1.5154e-08
268  1.2467e-08
269  1.0600e-07
270  2.2891e-08
271  5.2432e-08
272  3.3387e-08
273  8.1325e-08
274  2.4130e-07
275  1.7005e-07
276  3.3009e-07
277  2.2254e-07
278  7.6876e-07
279  1.0003e-06
280  8.5949e-07
281  5.7371e-07
282  6.3476e-07
283  4.3581e-08
284  1.8923e-07
285  9.8640e-09
286  1.2895e-07
287  1.1838e-07
288  2.5823e-08
289  2.1182e-08
290  2.8189e-08
291  1.8773e-12
292  5.3151e-08
293  7.9035e-09
294  4.3256e-09
295  1.3743e-09
296  5.4396e-10
297  2.4429e-10
298  1.2456e-10
299  2.5381e-11
300  6.6351e-12
301  1.0168e-11
302  9.2270e-11
303  5.0630e-12
304  1.6659e-11
305  2.2057e-12
306  2.9824e-12
307  3.5776e-12
308  5.1258e-12
309  1.1622e-11
310  1.0920e-11
311  2.4775e-11
312  3.1554e-11
313  2.8694e-11
314  6.1392e-11
315  1.5738e-11
316  1.5431e-10
317  1.4321e-11
318  8.5652e-10
319  7.0325e-11
320  4.7922e-09
321  1.9172e-10
322  1.8705e-08
323  2.2587e-10
324  1.5506e-08
325  2.3223e-09
326  2.3108e-07
327  2.0805e-08
328  1.2283e-03
329  2.5847e-07
330  1.7853e-03
331  7.7600e-10
332  0.0000e+00
333  0.0000e+00
334  0.0000e+00
335  0.0000e+00
336  0.0000e+00
337  0.0000e+00

