337
time(s) = 1000000 t9 = 2.986628568680864e-05 rho(g/cc) = 5.7037477755381512e-11 
0  0.0000e+00
1  2.9768e-03
2  1.7189e-02
3  1.2014e-03
4  2.9976e-02
5  0.0000e+00
6  4.0528e-19
7  2.3162e-15
8  7.8331e-06
9  2.8026e-17
10  1.4126e-16
11  1.0802e-16
12  2.0251e-16
13  6.6957e-16
14  3.2779e-11
15  2.2633e-11
16  3.4475e-12
17  2.3145e-14
18  1.0362e-13
19  6.5478e-13
20  5.0827e-16
21  1.1579e-17
22  9.3190e-16
23  1.0927e-17
24  9.8873e-16
25  4.2206e-15
26  2.6938e-13
27  2.6490e-15
28  2.4786e-14
29  7.2000e-15
30  6.8297e-16
31  2.7858e-15
32  1.8985e-14
33  2.4732e-15
34  3.6227e-14
35  3.3804e-16
36  5.3349e-14
37  3.8669e-15
38  6.3433e-15
39  2.2992e-15
40  4.5877e-15
41  4.9947e-16
42  2.6734e-15
43  6.0485e-16
44  1.0613e-15
45  1.3963e-15
46  5.1908e-15
47  8.0747e-16
48  1.3299e-14
49  2.6781e-15
50  9.2007e-15
51  1.2356e-16
52  9.8128e-16
53  3.4967e-17
54  1.2954e-15
55  1.0701e-16
56  2.0632e-16
57  3.4102e-16
58  1.2940e-15
59  5.0511e-16
60  2.7082e-15
61  3.8403e-16
62  2.8132e-16
63  3.7796e-16
64  3.4710e-15
65  4.7088e-16
66  3.1148e-15
67  3.7092e-16
68  4.2204e-16
69  1.3866e-16
70  5.6636e-16
71  1.0951e-16
72  6.8022e-16
73  2.5143e-16
74  3.3964e-16
75  2.1463e-17
76  8.5432e-16
77  2.6872e-16
78  8.8660e-16
79  3.6995e-16
80  9.2677e-16
81  1.5777e-16
82  1.7504e-15
83  2.8282e-16
84  2.8025e-16
85  3.6502e-16
86  1.1979e-14
87  4.2845e-16
88  8.2262e-16
89  3.1475e-16
90  3.5146e-16
91  1.3922e-16
92  3.6699e-16
93  1.8379e-16
94  2.0344e-16
95  1.0761e-16
96  5.5587e-16
97  7.1521e-16
98  1.5688e-16
99  5.9740e-17
100  1.4483e-16
101  2.5083e-17
102  1.2566e-16
103  5.1069e-17
104  1.2988e-16
105  4.7566e-17
106  2.7690e-16
107  2.0628e-17
108  8.4900e-17
109  7.2488e-18
110  1.0365e-16
111  3.5017e-17
112  2.0554e-16
113  6.6115e-17
114  1.4292e-16
115  8.5829e-17
116  2.1776e-16
117  5.6552e-17
118  2.4796e-16
119  8.7877e-17
120  3.0133e-16
121  6.1819e-17
122  5.2830e-16
123  7.9418e-17
124  5.6330e-16
125  2.2044e-16
126  1.6540e-15
127  3.6300e-16
128  1.5327e-14
129  4.1483e-14
130  5.3541e-14
131  1.2247e-14
132  9.4376e-14
133  3.1519e-13
134  2.7587e-12
135  5.1516e-12
136  8.7090e-13
137  1.0153e-12
138  8.9149e-13
139  7.1147e-13
140  1.2655e-12
141  1.5087e-13
142  9.5417e-14
143  9.1383e-14
144  2.8846e-13
145  1.5948e-14
146  2.3865e-14
147  5.5550e-15
148  3.8283e-14
149  5.8433e-15
150  2.2491e-14
151  1.1955e-14
152  1.8089e-14
153  4.9553e-15
154  3.3486e-14
155  6.4343e-15
156  4.9924e-14
157  2.4527e-14
158  1.8803e-14
159  1.2867e-14
160  2.9857e-14
161  1.0980e-14
162  1.4639e-14
163  6.5612e-15
164  2.6501e-14
165  1.1320e-14
166  6.3212e-14
167  1.1414e-14
168  2.0072e-14
169  7.6630e-15
170  1.9719e-14
171  1.8752e-14
172  7.9209e-14
173  1.4418e-14
174  1.6340e-14
175  4.9832e-15
176  2.3136e-14
177  9.5598e-15
178  3.2463e-14
179  1.1507e-14
180  2.6337e-14
181  1.1115e-14
182  1.7845e-14
183  1.0390e-14
184  2.3768e-14
185  1.2364e-14
186  1.2357e-14
187  9.0517e-15
188  5.0885e-14
189  4.4377e-15
190  9.8211e-15
191  2.1277e-15
192  1.8380e-14
193  1.0562e-14
194  4.4064e-14
195  4.5727e-15
196  1.4759e-14
197  1.0089e-14
198  2.3401e-14
199  1.2651e-14
200  9.9485e-14
201  1.6219e-14
202  7.7868e-14
203  1.5949e-14
204  5.9091e-14
205  4.8924e-14
206  1.9232e-13
207  4.9111e-13
208  1.2721e-12
209  1.0828e-13
210  4.2515e-13
211  2.9318e-20
212  4.1886e-18
213  7.4568e-20
214  2.2541e-19
215  1.0732e-25
216  1.2114e-23
217  5.1363e-23
218  1.5065e-20
219  5.0466e-23
220  4.6453e-21
221  7.8038e-21
222  2.6386e-17
223  1.2569e-17
224  2.6231e-17
225  7.5267e-17
226  3.0242e-16
227  7.7352e-17
228  3.6632e-16
229  1.2469e-16
230  3.5397e-16
231  2.3158e-16
232  4.8355e-16
233  1.5554e-16
234  6.7381e-16
235  6.6036e-16
236  2.7122e-16
237  2.9769e-16
238  6.7518e-16
239  1.7847e-16
240  9.8924e-16
241  1.2119e-15
242  3.0207e-16
243  2.3889e-15
244  8.8619e-16
245  4.4934e-16
246  2.4774e-15
247  2.3656e-15
248  3.0976e-15
249  3.1788e-15
250  2.7069e-15
251  8.5189e-14
252  1.6751e-13
253  2.4564e-14
254  1.0162e-13
255  4.7949e-15
256  6.6678e-17
257  1.0073e-14
258  1.4191e-13
259  2.2031e-14
260  9.5991e-14
261  2.7232e-14
262  1.0157e-13
263  4.9817e-14
264  1.6363e-14
265  3.2298e-15
266  2.1017e-13
267  5.6284e-15
268  8.1751e-14
269  1.1004e-14
270  1.7328e-14
271  7.0022e-16
272  2.3005e-12
273  8.9729e-14
274  2.9609e-13
275  5.6661e-13
276  1.4871e-12
277  4.3817e-12
278  1.4167e-12
279  3.6053e-12
280  1.5532e-12
281  3.9053e-12
282  1.1702e-12
283  2.2427e-12
284  1.0645e-13
285  1.2182e-12
286  1.1025e-13
287  3.2571e-12
288  3.8974e-13
289  1.4189e-10
290  5.4125e-07
291  9.6120e-07
292  6.2358e-07
293  2.6666e-07
294  2.7355e-08
295  3.6323e-09
296  1.1283e-09
297  3.6924e-10
298  2.9508e-10
299  1.0570e-10
300  4.8066e-11
301  2.2469e-11
302  6.5316e-12
303  4.1468e-12
304  3.9184e-13
305  3.8653e-13
306  4.6820e-15
307  3.1921e-14
308  1.6673e-15
309  9.2305e-15
310  4.5972e-15
311  7.3241e-15
312  5.7022e-15
313  4.2316e-15
314  6.4010e-15
315  1.2822e-15
316  8.9633e-15
317  5.3652e-16
318  1.7069e-14
319  1.1350e-15
320  4.0668e-14
321  1.0123e-15
322  9.8880e-14
323  4.7389e-16
324  2.9161e-14
325  4.9482e-15
326  1.9284e-13
327  1.5958e-14
328  5.3728e-13
329  1.9995e-14
330  5.7758e-09
331  2.5328e-03
332  0.0000e+00
333  0.0000e+00
334  0.0000e+00
335  0.0000e+00
336  0.0000e+00
337  0.0000e+00

