337
time(s) = 1000000 t9 = 2.986628568680864e-05 rho(g/cc) = 5.7037477755381512e-11 
0  0.0000e+00
1  2.9917e-03
2  1.7321e-02
3  1.2014e-03
4  3.0156e-02
5  0.0000e+00
6  4.0977e-19
7  2.3277e-15
8  7.8331e-06
9  2.8073e-17
10  1.4165e-16
11  1.0850e-16
12  2.0425e-16
13  6.8610e-16
14  3.2662e-11
15  2.2556e-11
16  3.4412e-12
17  2.3103e-14
18  1.0437e-13
19  6.5888e-13
20  5.1175e-16
21  1.1656e-17
22  9.3765e-16
23  1.0993e-17
24  1.0845e-15
25  4.6396e-15
26  2.9739e-13
27  2.9244e-15
28  2.7370e-14
29  7.9524e-15
30  7.5421e-16
31  3.0773e-15
32  2.0968e-14
33  2.7315e-15
34  4.0036e-14
35  3.7356e-16
36  5.8946e-14
37  4.2723e-15
38  7.0044e-15
39  2.5400e-15
40  5.0735e-15
41  5.5175e-16
42  2.9535e-15
43  6.6806e-16
44  1.1720e-15
45  1.5397e-15
46  5.7376e-15
47  8.9264e-16
48  1.4697e-14
49  2.9563e-15
50  1.0173e-14
51  1.3647e-16
52  1.0849e-15
53  3.8634e-17
54  1.4306e-15
55  1.1813e-16
56  2.2779e-16
57  3.7610e-16
58  1.4285e-15
59  5.5779e-16
60  2.9921e-15
61  4.2392e-16
62  3.1081e-16
63  4.1757e-16
64  3.8348e-15
65  5.2018e-16
66  3.4414e-15
67  4.0985e-16
68  4.6647e-16
69  1.5320e-16
70  6.2570e-16
71  1.2098e-16
72  7.5079e-16
73  2.7764e-16
74  3.7556e-16
75  2.3733e-17
76  9.4370e-16
77  2.9683e-16
78  9.7797e-16
79  4.0841e-16
80  1.0246e-15
81  1.7436e-16
82  1.9338e-15
83  3.1236e-16
84  3.0991e-16
85  4.0316e-16
86  1.3241e-14
87  4.7363e-16
88  9.0859e-16
89  3.4780e-16
90  3.8843e-16
91  1.5380e-16
92  4.0490e-16
93  2.0299e-16
94  2.2489e-16
95  1.1875e-16
96  6.1380e-16
97  7.8969e-16
98  1.7339e-16
99  6.5998e-17
100  1.5998e-16
101  2.7681e-17
102  1.3868e-16
103  5.6365e-17
104  1.4340e-16
105  5.2508e-17
106  3.0584e-16
107  2.2777e-17
108  9.3769e-17
109  8.0072e-18
110  1.1447e-16
111  3.8665e-17
112  2.2682e-16
113  7.3006e-17
114  1.5785e-16
115  9.4773e-17
116  2.4051e-16
117  6.2443e-17
118  2.7374e-16
119  9.7065e-17
120  3.3285e-16
121  6.8279e-17
122  5.8355e-16
123  8.7726e-17
124  6.2221e-16
125  2.4349e-16
126  1.8149e-15
127  3.9694e-16
128  7.1196e-16
129  8.2820e-16
130  8.5251e-16
131  4.0034e-16
132  2.2952e-15
133  8.1205e-16
134  3.2417e-14
135  1.6109e-13
136  3.1864e-14
137  3.4601e-15
138  1.4463e-15
139  1.0148e-15
140  2.8305e-15
141  3.8649e-16
142  2.9139e-16
143  3.2094e-16
144  1.3216e-15
145  7.4480e-17
146  1.1774e-16
147  2.7707e-17
148  2.0331e-16
149  3.1361e-17
150  1.2520e-16
151  6.6484e-17
152  1.0320e-16
153  2.8510e-17
154  2.0094e-16
155  3.8923e-17
156  3.3057e-16
157  1.5984e-16
158  1.2374e-16
159  8.5686e-17
160  2.0476e-16
161  7.6030e-17
162  1.0320e-16
163  4.6676e-17
164  1.9431e-16
165  8.4269e-17
166  5.0472e-16
167  9.0251e-17
168  1.6275e-16
169  6.2953e-17
170  1.6638e-16
171  1.6205e-16
172  7.4281e-16
173  1.3583e-16
174  1.5718e-16
175  4.8394e-17
176  2.3170e-16
177  9.7019e-17
178  3.4892e-16
179  1.2489e-16
180  2.9152e-16
181  1.2465e-16
182  2.0430e-16
183  1.2086e-16
184  2.9113e-16
185  1.5113e-16
186  1.5211e-16
187  1.1263e-16
188  6.7229e-16
189  5.8811e-17
190  1.3381e-16
191  2.9106e-17
192  2.5656e-16
193  1.4918e-16
194  6.5127e-16
195  6.7916e-17
196  2.2548e-16
197  1.5605e-16
198  3.7317e-16
199  2.0495e-16
200  1.8132e-15
201  2.9372e-16
202  1.5773e-15
203  3.1756e-16
204  1.2590e-15
205  1.1052e-15
206  6.2712e-15
207  2.3709e-14
208  7.8832e-14
209  7.1500e-15
210  2.9452e-14
211  2.3159e-21
212  3.3022e-19
213  5.8956e-21
214  1.7818e-20
215  6.4380e-26
216  9.5752e-25
217  7.7687e-26
218  1.2121e-21
219  4.0675e-24
220  3.6716e-22
221  6.1695e-22
222  2.0857e-18
223  9.9291e-19
224  2.0732e-18
225  5.9508e-18
226  2.3925e-17
227  6.1189e-18
228  2.8989e-17
229  9.8725e-18
230  2.8020e-17
231  1.8342e-17
232  3.8327e-17
233  1.2327e-17
234  5.3429e-17
235  5.2461e-17
236  2.1511e-17
237  2.3609e-17
238  5.3592e-17
239  1.4164e-17
240  7.8553e-17
241  9.6489e-17
242  2.4000e-17
243  1.9021e-16
244  7.0670e-17
245  3.5867e-17
246  1.9746e-16
247  1.8870e-16
248  2.6261e-16
249  2.6270e-16
250  2.1788e-16
251  6.9421e-15
252  1.5041e-14
253  2.0734e-15
254  8.7820e-15
255  4.2105e-16
256  6.1963e-18
257  9.8218e-16
258  1.4968e-14
259  2.5149e-15
260  1.7254e-14
261  5.7413e-15
262  3.0052e-14
263  2.0370e-14
264  9.6308e-14
265  1.0055e-14
266  2.0405e-13
267  5.5362e-15
268  8.2389e-14
269  1.1093e-14
270  1.7540e-14
271  7.0451e-16
272  2.4114e-12
273  9.4085e-14
274  3.1087e-13
275  5.9571e-13
276  8.2481e-12
277  4.6291e-12
278  1.4782e-12
279  3.7037e-12
280  1.5863e-12
281  3.9903e-12
282  1.1949e-12
283  2.2885e-12
284  1.0862e-13
285  1.2426e-12
286  1.1245e-13
287  3.2118e-12
288  3.8281e-13
289  5.5349e-11
290  1.6065e-07
291  6.3604e-07
292  8.2865e-07
293  5.1610e-07
294  4.7420e-08
295  3.6367e-09
296  7.6868e-10
297  2.3701e-10
298  2.1599e-10
299  8.1420e-11
300  3.9346e-11
301  1.8154e-11
302  4.7708e-12
303  2.7280e-12
304  2.5554e-13
305  2.4993e-13
306  3.0271e-15
307  2.0624e-14
308  1.0772e-15
309  5.9622e-15
310  2.9692e-15
311  4.7296e-15
312  3.6817e-15
313  2.7320e-15
314  4.1320e-15
315  8.2767e-16
316  5.7847e-15
317  3.4625e-16
318  1.1012e-14
319  7.3222e-16
320  2.6212e-14
321  6.5247e-16
322  6.3592e-14
323  3.0476e-16
324  1.8742e-14
325  3.1799e-15
326  1.2341e-13
327  1.0209e-14
328  3.3978e-13
329  1.2639e-14
330  1.8924e-09
331  2.5300e-03
332  0.0000e+00
333  0.0000e+00
334  0.0000e+00
335  0.0000e+00
336  0.0000e+00
337  0.0000e+00

