337
time(s) = 1000000000000 t9 = 3.0222012681577495e-12 rho(g/cc) = 1.8149999999996003e-23 
0  0.0000e+00
1  5.3174e-12
2  2.0935e-16
3  2.0485e-20
4  2.6999e-13
5  0.0000e+00
6  2.0452e-29
7  3.9895e-19
8  8.5280e-08
9  3.5716e-23
10  2.3780e-18
11  9.0921e-21
12  1.8409e-24
13  5.7975e-26
14  8.2334e-22
15  6.2522e-24
16  1.8371e-54
17  0.0000e+00
18  7.9727e-85
19  4.6315e-94
20  7.2087e-43
21  0.0000e+00
22  0.0000e+00
23  5.8790e-43
24  0.0000e+00
25  0.0000e+00
26  0.0000e+00
27  0.0000e+00
28  0.0000e+00
29  0.0000e+00
30  0.0000e+00
31  0.0000e+00
32  0.0000e+00
33  0.0000e+00
34  0.0000e+00
35  0.0000e+00
36  0.0000e+00
37  0.0000e+00
38  0.0000e+00
39  5.7983e-174
40  1.9544e-165
41  0.0000e+00
42  7.3940e-25
43  6.7662e-24
44  3.4677e-22
45  2.7536e-23
46  2.1139e-19
47  3.3677e-19
48  2.8200e-17
49  6.6423e-19
50  1.4780e-16
51  3.5963e-18
52  8.1655e-19
53  4.9810e-20
54  8.6228e-17
55  7.2829e-19
56  3.4115e-19
57  1.6621e-18
58  4.7377e-16
59  5.6147e-17
60  1.2471e-14
61  1.3738e-15
62  1.4750e-15
63  3.1608e-15
64  4.4441e-13
65  1.2047e-13
66  5.9974e-11
67  5.8788e-12
68  3.8308e-11
69  3.4085e-11
70  4.8311e-07
71  2.3254e-08
72  8.0662e-06
73  1.3206e-06
74  2.0013e-06
75  1.7123e-05
76  1.9718e-05
77  2.2576e-05
78  1.3359e-03
79  1.7706e-04
80  1.9883e-03
81  1.1873e-03
82  8.1166e-04
83  1.5713e-05
84  3.2029e-07
85  8.6381e-09
86  9.3783e-09
87  1.2499e-09
88  1.8126e-09
89  1.1419e-10
90  1.5708e-10
91  9.5029e-11
92  2.2367e-10
93  1.6596e-09
94  1.6731e-09
95  7.8179e-10
96  3.9342e-08
97  1.5292e-08
98  8.4510e-07
99  3.4737e-07
100  1.0052e-07
101  6.3553e-08
102  3.9733e-07
103  7.1326e-08
104  2.9984e-08
105  5.7368e-08
106  1.6646e-08
107  3.2385e-09
108  1.2346e-08
109  6.7979e-09
110  4.0040e-09
111  5.5053e-09
112  1.4784e-08
113  7.6867e-09
114  1.1493e-07
115  2.8291e-08
116  4.1868e-08
117  9.4107e-08
118  6.4542e-06
119  1.0852e-06
120  1.4871e-05
121  6.0309e-06
122  1.2191e-05
123  3.5149e-06
124  1.1089e-06
125  3.6112e-06
126  6.5065e-06
127  1.9630e-05
128  3.8885e-04
129  2.9684e-04
130  1.0147e-03
131  7.2459e-04
132  1.7224e-03
133  1.1945e-05
134  2.2712e-08
135  4.7010e-11
136  6.6302e-14
137  1.1223e-16
138  4.8270e-19
139  8.6667e-21
140  6.7553e-23
141  1.4216e-24
142  2.1865e-38
143  1.2234e-31
144  6.1530e-32
145  2.2305e-36
146  3.3058e-41
147  0.0000e+00
148  0.0000e+00
149  0.0000e+00
150  0.0000e+00
151  0.0000e+00
152  0.0000e+00
153  0.0000e+00
154  0.0000e+00
155  0.0000e+00
156  0.0000e+00
157  0.0000e+00
158  0.0000e+00
159  0.0000e+00
160  0.0000e+00
161  0.0000e+00
162  0.0000e+00
163  0.0000e+00
164  0.0000e+00
165  0.0000e+00
166  0.0000e+00
167  0.0000e+00
168  0.0000e+00
169  0.0000e+00
170  0.0000e+00
171  0.0000e+00
172  0.0000e+00
173  0.0000e+00
174  0.0000e+00
175  0.0000e+00
176  0.0000e+00
177  0.0000e+00
178  0.0000e+00
179  0.0000e+00
180  0.0000e+00
181  0.0000e+00
182  0.0000e+00
183  0.0000e+00
184  0.0000e+00
185  0.0000e+00
186  0.0000e+00
187  0.0000e+00
188  0.0000e+00
189  0.0000e+00
190  0.0000e+00
191  0.0000e+00
192  0.0000e+00
193  0.0000e+00
194  0.0000e+00
195  0.0000e+00
196  0.0000e+00
197  0.0000e+00
198  0.0000e+00
199  0.0000e+00
200  0.0000e+00
201  0.0000e+00
202  0.0000e+00
203  0.0000e+00
204  0.0000e+00
205  2.2841e-40
206  4.4787e-25
207  7.8160e-25
208  0.0000e+00
209  4.6168e-25
210  3.7570e-25
211  2.8731e-25
212  0.0000e+00
213  2.2172e-39
214  4.1990e-25
215  3.5741e-33
216  0.0000e+00
217  2.4302e-25
218  3.4565e-42
219  5.8902e-30
220  0.0000e+00
221  1.3071e-27
222  1.1979e-25
223  3.0195e-25
224  0.0000e+00
225  5.2138e-26
226  1.0645e-25
227  1.1321e-25
228  3.1072e-25
229  2.2900e-25
230  4.9608e-24
231  1.5971e-24
232  1.0012e-23
233  3.9691e-24
234  7.8017e-24
235  8.7040e-24
236  6.6025e-24
237  7.4287e-24
238  2.1576e-24
239  5.0843e-24
240  3.2080e-25
241  5.6076e-24
242  2.4259e-24
243  3.5945e-25
244  3.0267e-24
245  2.9310e-25
246  1.3673e-26
247  3.8039e-25
248  2.9830e-25
249  0.0000e+00
250  0.0000e+00
251  0.0000e+00
252  0.0000e+00
253  0.0000e+00
254  0.0000e+00
255  0.0000e+00
256  0.0000e+00
257  0.0000e+00
258  0.0000e+00
259  0.0000e+00
260  0.0000e+00
261  0.0000e+00
262  0.0000e+00
263  0.0000e+00
264  0.0000e+00
265  0.0000e+00
266  0.0000e+00
267  0.0000e+00
268  0.0000e+00
269  0.0000e+00
270  0.0000e+00
271  0.0000e+00
272  0.0000e+00
273  0.0000e+00
274  0.0000e+00
275  0.0000e+00
276  0.0000e+00
277  0.0000e+00
278  0.0000e+00
279  0.0000e+00
280  0.0000e+00
281  0.0000e+00
282  0.0000e+00
283  0.0000e+00
284  0.0000e+00
285  0.0000e+00
286  0.0000e+00
287  0.0000e+00
288  0.0000e+00
289  0.0000e+00
290  0.0000e+00
291  0.0000e+00
292  0.0000e+00
293  0.0000e+00
294  0.0000e+00
295  0.0000e+00
296  0.0000e+00
297  0.0000e+00
298  0.0000e+00
299  0.0000e+00
300  0.0000e+00
301  0.0000e+00
302  0.0000e+00
303  0.0000e+00
304  0.0000e+00
305  0.0000e+00
306  0.0000e+00
307  0.0000e+00
308  0.0000e+00
309  0.0000e+00
310  0.0000e+00
311  0.0000e+00
312  0.0000e+00
313  0.0000e+00
314  0.0000e+00
315  0.0000e+00
316  0.0000e+00
317  0.0000e+00
318  0.0000e+00
319  0.0000e+00
320  0.0000e+00
321  0.0000e+00
322  0.0000e+00
323  0.0000e+00
324  0.0000e+00
325  0.0000e+00
326  0.0000e+00
327  0.0000e+00
328  0.0000e+00
329  0.0000e+00
330  0.0000e+00
331  0.0000e+00
332  0.0000e+00
333  0.0000e+00
334  0.0000e+00
335  0.0000e+00
336  0.0000e+00
337  0.0000e+00

