337
time(s) = 1000000000000 t9 = 3.0222012681577495e-12 rho(g/cc) = 1.8149999999996003e-23 
0  0.0000e+00
1  5.3262e-13
2  2.4749e-18
3  4.2412e-23
4  1.6527e-14
5  0.0000e+00
6  3.7220e-32
7  2.5233e-22
8  1.2862e-07
9  1.0692e-28
10  4.0936e-21
11  3.9129e-26
12  3.8577e-107
13  6.1583e-29
14  3.8605e-25
15  2.4761e-69
16  0.0000e+00
17  0.0000e+00
18  2.5567e-111
19  0.0000e+00
20  0.0000e+00
21  0.0000e+00
22  0.0000e+00
23  0.0000e+00
24  0.0000e+00
25  0.0000e+00
26  0.0000e+00
27  0.0000e+00
28  0.0000e+00
29  0.0000e+00
30  0.0000e+00
31  0.0000e+00
32  0.0000e+00
33  3.2896e-39
34  1.0659e-23
35  9.5697e-26
36  2.4991e-25
37  4.5174e-72
38  3.9692e-23
39  2.8260e-25
40  6.4889e-21
41  1.8815e-22
42  1.3598e-21
43  2.6033e-20
44  2.0446e-18
45  9.6109e-20
46  4.1457e-16
47  4.0036e-16
48  3.2324e-14
49  2.7505e-16
50  6.4041e-14
51  1.2835e-15
52  2.8480e-16
53  9.2644e-18
54  1.1058e-14
55  4.9810e-17
56  2.3686e-17
57  1.2615e-16
58  3.4847e-14
59  2.2966e-15
60  3.3540e-13
61  2.8895e-14
62  2.5491e-14
63  5.5377e-14
64  5.2133e-12
65  7.7457e-13
66  2.4119e-10
67  1.9013e-11
68  9.8639e-11
69  5.6814e-11
70  4.2479e-07
71  9.0047e-09
72  2.6659e-06
73  4.4701e-07
74  3.0036e-07
75  3.6869e-06
76  4.4178e-06
77  2.1307e-06
78  1.3881e-04
79  9.9451e-06
80  7.9721e-05
81  5.7354e-05
82  3.1636e-05
83  3.5285e-07
84  5.0553e-09
85  9.5345e-11
86  8.3485e-11
87  5.1220e-11
88  5.2817e-10
89  2.0818e-11
90  1.9972e-11
91  8.6387e-11
92  9.1413e-11
93  6.6806e-10
94  2.2158e-09
95  2.5501e-10
96  5.9135e-08
97  9.5179e-09
98  4.8600e-07
99  1.5707e-07
100  4.0725e-08
101  2.0527e-08
102  2.7145e-07
103  2.2574e-08
104  9.2000e-09
105  3.1030e-08
106  2.7102e-08
107  3.0336e-09
108  4.2716e-08
109  3.8146e-08
110  1.7336e-08
111  4.3758e-08
112  4.1108e-07
113  1.0568e-07
114  1.1674e-06
115  5.3770e-07
116  9.3838e-07
117  1.3835e-06
118  1.3277e-04
119  1.1800e-05
120  1.2423e-04
121  2.5802e-05
122  3.4255e-05
123  1.5558e-05
124  5.6099e-06
125  3.1130e-05
126  5.4779e-05
127  8.7048e-05
128  1.4776e-03
129  6.6337e-04
130  1.4923e-03
131  1.0640e-03
132  2.2705e-03
133  1.1204e-05
134  1.4001e-08
135  1.4292e-11
136  1.0626e-14
137  1.2875e-17
138  5.7812e-20
139  5.6586e-22
140  1.8744e-24
141  0.0000e+00
142  0.0000e+00
143  0.0000e+00
144  0.0000e+00
145  0.0000e+00
146  0.0000e+00
147  0.0000e+00
148  0.0000e+00
149  0.0000e+00
150  0.0000e+00
151  0.0000e+00
152  0.0000e+00
153  0.0000e+00
154  0.0000e+00
155  0.0000e+00
156  0.0000e+00
157  0.0000e+00
158  0.0000e+00
159  0.0000e+00
160  0.0000e+00
161  0.0000e+00
162  0.0000e+00
163  0.0000e+00
164  0.0000e+00
165  0.0000e+00
166  0.0000e+00
167  0.0000e+00
168  0.0000e+00
169  0.0000e+00
170  0.0000e+00
171  0.0000e+00
172  0.0000e+00
173  0.0000e+00
174  0.0000e+00
175  0.0000e+00
176  0.0000e+00
177  0.0000e+00
178  0.0000e+00
179  0.0000e+00
180  0.0000e+00
181  0.0000e+00
182  0.0000e+00
183  0.0000e+00
184  0.0000e+00
185  0.0000e+00
186  0.0000e+00
187  0.0000e+00
188  0.0000e+00
189  0.0000e+00
190  0.0000e+00
191  0.0000e+00
192  0.0000e+00
193  0.0000e+00
194  0.0000e+00
195  0.0000e+00
196  0.0000e+00
197  0.0000e+00
198  0.0000e+00
199  0.0000e+00
200  0.0000e+00
201  0.0000e+00
202  0.0000e+00
203  0.0000e+00
204  0.0000e+00
205  0.0000e+00
206  0.0000e+00
207  0.0000e+00
208  0.0000e+00
209  0.0000e+00
210  0.0000e+00
211  0.0000e+00
212  0.0000e+00
213  0.0000e+00
214  0.0000e+00
215  0.0000e+00
216  0.0000e+00
217  0.0000e+00
218  0.0000e+00
219  0.0000e+00
220  0.0000e+00
221  0.0000e+00
222  0.0000e+00
223  0.0000e+00
224  0.0000e+00
225  0.0000e+00
226  0.0000e+00
227  0.0000e+00
228  0.0000e+00
229  0.0000e+00
230  0.0000e+00
231  0.0000e+00
232  0.0000e+00
233  0.0000e+00
234  0.0000e+00
235  0.0000e+00
236  0.0000e+00
237  0.0000e+00
238  0.0000e+00
239  0.0000e+00
240  0.0000e+00
241  0.0000e+00
242  0.0000e+00
243  0.0000e+00
244  0.0000e+00
245  0.0000e+00
246  0.0000e+00
247  0.0000e+00
248  0.0000e+00
249  0.0000e+00
250  0.0000e+00
251  0.0000e+00
252  0.0000e+00
253  0.0000e+00
254  0.0000e+00
255  0.0000e+00
256  0.0000e+00
257  0.0000e+00
258  0.0000e+00
259  0.0000e+00
260  0.0000e+00
261  0.0000e+00
262  0.0000e+00
263  0.0000e+00
264  0.0000e+00
265  0.0000e+00
266  0.0000e+00
267  0.0000e+00
268  0.0000e+00
269  0.0000e+00
270  0.0000e+00
271  0.0000e+00
272  0.0000e+00
273  0.0000e+00
274  0.0000e+00
275  0.0000e+00
276  0.0000e+00
277  0.0000e+00
278  0.0000e+00
279  0.0000e+00
280  0.0000e+00
281  0.0000e+00
282  0.0000e+00
283  0.0000e+00
284  0.0000e+00
285  0.0000e+00
286  0.0000e+00
287  0.0000e+00
288  0.0000e+00
289  0.0000e+00
290  0.0000e+00
291  0.0000e+00
292  0.0000e+00
293  0.0000e+00
294  0.0000e+00
295  0.0000e+00
296  0.0000e+00
297  0.0000e+00
298  0.0000e+00
299  0.0000e+00
300  0.0000e+00
301  0.0000e+00
302  0.0000e+00
303  0.0000e+00
304  0.0000e+00
305  0.0000e+00
306  0.0000e+00
307  0.0000e+00
308  0.0000e+00
309  0.0000e+00
310  0.0000e+00
311  0.0000e+00
312  0.0000e+00
313  0.0000e+00
314  0.0000e+00
315  0.0000e+00
316  0.0000e+00
317  0.0000e+00
318  0.0000e+00
319  0.0000e+00
320  0.0000e+00
321  0.0000e+00
322  0.0000e+00
323  0.0000e+00
324  0.0000e+00
325  0.0000e+00
326  0.0000e+00
327  0.0000e+00
328  0.0000e+00
329  0.0000e+00
330  0.0000e+00
331  0.0000e+00
332  0.0000e+00
333  0.0000e+00
334  0.0000e+00
335  0.0000e+00
336  0.0000e+00
337  0.0000e+00

