337
time(s) = 1000000000000 t9 = 3.0222012681577495e-12 rho(g/cc) = 1.8149999999996003e-23 
0  0.0000e+00
1  8.6631e-13
2  6.4172e-18
3  2.7948e-22
4  1.2205e-14
5  0.0000e+00
6  1.0721e-31
7  2.2432e-21
8  1.3977e-07
9  5.2520e-27
10  2.9297e-20
11  3.3974e-25
12  1.5401e-51
13  7.9360e-28
14  9.5099e-25
15  1.6097e-68
16  0.0000e+00
17  0.0000e+00
18  7.5467e-111
19  0.0000e+00
20  0.0000e+00
21  0.0000e+00
22  0.0000e+00
23  0.0000e+00
24  0.0000e+00
25  0.0000e+00
26  0.0000e+00
27  0.0000e+00
28  0.0000e+00
29  0.0000e+00
30  0.0000e+00
31  0.0000e+00
32  0.0000e+00
33  1.7523e-31
34  2.0831e-23
35  8.0112e-26
36  2.6702e-25
37  1.7573e-24
38  8.2633e-23
39  2.8879e-25
40  1.0272e-20
41  3.4893e-22
42  1.8154e-21
43  3.6751e-20
44  4.3067e-18
45  1.8565e-19
46  6.6087e-16
47  6.7708e-16
48  7.0962e-14
49  6.1830e-16
50  1.0943e-13
51  2.4087e-15
52  7.3549e-16
53  2.1184e-17
54  2.2390e-14
55  1.1643e-16
56  4.4190e-17
57  2.3616e-16
58  7.9860e-14
59  4.5851e-15
60  5.9118e-13
61  5.6150e-14
62  4.8719e-14
63  1.0663e-13
64  1.2890e-11
65  1.6547e-12
66  4.5513e-10
67  4.0973e-11
68  2.7086e-10
69  1.2504e-10
70  9.5018e-07
71  2.0557e-08
72  4.5903e-06
73  1.0764e-06
74  5.0892e-07
75  7.4044e-06
76  1.2368e-05
77  4.0910e-06
78  3.1685e-04
79  2.2663e-05
80  1.4554e-04
81  1.3542e-04
82  8.9918e-05
83  1.1181e-06
84  1.5882e-08
85  2.9481e-10
86  1.7273e-10
87  4.2417e-11
88  2.4750e-10
89  1.2721e-11
90  8.1118e-12
91  4.9907e-11
92  4.4700e-11
93  2.9228e-10
94  1.5785e-09
95  1.6496e-10
96  3.3524e-08
97  5.6368e-09
98  2.1384e-07
99  7.5294e-08
100  2.0849e-08
101  8.6947e-09
102  1.2184e-07
103  1.1687e-08
104  3.6483e-09
105  1.2082e-08
106  1.3663e-08
107  1.6451e-09
108  1.6492e-08
109  1.6760e-08
110  8.4154e-09
111  1.8424e-08
112  2.0746e-07
113  5.8728e-08
114  4.9059e-07
115  2.1646e-07
116  5.0561e-07
117  5.4218e-07
118  6.8094e-05
119  6.6614e-06
120  5.1339e-05
121  1.1720e-05
122  1.1862e-05
123  9.0829e-06
124  3.5643e-06
125  1.8447e-05
126  6.1049e-05
127  8.7057e-05
128  1.5408e-03
129  6.5111e-04
130  1.2718e-03
131  9.7069e-04
132  2.4611e-03
133  1.3273e-05
134  1.8160e-08
135  2.1663e-11
136  1.7740e-14
137  2.0772e-17
138  8.7847e-20
139  9.8956e-22
140  3.8305e-24
141  0.0000e+00
142  0.0000e+00
143  0.0000e+00
144  0.0000e+00
145  0.0000e+00
146  0.0000e+00
147  0.0000e+00
148  0.0000e+00
149  0.0000e+00
150  0.0000e+00
151  0.0000e+00
152  0.0000e+00
153  0.0000e+00
154  0.0000e+00
155  0.0000e+00
156  0.0000e+00
157  0.0000e+00
158  0.0000e+00
159  0.0000e+00
160  0.0000e+00
161  0.0000e+00
162  0.0000e+00
163  0.0000e+00
164  0.0000e+00
165  0.0000e+00
166  0.0000e+00
167  0.0000e+00
168  0.0000e+00
169  0.0000e+00
170  0.0000e+00
171  0.0000e+00
172  0.0000e+00
173  0.0000e+00
174  0.0000e+00
175  0.0000e+00
176  0.0000e+00
177  0.0000e+00
178  0.0000e+00
179  0.0000e+00
180  0.0000e+00
181  0.0000e+00
182  0.0000e+00
183  0.0000e+00
184  0.0000e+00
185  0.0000e+00
186  0.0000e+00
187  0.0000e+00
188  0.0000e+00
189  0.0000e+00
190  0.0000e+00
191  0.0000e+00
192  0.0000e+00
193  0.0000e+00
194  0.0000e+00
195  0.0000e+00
196  0.0000e+00
197  0.0000e+00
198  0.0000e+00
199  0.0000e+00
200  0.0000e+00
201  0.0000e+00
202  0.0000e+00
203  0.0000e+00
204  0.0000e+00
205  0.0000e+00
206  0.0000e+00
207  0.0000e+00
208  0.0000e+00
209  0.0000e+00
210  0.0000e+00
211  0.0000e+00
212  0.0000e+00
213  0.0000e+00
214  0.0000e+00
215  0.0000e+00
216  0.0000e+00
217  0.0000e+00
218  0.0000e+00
219  0.0000e+00
220  0.0000e+00
221  0.0000e+00
222  0.0000e+00
223  0.0000e+00
224  0.0000e+00
225  0.0000e+00
226  0.0000e+00
227  0.0000e+00
228  0.0000e+00
229  0.0000e+00
230  0.0000e+00
231  0.0000e+00
232  0.0000e+00
233  0.0000e+00
234  0.0000e+00
235  0.0000e+00
236  0.0000e+00
237  0.0000e+00
238  0.0000e+00
239  0.0000e+00
240  0.0000e+00
241  0.0000e+00
242  0.0000e+00
243  0.0000e+00
244  0.0000e+00
245  0.0000e+00
246  0.0000e+00
247  0.0000e+00
248  0.0000e+00
249  0.0000e+00
250  0.0000e+00
251  0.0000e+00
252  0.0000e+00
253  0.0000e+00
254  0.0000e+00
255  0.0000e+00
256  0.0000e+00
257  0.0000e+00
258  0.0000e+00
259  0.0000e+00
260  0.0000e+00
261  0.0000e+00
262  0.0000e+00
263  0.0000e+00
264  0.0000e+00
265  0.0000e+00
266  0.0000e+00
267  0.0000e+00
268  0.0000e+00
269  0.0000e+00
270  0.0000e+00
271  0.0000e+00
272  0.0000e+00
273  0.0000e+00
274  0.0000e+00
275  0.0000e+00
276  0.0000e+00
277  0.0000e+00
278  0.0000e+00
279  0.0000e+00
280  0.0000e+00
281  0.0000e+00
282  0.0000e+00
283  0.0000e+00
284  0.0000e+00
285  0.0000e+00
286  0.0000e+00
287  0.0000e+00
288  0.0000e+00
289  0.0000e+00
290  0.0000e+00
291  0.0000e+00
292  0.0000e+00
293  0.0000e+00
294  0.0000e+00
295  0.0000e+00
296  0.0000e+00
297  0.0000e+00
298  0.0000e+00
299  0.0000e+00
300  0.0000e+00
301  0.0000e+00
302  0.0000e+00
303  0.0000e+00
304  0.0000e+00
305  0.0000e+00
306  0.0000e+00
307  0.0000e+00
308  0.0000e+00
309  0.0000e+00
310  0.0000e+00
311  0.0000e+00
312  0.0000e+00
313  0.0000e+00
314  0.0000e+00
315  0.0000e+00
316  0.0000e+00
317  0.0000e+00
318  0.0000e+00
319  0.0000e+00
320  0.0000e+00
321  0.0000e+00
322  0.0000e+00
323  0.0000e+00
324  0.0000e+00
325  0.0000e+00
326  0.0000e+00
327  0.0000e+00
328  0.0000e+00
329  0.0000e+00
330  0.0000e+00
331  0.0000e+00
332  0.0000e+00
333  0.0000e+00
334  0.0000e+00
335  0.0000e+00
336  0.0000e+00
337  0.0000e+00

