337
time(s) = 1000000000000 t9 = 3.0222012681577495e-12 rho(g/cc) = 1.8149999999996003e-23 
0  0.0000e+00
1  7.2005e-12
2  3.7481e-16
3  3.0394e-20
4  6.4528e-13
5  0.0000e+00
6  1.4292e-28
7  6.8066e-19
8  7.4630e-08
9  8.1160e-23
10  3.6077e-18
11  1.3886e-20
12  2.9364e-24
13  9.8282e-26
14  2.2261e-21
15  2.4739e-23
16  1.3108e-53
17  1.6785e-26
18  6.0156e-25
19  1.5430e-57
20  1.5079e-42
21  0.0000e+00
22  9.7595e-96
23  1.2299e-42
24  0.0000e+00
25  0.0000e+00
26  0.0000e+00
27  0.0000e+00
28  0.0000e+00
29  0.0000e+00
30  0.0000e+00
31  0.0000e+00
32  0.0000e+00
33  0.0000e+00
34  0.0000e+00
35  0.0000e+00
36  0.0000e+00
37  0.0000e+00
38  0.0000e+00
39  0.0000e+00
40  0.0000e+00
41  0.0000e+00
42  6.6564e-43
43  0.0000e+00
44  1.0056e-23
45  1.1581e-24
46  1.0301e-20
47  1.7200e-20
48  6.8776e-18
49  2.5589e-19
50  9.8624e-18
51  2.3763e-19
52  5.0367e-20
53  4.0042e-21
54  8.5206e-18
55  7.9668e-20
56  4.6731e-20
57  1.8534e-19
58  5.8125e-17
59  9.7421e-18
60  2.5027e-15
61  2.9719e-16
62  3.7554e-16
63  6.9231e-16
64  1.0477e-13
65  4.0696e-14
66  2.3404e-11
67  2.3555e-12
68  1.5980e-11
69  1.7040e-11
70  2.9967e-07
71  1.8432e-08
72  8.1574e-06
73  1.3498e-06
74  2.8959e-06
75  1.7224e-05
76  1.8496e-05
77  3.3326e-05
78  1.3261e-03
79  2.1937e-04
80  3.0806e-03
81  1.5253e-03
82  8.7438e-04
83  1.8517e-05
84  4.0786e-07
85  1.1261e-08
86  1.9397e-08
87  2.9770e-09
88  7.9457e-09
89  5.2865e-10
90  1.1166e-09
91  3.2683e-10
92  9.1960e-10
93  3.6996e-09
94  3.6078e-09
95  2.3767e-09
96  4.6358e-08
97  2.2702e-08
98  1.5418e-06
99  6.4280e-07
100  1.9720e-07
101  1.3854e-07
102  9.0730e-07
103  1.8596e-07
104  9.7576e-08
105  1.9148e-07
106  5.8410e-08
107  1.1952e-08
108  4.1502e-08
109  2.3585e-08
110  1.5651e-08
111  1.7423e-08
112  1.8512e-08
113  1.0169e-08
114  1.3424e-07
115  3.1294e-08
116  3.6743e-08
117  7.5574e-08
118  3.4329e-06
119  6.2361e-07
120  1.1219e-05
121  5.1651e-06
122  1.3996e-05
123  3.9580e-06
124  1.2313e-06
125  2.6346e-06
126  3.8118e-06
127  1.1782e-05
128  2.1542e-04
129  2.1738e-04
130  8.6612e-04
131  6.0219e-04
132  1.3171e-03
133  9.5412e-06
134  1.9132e-08
135  4.0344e-11
136  6.0267e-14
137  1.1244e-16
138  4.9784e-19
139  9.2479e-21
140  7.9544e-23
141  1.7889e-24
142  1.6362e-37
143  5.5979e-32
144  2.8155e-32
145  9.7397e-37
146  1.5247e-41
147  0.0000e+00
148  0.0000e+00
149  0.0000e+00
150  0.0000e+00
151  0.0000e+00
152  0.0000e+00
153  0.0000e+00
154  0.0000e+00
155  0.0000e+00
156  0.0000e+00
157  0.0000e+00
158  0.0000e+00
159  0.0000e+00
160  0.0000e+00
161  0.0000e+00
162  0.0000e+00
163  0.0000e+00
164  0.0000e+00
165  0.0000e+00
166  0.0000e+00
167  0.0000e+00
168  0.0000e+00
169  0.0000e+00
170  0.0000e+00
171  0.0000e+00
172  0.0000e+00
173  0.0000e+00
174  0.0000e+00
175  0.0000e+00
176  0.0000e+00
177  0.0000e+00
178  0.0000e+00
179  0.0000e+00
180  0.0000e+00
181  0.0000e+00
182  0.0000e+00
183  0.0000e+00
184  0.0000e+00
185  0.0000e+00
186  0.0000e+00
187  0.0000e+00
188  0.0000e+00
189  0.0000e+00
190  0.0000e+00
191  0.0000e+00
192  0.0000e+00
193  0.0000e+00
194  0.0000e+00
195  0.0000e+00
196  0.0000e+00
197  0.0000e+00
198  0.0000e+00
199  0.0000e+00
200  0.0000e+00
201  0.0000e+00
202  0.0000e+00
203  0.0000e+00
204  0.0000e+00
205  0.0000e+00
206  0.0000e+00
207  0.0000e+00
208  0.0000e+00
209  0.0000e+00
210  0.0000e+00
211  0.0000e+00
212  0.0000e+00
213  0.0000e+00
214  1.9970e-25
215  0.0000e+00
216  0.0000e+00
217  0.0000e+00
218  1.2093e-29
219  3.0606e-30
220  0.0000e+00
221  1.4337e-25
222  6.5943e-32
223  1.5689e-25
224  0.0000e+00
225  2.1930e-30
226  1.1030e-25
227  4.9304e-26
228  9.4971e-26
229  1.1586e-25
230  2.0743e-24
231  6.7216e-25
232  4.6180e-24
233  1.7721e-24
234  3.8939e-24
235  3.9370e-24
236  3.0774e-24
237  3.4616e-24
238  8.7370e-25
239  2.2984e-24
240  1.9752e-25
241  2.9363e-24
242  1.2461e-24
243  1.8754e-25
244  1.5552e-24
245  1.5644e-25
246  6.9455e-27
247  2.6668e-25
248  0.0000e+00
249  0.0000e+00
250  0.0000e+00
251  0.0000e+00
252  0.0000e+00
253  0.0000e+00
254  0.0000e+00
255  0.0000e+00
256  0.0000e+00
257  0.0000e+00
258  0.0000e+00
259  0.0000e+00
260  0.0000e+00
261  0.0000e+00
262  0.0000e+00
263  0.0000e+00
264  0.0000e+00
265  0.0000e+00
266  0.0000e+00
267  0.0000e+00
268  0.0000e+00
269  0.0000e+00
270  0.0000e+00
271  0.0000e+00
272  0.0000e+00
273  0.0000e+00
274  0.0000e+00
275  0.0000e+00
276  0.0000e+00
277  0.0000e+00
278  0.0000e+00
279  0.0000e+00
280  0.0000e+00
281  0.0000e+00
282  0.0000e+00
283  0.0000e+00
284  0.0000e+00
285  0.0000e+00
286  0.0000e+00
287  0.0000e+00
288  0.0000e+00
289  0.0000e+00
290  0.0000e+00
291  0.0000e+00
292  0.0000e+00
293  0.0000e+00
294  0.0000e+00
295  0.0000e+00
296  0.0000e+00
297  0.0000e+00
298  0.0000e+00
299  0.0000e+00
300  0.0000e+00
301  0.0000e+00
302  0.0000e+00
303  0.0000e+00
304  0.0000e+00
305  0.0000e+00
306  0.0000e+00
307  0.0000e+00
308  0.0000e+00
309  0.0000e+00
310  0.0000e+00
311  0.0000e+00
312  0.0000e+00
313  0.0000e+00
314  0.0000e+00
315  0.0000e+00
316  0.0000e+00
317  0.0000e+00
318  0.0000e+00
319  0.0000e+00
320  0.0000e+00
321  0.0000e+00
322  0.0000e+00
323  0.0000e+00
324  0.0000e+00
325  0.0000e+00
326  0.0000e+00
327  0.0000e+00
328  0.0000e+00
329  0.0000e+00
330  0.0000e+00
331  0.0000e+00
332  0.0000e+00
333  0.0000e+00
334  0.0000e+00
335  0.0000e+00
336  0.0000e+00
337  0.0000e+00

