337
time(s) = 1000000000000 t9 = 3.0222012681577495e-12 rho(g/cc) = 1.8149999999996003e-23 
0  0.0000e+00
1  1.8847e-12
2  2.8398e-17
3  4.1502e-21
4  1.2132e-14
5  0.0000e+00
6  2.2880e-31
7  5.2955e-20
8  1.1942e-07
9  1.3920e-24
10  4.9010e-19
11  1.2873e-21
12  8.6847e-26
13  1.2279e-26
14  5.2994e-24
15  1.0799e-28
16  0.0000e+00
17  0.0000e+00
18  3.5860e-88
19  0.0000e+00
20  0.0000e+00
21  0.0000e+00
22  0.0000e+00
23  0.0000e+00
24  0.0000e+00
25  0.0000e+00
26  0.0000e+00
27  0.0000e+00
28  0.0000e+00
29  0.0000e+00
30  0.0000e+00
31  0.0000e+00
32  5.4465e-47
33  0.0000e+00
34  0.0000e+00
35  2.1279e-25
36  2.4696e-25
37  1.6737e-74
38  5.3058e-24
39  1.6107e-26
40  8.0771e-22
41  2.8086e-23
42  1.7281e-22
43  3.6487e-21
44  4.8154e-19
45  2.3257e-20
46  9.1010e-17
47  1.1481e-16
48  1.4480e-14
49  1.4747e-16
50  2.6778e-14
51  6.3856e-16
52  2.2543e-16
53  7.4127e-18
54  8.3917e-15
55  5.2116e-17
56  1.8397e-17
57  1.0059e-16
58  3.1954e-14
59  2.0436e-15
60  2.8508e-13
61  2.8720e-14
62  2.5843e-14
63  5.8919e-14
64  8.5287e-12
65  1.2185e-12
66  3.6875e-10
67  3.5790e-11
68  2.6498e-10
69  1.3189e-10
70  1.1763e-06
71  3.1983e-08
72  6.8026e-06
73  1.6206e-06
74  9.0348e-07
75  1.3040e-05
76  2.4343e-05
77  8.8036e-06
78  7.6450e-04
79  6.3173e-05
80  4.2441e-04
81  4.0808e-04
82  3.3689e-04
83  5.0351e-06
84  8.4781e-08
85  1.7755e-09
86  1.0396e-09
87  1.4743e-10
88  1.3091e-10
89  6.9710e-12
90  4.5294e-12
91  1.8588e-11
92  1.9772e-11
93  1.3513e-10
94  5.3515e-10
95  7.4594e-11
96  1.3150e-08
97  2.8204e-09
98  1.0071e-07
99  3.8060e-08
100  1.0419e-08
101  4.6588e-09
102  5.0837e-08
103  6.0865e-09
104  1.8069e-09
105  5.1427e-09
106  4.6843e-09
107  7.0131e-10
108  6.1319e-09
109  5.2999e-09
110  3.0349e-09
111  6.6870e-09
112  6.2014e-08
113  2.1929e-08
114  1.8986e-07
115  6.8566e-08
116  1.6636e-07
117  2.0347e-07
118  2.6210e-05
119  3.1514e-06
120  2.3886e-05
121  6.6360e-06
122  6.9881e-06
123  4.1142e-06
124  1.7693e-06
125  9.2615e-06
126  3.6238e-05
127  6.1375e-05
128  1.1520e-03
129  5.3316e-04
130  1.1432e-03
131  8.8872e-04
132  2.5032e-03
133  1.5102e-05
134  2.3579e-08
135  3.6032e-11
136  3.6374e-14
137  4.6333e-17
138  1.8955e-19
139  2.6302e-21
140  1.3507e-23
141  3.5575e-39
142  0.0000e+00
143  0.0000e+00
144  0.0000e+00
145  0.0000e+00
146  0.0000e+00
147  0.0000e+00
148  0.0000e+00
149  0.0000e+00
150  0.0000e+00
151  0.0000e+00
152  0.0000e+00
153  0.0000e+00
154  0.0000e+00
155  0.0000e+00
156  0.0000e+00
157  0.0000e+00
158  0.0000e+00
159  0.0000e+00
160  0.0000e+00
161  0.0000e+00
162  0.0000e+00
163  0.0000e+00
164  0.0000e+00
165  0.0000e+00
166  0.0000e+00
167  0.0000e+00
168  0.0000e+00
169  0.0000e+00
170  0.0000e+00
171  0.0000e+00
172  0.0000e+00
173  0.0000e+00
174  0.0000e+00
175  0.0000e+00
176  0.0000e+00
177  0.0000e+00
178  0.0000e+00
179  0.0000e+00
180  0.0000e+00
181  0.0000e+00
182  0.0000e+00
183  0.0000e+00
184  0.0000e+00
185  0.0000e+00
186  0.0000e+00
187  0.0000e+00
188  0.0000e+00
189  0.0000e+00
190  0.0000e+00
191  0.0000e+00
192  0.0000e+00
193  0.0000e+00
194  0.0000e+00
195  0.0000e+00
196  0.0000e+00
197  0.0000e+00
198  0.0000e+00
199  0.0000e+00
200  0.0000e+00
201  0.0000e+00
202  0.0000e+00
203  0.0000e+00
204  0.0000e+00
205  0.0000e+00
206  0.0000e+00
207  0.0000e+00
208  0.0000e+00
209  0.0000e+00
210  0.0000e+00
211  0.0000e+00
212  0.0000e+00
213  0.0000e+00
214  0.0000e+00
215  0.0000e+00
216  0.0000e+00
217  0.0000e+00
218  0.0000e+00
219  0.0000e+00
220  0.0000e+00
221  0.0000e+00
222  0.0000e+00
223  0.0000e+00
224  0.0000e+00
225  0.0000e+00
226  0.0000e+00
227  0.0000e+00
228  0.0000e+00
229  0.0000e+00
230  0.0000e+00
231  0.0000e+00
232  0.0000e+00
233  0.0000e+00
234  0.0000e+00
235  0.0000e+00
236  0.0000e+00
237  0.0000e+00
238  0.0000e+00
239  0.0000e+00
240  0.0000e+00
241  0.0000e+00
242  0.0000e+00
243  0.0000e+00
244  0.0000e+00
245  0.0000e+00
246  0.0000e+00
247  0.0000e+00
248  0.0000e+00
249  0.0000e+00
250  0.0000e+00
251  0.0000e+00
252  0.0000e+00
253  0.0000e+00
254  0.0000e+00
255  0.0000e+00
256  0.0000e+00
257  0.0000e+00
258  0.0000e+00
259  0.0000e+00
260  0.0000e+00
261  0.0000e+00
262  0.0000e+00
263  0.0000e+00
264  0.0000e+00
265  0.0000e+00
266  0.0000e+00
267  0.0000e+00
268  0.0000e+00
269  0.0000e+00
270  0.0000e+00
271  0.0000e+00
272  0.0000e+00
273  0.0000e+00
274  0.0000e+00
275  0.0000e+00
276  0.0000e+00
277  0.0000e+00
278  0.0000e+00
279  0.0000e+00
280  0.0000e+00
281  0.0000e+00
282  0.0000e+00
283  0.0000e+00
284  0.0000e+00
285  0.0000e+00
286  0.0000e+00
287  0.0000e+00
288  0.0000e+00
289  0.0000e+00
290  0.0000e+00
291  0.0000e+00
292  0.0000e+00
293  0.0000e+00
294  0.0000e+00
295  0.0000e+00
296  0.0000e+00
297  0.0000e+00
298  0.0000e+00
299  0.0000e+00
300  0.0000e+00
301  0.0000e+00
302  0.0000e+00
303  0.0000e+00
304  0.0000e+00
305  0.0000e+00
306  0.0000e+00
307  0.0000e+00
308  0.0000e+00
309  0.0000e+00
310  0.0000e+00
311  0.0000e+00
312  0.0000e+00
313  0.0000e+00
314  0.0000e+00
315  0.0000e+00
316  0.0000e+00
317  0.0000e+00
318  0.0000e+00
319  0.0000e+00
320  0.0000e+00
321  0.0000e+00
322  0.0000e+00
323  0.0000e+00
324  0.0000e+00
325  0.0000e+00
326  0.0000e+00
327  0.0000e+00
328  0.0000e+00
329  0.0000e+00
330  0.0000e+00
331  0.0000e+00
332  0.0000e+00
333  0.0000e+00
334  0.0000e+00
335  0.0000e+00
336  0.0000e+00
337  0.0000e+00

