337
time(s) = 1000000000000 t9 = 3.0222012681577495e-12 rho(g/cc) = 1.8149999999996003e-23 
0  0.0000e+00
1  2.6507e-12
2  5.4717e-17
3  7.6863e-21
4  2.3737e-14
5  0.0000e+00
6  3.0587e-31
7  1.1214e-19
8  1.0803e-07
9  4.8149e-24
10  8.9276e-19
11  2.8317e-21
12  4.4498e-25
13  1.7488e-26
14  4.2561e-23
15  2.1182e-28
16  6.9338e-101
17  0.0000e+00
18  6.7104e-87
19  0.0000e+00
20  4.0401e-54
21  0.0000e+00
22  0.0000e+00
23  3.2555e-54
24  0.0000e+00
25  0.0000e+00
26  0.0000e+00
27  0.0000e+00
28  0.0000e+00
29  0.0000e+00
30  0.0000e+00
31  0.0000e+00
32  0.0000e+00
33  0.0000e+00
34  0.0000e+00
35  0.0000e+00
36  0.0000e+00
37  0.0000e+00
38  1.0229e-89
39  9.2952e-31
40  1.4327e-22
41  4.6177e-24
42  3.7553e-23
43  7.9198e-22
44  8.4843e-20
45  4.6365e-21
46  2.1303e-17
47  2.9408e-17
48  3.4493e-15
49  3.9375e-17
50  8.1842e-15
51  1.9806e-16
52  6.2384e-17
53  2.3913e-18
54  2.9985e-15
55  2.0432e-17
56  7.5019e-18
57  4.1544e-17
58  1.2266e-14
59  9.0093e-16
60  1.4185e-13
61  1.4481e-14
62  1.3345e-14
63  3.1002e-14
64  4.4273e-12
65  7.2932e-13
66  2.5217e-10
67  2.4494e-11
68  1.7387e-10
69  1.0132e-10
70  1.0132e-06
71  3.2266e-08
72  7.5469e-06
73  1.5851e-06
74  1.1475e-06
75  1.5223e-05
76  2.5090e-05
77  1.1792e-05
78  9.9900e-04
79  9.2582e-05
80  7.0365e-04
81  6.0393e-04
82  4.9584e-04
83  8.0202e-06
84  1.4406e-07
85  3.3171e-09
86  2.1483e-09
87  2.8840e-10
88  2.0127e-10
89  1.1121e-11
90  8.1257e-12
91  1.9714e-11
92  2.5807e-11
93  1.8908e-10
94  4.9676e-10
95  9.0556e-11
96  1.4547e-08
97  3.6839e-09
98  1.4340e-07
99  5.5394e-08
100  1.4857e-08
101  7.3849e-09
102  5.8371e-08
103  7.8128e-09
104  2.4425e-09
105  5.6111e-09
106  3.3304e-09
107  5.5805e-10
108  4.6816e-09
109  3.4545e-09
110  2.0579e-09
111  4.5963e-09
112  3.5113e-08
113  1.4071e-08
114  1.4191e-07
115  4.5634e-08
116  1.0157e-07
117  1.5404e-07
118  1.7940e-05
119  2.4160e-06
120  2.0756e-05
121  6.4634e-06
122  7.8713e-06
123  3.2786e-06
124  1.3483e-06
125  7.0029e-06
126  2.2666e-05
127  4.6334e-05
128  9.0200e-04
129  4.6309e-04
130  1.1287e-03
131  8.5939e-04
132  2.3489e-03
133  1.4805e-05
134  2.4622e-08
135  4.2614e-11
136  4.8241e-14
137  6.6293e-17
138  2.7221e-19
139  4.1759e-21
140  2.4699e-23
141  3.1001e-25
142  4.9146e-41
143  6.1054e-32
144  3.0707e-32
145  1.4974e-36
146  2.1011e-41
147  0.0000e+00
148  0.0000e+00
149  0.0000e+00
150  0.0000e+00
151  0.0000e+00
152  0.0000e+00
153  0.0000e+00
154  0.0000e+00
155  0.0000e+00
156  0.0000e+00
157  0.0000e+00
158  0.0000e+00
159  0.0000e+00
160  0.0000e+00
161  0.0000e+00
162  0.0000e+00
163  0.0000e+00
164  0.0000e+00
165  0.0000e+00
166  0.0000e+00
167  0.0000e+00
168  0.0000e+00
169  0.0000e+00
170  0.0000e+00
171  0.0000e+00
172  0.0000e+00
173  0.0000e+00
174  0.0000e+00
175  0.0000e+00
176  0.0000e+00
177  0.0000e+00
178  0.0000e+00
179  0.0000e+00
180  0.0000e+00
181  0.0000e+00
182  0.0000e+00
183  0.0000e+00
184  0.0000e+00
185  0.0000e+00
186  0.0000e+00
187  0.0000e+00
188  0.0000e+00
189  0.0000e+00
190  0.0000e+00
191  0.0000e+00
192  0.0000e+00
193  0.0000e+00
194  0.0000e+00
195  0.0000e+00
196  0.0000e+00
197  0.0000e+00
198  0.0000e+00
199  0.0000e+00
200  0.0000e+00
201  0.0000e+00
202  0.0000e+00
203  0.0000e+00
204  0.0000e+00
205  2.6133e-40
206  4.5975e-25
207  8.1686e-25
208  0.0000e+00
209  5.2002e-25
210  3.7531e-25
211  3.3346e-25
212  1.7050e-25
213  2.3768e-39
214  2.6699e-25
215  2.3855e-52
216  7.9739e-49
217  0.0000e+00
218  1.6169e-29
219  5.4861e-30
220  0.0000e+00
221  2.4124e-25
222  8.8163e-32
223  2.8123e-25
224  0.0000e+00
225  3.4606e-30
226  2.0713e-25
227  1.0256e-25
228  5.3674e-25
229  1.6265e-25
230  4.3843e-24
231  1.4302e-24
232  6.3633e-24
233  2.0626e-24
234  3.0731e-24
235  5.4302e-24
236  3.0158e-24
237  4.9158e-24
238  1.9597e-24
239  3.5204e-24
240  1.3567e-25
241  2.2535e-24
242  5.5955e-25
243  1.8381e-25
244  1.6261e-24
245  1.2569e-25
246  9.5824e-28
247  0.0000e+00
248  0.0000e+00
249  0.0000e+00
250  0.0000e+00
251  0.0000e+00
252  0.0000e+00
253  0.0000e+00
254  0.0000e+00
255  0.0000e+00
256  0.0000e+00
257  0.0000e+00
258  0.0000e+00
259  0.0000e+00
260  0.0000e+00
261  0.0000e+00
262  0.0000e+00
263  0.0000e+00
264  0.0000e+00
265  0.0000e+00
266  0.0000e+00
267  0.0000e+00
268  0.0000e+00
269  0.0000e+00
270  0.0000e+00
271  0.0000e+00
272  0.0000e+00
273  0.0000e+00
274  0.0000e+00
275  0.0000e+00
276  0.0000e+00
277  0.0000e+00
278  0.0000e+00
279  0.0000e+00
280  0.0000e+00
281  0.0000e+00
282  0.0000e+00
283  0.0000e+00
284  0.0000e+00
285  0.0000e+00
286  0.0000e+00
287  0.0000e+00
288  0.0000e+00
289  0.0000e+00
290  0.0000e+00
291  0.0000e+00
292  0.0000e+00
293  0.0000e+00
294  0.0000e+00
295  0.0000e+00
296  0.0000e+00
297  0.0000e+00
298  0.0000e+00
299  0.0000e+00
300  0.0000e+00
301  0.0000e+00
302  0.0000e+00
303  0.0000e+00
304  0.0000e+00
305  0.0000e+00
306  0.0000e+00
307  0.0000e+00
308  0.0000e+00
309  0.0000e+00
310  0.0000e+00
311  0.0000e+00
312  0.0000e+00
313  0.0000e+00
314  0.0000e+00
315  0.0000e+00
316  0.0000e+00
317  0.0000e+00
318  0.0000e+00
319  0.0000e+00
320  0.0000e+00
321  0.0000e+00
322  0.0000e+00
323  0.0000e+00
324  0.0000e+00
325  0.0000e+00
326  0.0000e+00
327  0.0000e+00
328  0.0000e+00
329  0.0000e+00
330  0.0000e+00
331  0.0000e+00
332  0.0000e+00
333  0.0000e+00
334  0.0000e+00
335  0.0000e+00
336  0.0000e+00
337  0.0000e+00

