337
time(s) = 1000000000000 t9 = 3.0222012681577495e-12 rho(g/cc) = 1.8149999999996003e-23 
0  0.0000e+00
1  9.2588e-12
2  6.0549e-16
3  4.2846e-20
4  1.0890e-12
5  0.0000e+00
6  4.5934e-28
7  1.0980e-18
8  6.4666e-08
9  1.6822e-22
10  5.2952e-18
11  2.0251e-20
12  4.3754e-24
13  1.8304e-25
14  4.2499e-21
15  6.6369e-23
16  3.3951e-53
17  3.9648e-26
18  2.0859e-24
19  5.4671e-57
20  3.2578e-42
21  0.0000e+00
22  1.3123e-94
23  2.6570e-42
24  0.0000e+00
25  0.0000e+00
26  0.0000e+00
27  0.0000e+00
28  0.0000e+00
29  0.0000e+00
30  0.0000e+00
31  0.0000e+00
32  0.0000e+00
33  0.0000e+00
34  0.0000e+00
35  0.0000e+00
36  0.0000e+00
37  0.0000e+00
38  0.0000e+00
39  0.0000e+00
40  0.0000e+00
41  0.0000e+00
42  0.0000e+00
43  0.0000e+00
44  6.1250e-26
45  1.7953e-26
46  4.2073e-22
47  7.5762e-22
48  3.8938e-20
49  2.7308e-21
50  5.4671e-19
51  1.3397e-20
52  3.0147e-21
53  3.0578e-22
54  8.3353e-19
55  8.5725e-21
56  6.6803e-21
57  1.9390e-20
58  6.9990e-18
59  1.7809e-18
60  4.9583e-16
61  6.5552e-17
62  1.0104e-16
63  1.4716e-16
64  2.5766e-14
65  1.5354e-14
66  9.4677e-12
67  1.0035e-12
68  7.3783e-12
69  9.1231e-12
70  1.9300e-07
71  1.5884e-08
72  8.6760e-06
73  1.6162e-06
74  4.6104e-06
75  1.7902e-05
76  2.0982e-05
77  5.2124e-05
78  1.2040e-03
79  2.5395e-04
80  4.3801e-03
81  1.8362e-03
82  8.4199e-04
83  1.9447e-05
84  4.8612e-07
85  1.3526e-08
86  4.1938e-08
87  9.2733e-09
88  3.7172e-08
89  2.6147e-09
90  8.5151e-09
91  2.2587e-09
92  7.4202e-09
93  7.0959e-09
94  7.2114e-09
95  5.8556e-09
96  4.2435e-08
97  2.6049e-08
98  2.1066e-06
99  8.7787e-07
100  2.8475e-07
101  2.1651e-07
102  1.4827e-06
103  3.3930e-07
104  2.2721e-07
105  4.3815e-07
106  1.4006e-07
107  2.9260e-08
108  9.9157e-08
109  5.9226e-08
110  4.6227e-08
111  4.6586e-08
112  3.3003e-08
113  1.7667e-08
114  1.6272e-07
115  3.7883e-08
116  3.9294e-08
117  6.1074e-08
118  1.7407e-06
119  3.3369e-07
120  7.6519e-06
121  3.9825e-06
122  1.4105e-05
123  3.9930e-06
124  1.3156e-06
125  1.9756e-06
126  2.6607e-06
127  7.0489e-06
128  1.0876e-04
129  1.4887e-04
130  6.6849e-04
131  4.5530e-04
132  9.1920e-04
133  6.9081e-06
134  1.4425e-08
135  3.0281e-11
136  4.5992e-14
137  9.2550e-17
138  4.1709e-19
139  7.8313e-21
140  7.2192e-23
141  1.7041e-24
142  8.7516e-38
143  2.1575e-32
144  1.0851e-32
145  3.1975e-37
146  6.3990e-42
147  0.0000e+00
148  0.0000e+00
149  0.0000e+00
150  0.0000e+00
151  0.0000e+00
152  0.0000e+00
153  0.0000e+00
154  0.0000e+00
155  0.0000e+00
156  0.0000e+00
157  0.0000e+00
158  0.0000e+00
159  0.0000e+00
160  0.0000e+00
161  0.0000e+00
162  0.0000e+00
163  0.0000e+00
164  0.0000e+00
165  0.0000e+00
166  0.0000e+00
167  0.0000e+00
168  0.0000e+00
169  0.0000e+00
170  0.0000e+00
171  0.0000e+00
172  0.0000e+00
173  0.0000e+00
174  0.0000e+00
175  0.0000e+00
176  0.0000e+00
177  0.0000e+00
178  0.0000e+00
179  0.0000e+00
180  0.0000e+00
181  0.0000e+00
182  0.0000e+00
183  0.0000e+00
184  0.0000e+00
185  0.0000e+00
186  0.0000e+00
187  0.0000e+00
188  0.0000e+00
189  0.0000e+00
190  0.0000e+00
191  0.0000e+00
192  0.0000e+00
193  0.0000e+00
194  0.0000e+00
195  0.0000e+00
196  0.0000e+00
197  0.0000e+00
198  0.0000e+00
199  0.0000e+00
200  0.0000e+00
201  0.0000e+00
202  0.0000e+00
203  0.0000e+00
204  0.0000e+00
205  0.0000e+00
206  0.0000e+00
207  0.0000e+00
208  0.0000e+00
209  0.0000e+00
210  0.0000e+00
211  0.0000e+00
212  0.0000e+00
213  0.0000e+00
214  0.0000e+00
215  0.0000e+00
216  0.0000e+00
217  0.0000e+00
218  0.0000e+00
219  0.0000e+00
220  0.0000e+00
221  0.0000e+00
222  0.0000e+00
223  0.0000e+00
224  0.0000e+00
225  0.0000e+00
226  9.2327e-26
227  5.6537e-26
228  3.0250e-30
229  7.9854e-26
230  8.3499e-25
231  2.4342e-25
232  1.9380e-24
233  5.4768e-25
234  1.5519e-24
235  1.4775e-24
236  1.0702e-24
237  1.5980e-24
238  2.7813e-25
239  8.3306e-25
240  1.3770e-25
241  1.4447e-24
242  3.6484e-25
243  9.8467e-321
244  7.4861e-25
245  8.3506e-26
246  0.0000e+00
247  0.0000e+00
248  0.0000e+00
249  0.0000e+00
250  0.0000e+00
251  0.0000e+00
252  0.0000e+00
253  0.0000e+00
254  0.0000e+00
255  0.0000e+00
256  0.0000e+00
257  0.0000e+00
258  0.0000e+00
259  0.0000e+00
260  0.0000e+00
261  0.0000e+00
262  0.0000e+00
263  0.0000e+00
264  0.0000e+00
265  0.0000e+00
266  0.0000e+00
267  0.0000e+00
268  0.0000e+00
269  0.0000e+00
270  0.0000e+00
271  0.0000e+00
272  0.0000e+00
273  0.0000e+00
274  0.0000e+00
275  0.0000e+00
276  0.0000e+00
277  0.0000e+00
278  0.0000e+00
279  0.0000e+00
280  0.0000e+00
281  0.0000e+00
282  0.0000e+00
283  0.0000e+00
284  0.0000e+00
285  0.0000e+00
286  0.0000e+00
287  0.0000e+00
288  0.0000e+00
289  0.0000e+00
290  0.0000e+00
291  0.0000e+00
292  0.0000e+00
293  0.0000e+00
294  0.0000e+00
295  0.0000e+00
296  0.0000e+00
297  0.0000e+00
298  0.0000e+00
299  0.0000e+00
300  0.0000e+00
301  0.0000e+00
302  0.0000e+00
303  0.0000e+00
304  0.0000e+00
305  0.0000e+00
306  0.0000e+00
307  0.0000e+00
308  0.0000e+00
309  0.0000e+00
310  0.0000e+00
311  0.0000e+00
312  0.0000e+00
313  0.0000e+00
314  0.0000e+00
315  0.0000e+00
316  0.0000e+00
317  0.0000e+00
318  0.0000e+00
319  0.0000e+00
320  0.0000e+00
321  0.0000e+00
322  0.0000e+00
323  0.0000e+00
324  0.0000e+00
325  0.0000e+00
326  0.0000e+00
327  0.0000e+00
328  0.0000e+00
329  0.0000e+00
330  0.0000e+00
331  0.0000e+00
332  0.0000e+00
333  0.0000e+00
334  0.0000e+00
335  0.0000e+00
336  0.0000e+00
337  0.0000e+00

