337
time(s) = 1000000000000 t9 = 3.0222012681577495e-12 rho(g/cc) = 1.8149999999996003e-23 
0  0.0000e+00
1  1.1038e-12
2  1.0213e-17
3  9.4406e-22
4  1.0889e-14
5  0.0000e+00
6  2.1234e-31
7  8.3548e-21
8  1.3766e-07
9  6.0658e-26
10  9.8090e-20
11  1.2511e-24
12  5.8693e-51
13  2.8600e-27
14  3.2664e-23
15  1.6893e-52
16  0.0000e+00
17  0.0000e+00
18  2.7611e-87
19  0.0000e+00
20  0.0000e+00
21  0.0000e+00
22  0.0000e+00
23  0.0000e+00
24  0.0000e+00
25  0.0000e+00
26  0.0000e+00
27  0.0000e+00
28  0.0000e+00
29  0.0000e+00
30  0.0000e+00
31  0.0000e+00
32  0.0000e+00
33  1.7837e-39
34  1.0355e-23
35  1.0176e-73
36  6.9960e-26
37  3.0188e-220
38  4.5664e-23
39  2.6719e-25
40  5.5850e-21
41  1.9839e-22
42  9.9783e-22
43  2.0619e-20
44  2.8000e-18
45  1.2130e-19
46  4.2340e-16
47  4.6367e-16
48  5.4848e-14
49  4.9300e-16
50  8.3408e-14
51  1.9122e-15
52  6.6092e-16
53  1.9065e-17
54  1.9977e-14
55  1.0973e-16
56  3.9443e-17
57  2.1057e-16
58  7.2230e-14
59  4.1315e-15
60  5.2658e-13
61  5.1610e-14
62  4.5247e-14
63  9.9753e-14
64  1.3409e-11
65  1.7119e-12
66  4.6685e-10
67  4.3878e-11
68  3.1492e-10
69  1.4056e-10
70  1.1079e-06
71  2.5156e-08
72  5.2667e-06
73  1.3283e-06
74  6.0802e-07
75  9.0794e-06
76  1.7020e-05
77  5.2807e-06
78  4.3500e-04
79  3.2047e-05
80  1.9888e-04
81  1.9810e-04
82  1.4670e-04
83  1.9413e-06
84  2.9135e-08
85  5.4960e-10
86  3.0749e-10
87  5.5317e-11
88  1.7906e-10
89  9.5654e-12
90  5.8202e-12
91  3.5303e-11
92  3.1679e-11
93  2.0386e-10
94  1.1452e-09
95  1.2494e-10
96  2.3919e-08
97  4.2443e-09
98  1.5036e-07
99  5.4434e-08
100  1.5245e-08
101  6.2298e-09
102  8.5451e-08
103  8.7484e-09
104  2.5899e-09
105  8.3102e-09
106  9.5555e-09
107  1.2166e-09
108  1.1179e-08
109  1.1240e-08
110  5.9041e-09
111  1.2610e-08
112  1.4267e-07
113  4.2837e-08
114  3.4133e-07
115  1.4240e-07
116  3.5313e-07
117  3.6606e-07
118  4.8216e-05
119  4.9833e-06
120  3.6124e-05
121  8.6939e-06
122  8.4525e-06
123  6.9268e-06
124  2.8232e-06
125  1.4407e-05
126  5.6968e-05
127  8.1535e-05
128  1.4622e-03
129  6.2293e-04
130  1.2034e-03
131  9.3575e-04
132  2.5343e-03
133  1.4230e-05
134  2.0305e-08
135  2.5988e-11
136  2.2532e-14
137  2.6708e-17
138  1.1101e-19
139  1.3288e-21
140  5.5746e-24
141  0.0000e+00
142  0.0000e+00
143  0.0000e+00
144  0.0000e+00
145  0.0000e+00
146  0.0000e+00
147  0.0000e+00
148  0.0000e+00
149  0.0000e+00
150  0.0000e+00
151  0.0000e+00
152  0.0000e+00
153  0.0000e+00
154  0.0000e+00
155  0.0000e+00
156  0.0000e+00
157  0.0000e+00
158  0.0000e+00
159  0.0000e+00
160  0.0000e+00
161  0.0000e+00
162  0.0000e+00
163  0.0000e+00
164  0.0000e+00
165  0.0000e+00
166  0.0000e+00
167  0.0000e+00
168  0.0000e+00
169  0.0000e+00
170  0.0000e+00
171  0.0000e+00
172  0.0000e+00
173  0.0000e+00
174  0.0000e+00
175  0.0000e+00
176  0.0000e+00
177  0.0000e+00
178  0.0000e+00
179  0.0000e+00
180  0.0000e+00
181  0.0000e+00
182  0.0000e+00
183  0.0000e+00
184  0.0000e+00
185  0.0000e+00
186  0.0000e+00
187  0.0000e+00
188  0.0000e+00
189  0.0000e+00
190  0.0000e+00
191  0.0000e+00
192  0.0000e+00
193  0.0000e+00
194  0.0000e+00
195  0.0000e+00
196  0.0000e+00
197  0.0000e+00
198  0.0000e+00
199  0.0000e+00
200  0.0000e+00
201  0.0000e+00
202  0.0000e+00
203  0.0000e+00
204  0.0000e+00
205  0.0000e+00
206  0.0000e+00
207  0.0000e+00
208  0.0000e+00
209  0.0000e+00
210  0.0000e+00
211  0.0000e+00
212  0.0000e+00
213  0.0000e+00
214  0.0000e+00
215  0.0000e+00
216  0.0000e+00
217  0.0000e+00
218  0.0000e+00
219  0.0000e+00
220  0.0000e+00
221  0.0000e+00
222  0.0000e+00
223  0.0000e+00
224  0.0000e+00
225  0.0000e+00
226  0.0000e+00
227  0.0000e+00
228  0.0000e+00
229  0.0000e+00
230  0.0000e+00
231  0.0000e+00
232  0.0000e+00
233  0.0000e+00
234  0.0000e+00
235  0.0000e+00
236  0.0000e+00
237  0.0000e+00
238  0.0000e+00
239  0.0000e+00
240  0.0000e+00
241  0.0000e+00
242  0.0000e+00
243  0.0000e+00
244  0.0000e+00
245  0.0000e+00
246  0.0000e+00
247  0.0000e+00
248  0.0000e+00
249  0.0000e+00
250  0.0000e+00
251  0.0000e+00
252  0.0000e+00
253  0.0000e+00
254  0.0000e+00
255  0.0000e+00
256  0.0000e+00
257  0.0000e+00
258  0.0000e+00
259  0.0000e+00
260  0.0000e+00
261  0.0000e+00
262  0.0000e+00
263  0.0000e+00
264  0.0000e+00
265  0.0000e+00
266  0.0000e+00
267  0.0000e+00
268  0.0000e+00
269  0.0000e+00
270  0.0000e+00
271  0.0000e+00
272  0.0000e+00
273  0.0000e+00
274  0.0000e+00
275  0.0000e+00
276  0.0000e+00
277  0.0000e+00
278  0.0000e+00
279  0.0000e+00
280  0.0000e+00
281  0.0000e+00
282  0.0000e+00
283  0.0000e+00
284  0.0000e+00
285  0.0000e+00
286  0.0000e+00
287  0.0000e+00
288  0.0000e+00
289  0.0000e+00
290  0.0000e+00
291  0.0000e+00
292  0.0000e+00
293  0.0000e+00
294  0.0000e+00
295  0.0000e+00
296  0.0000e+00
297  0.0000e+00
298  0.0000e+00
299  0.0000e+00
300  0.0000e+00
301  0.0000e+00
302  0.0000e+00
303  0.0000e+00
304  0.0000e+00
305  0.0000e+00
306  0.0000e+00
307  0.0000e+00
308  0.0000e+00
309  0.0000e+00
310  0.0000e+00
311  0.0000e+00
312  0.0000e+00
313  0.0000e+00
314  0.0000e+00
315  0.0000e+00
316  0.0000e+00
317  0.0000e+00
318  0.0000e+00
319  0.0000e+00
320  0.0000e+00
321  0.0000e+00
322  0.0000e+00
323  0.0000e+00
324  0.0000e+00
325  0.0000e+00
326  0.0000e+00
327  0.0000e+00
328  0.0000e+00
329  0.0000e+00
330  0.0000e+00
331  0.0000e+00
332  0.0000e+00
333  0.0000e+00
334  0.0000e+00
335  0.0000e+00
336  0.0000e+00
337  0.0000e+00

