337
time(s) = 1000000000000 t9 = 3.0222012681577495e-12 rho(g/cc) = 1.8149999999996003e-23 
0  0.0000e+00
1  1.1289e-11
2  8.8054e-16
3  5.7865e-20
4  1.3413e-12
5  0.0000e+00
6  5.4565e-28
7  1.6890e-18
8  5.5477e-08
9  3.2343e-22
10  7.5710e-18
11  2.8622e-20
12  6.2741e-24
13  4.1524e-25
14  7.7620e-21
15  1.8481e-22
16  2.6034e-52
17  9.6327e-26
18  7.9878e-24
19  5.1723e-56
20  2.3514e-33
21  0.0000e+00
22  2.1999e-94
23  5.7328e-42
24  0.0000e+00
25  0.0000e+00
26  0.0000e+00
27  0.0000e+00
28  0.0000e+00
29  0.0000e+00
30  0.0000e+00
31  0.0000e+00
32  0.0000e+00
33  0.0000e+00
34  0.0000e+00
35  0.0000e+00
36  0.0000e+00
37  0.0000e+00
38  0.0000e+00
39  0.0000e+00
40  0.0000e+00
41  0.0000e+00
42  0.0000e+00
43  0.0000e+00
44  3.6038e-182
45  3.6159e-35
46  2.5356e-23
47  4.5168e-23
48  1.6220e-21
49  1.2455e-22
50  3.6771e-20
51  9.6626e-22
52  2.5868e-22
53  3.2605e-23
54  1.1761e-19
55  1.3308e-21
56  1.4455e-21
57  2.7261e-21
58  1.1084e-18
59  4.5683e-19
60  1.2846e-16
61  1.9746e-17
62  3.7193e-17
63  3.8265e-17
64  8.1580e-15
65  7.9034e-15
66  4.8329e-12
67  5.5761e-13
68  4.2284e-12
69  5.9252e-12
70  1.3575e-07
71  1.6116e-08
72  1.0117e-05
73  2.3042e-06
74  8.2582e-06
75  1.9857e-05
76  2.9115e-05
77  8.6609e-05
78  1.0144e-03
79  2.8067e-04
80  5.7373e-03
81  2.0785e-03
82  7.3852e-04
83  1.8559e-05
84  5.8411e-07
85  1.6760e-08
86  1.0134e-07
87  3.1491e-08
88  9.6068e-08
89  7.2098e-09
90  3.5361e-08
91  1.1026e-08
92  4.5078e-08
93  1.6126e-08
94  1.4772e-08
95  1.3365e-08
96  3.3179e-08
97  2.4606e-08
98  2.2243e-06
99  9.1863e-07
100  3.1376e-07
101  2.5144e-07
102  1.7336e-06
103  4.3625e-07
104  3.7877e-07
105  6.9184e-07
106  2.2742e-07
107  4.7508e-08
108  1.5585e-07
109  9.7454e-08
110  9.0895e-08
111  8.6785e-08
112  5.3723e-08
113  2.7247e-08
114  1.7586e-07
115  4.1653e-08
116  4.1970e-08
117  4.7298e-08
118  8.1660e-07
119  1.6272e-07
120  4.5389e-06
121  2.6799e-06
122  1.1895e-05
123  3.3841e-06
124  1.2181e-06
125  1.4638e-06
126  2.2110e-06
127  4.1701e-06
128  4.9384e-05
129  9.2473e-05
130  4.5309e-04
131  3.0304e-04
132  5.6846e-04
133  4.4006e-06
134  9.4746e-09
135  1.9810e-11
136  2.9898e-14
137  6.3530e-17
138  2.8740e-19
139  5.3734e-21
140  5.2144e-23
141  1.1698e-24
142  1.5451e-39
143  1.2723e-32
144  6.3990e-33
145  8.8431e-38
146  4.3900e-42
147  0.0000e+00
148  0.0000e+00
149  0.0000e+00
150  0.0000e+00
151  0.0000e+00
152  0.0000e+00
153  0.0000e+00
154  0.0000e+00
155  0.0000e+00
156  0.0000e+00
157  0.0000e+00
158  0.0000e+00
159  0.0000e+00
160  0.0000e+00
161  0.0000e+00
162  0.0000e+00
163  0.0000e+00
164  0.0000e+00
165  0.0000e+00
166  0.0000e+00
167  0.0000e+00
168  0.0000e+00
169  0.0000e+00
170  0.0000e+00
171  0.0000e+00
172  0.0000e+00
173  0.0000e+00
174  0.0000e+00
175  0.0000e+00
176  0.0000e+00
177  0.0000e+00
178  0.0000e+00
179  0.0000e+00
180  0.0000e+00
181  0.0000e+00
182  0.0000e+00
183  0.0000e+00
184  0.0000e+00
185  0.0000e+00
186  0.0000e+00
187  0.0000e+00
188  0.0000e+00
189  0.0000e+00
190  0.0000e+00
191  0.0000e+00
192  0.0000e+00
193  0.0000e+00
194  0.0000e+00
195  0.0000e+00
196  0.0000e+00
197  0.0000e+00
198  0.0000e+00
199  0.0000e+00
200  0.0000e+00
201  0.0000e+00
202  0.0000e+00
203  0.0000e+00
204  0.0000e+00
205  0.0000e+00
206  0.0000e+00
207  0.0000e+00
208  0.0000e+00
209  0.0000e+00
210  0.0000e+00
211  0.0000e+00
212  0.0000e+00
213  0.0000e+00
214  0.0000e+00
215  0.0000e+00
216  0.0000e+00
217  0.0000e+00
218  0.0000e+00
219  0.0000e+00
220  0.0000e+00
221  0.0000e+00
222  0.0000e+00
223  0.0000e+00
224  0.0000e+00
225  0.0000e+00
226  4.8645e-26
227  5.6234e-26
228  2.0753e-30
229  5.2672e-26
230  5.4292e-25
231  1.2787e-25
232  1.3295e-24
233  3.6152e-25
234  9.0841e-25
235  9.2641e-25
236  5.4804e-25
237  1.1520e-24
238  0.0000e+00
239  4.5841e-25
240  1.2265e-25
241  1.0878e-24
242  0.0000e+00
243  -1.8345e-320
244  5.7506e-25
245  6.4961e-26
246  0.0000e+00
247  0.0000e+00
248  0.0000e+00
249  0.0000e+00
250  0.0000e+00
251  0.0000e+00
252  0.0000e+00
253  0.0000e+00
254  0.0000e+00
255  0.0000e+00
256  0.0000e+00
257  0.0000e+00
258  0.0000e+00
259  0.0000e+00
260  0.0000e+00
261  0.0000e+00
262  0.0000e+00
263  0.0000e+00
264  0.0000e+00
265  0.0000e+00
266  0.0000e+00
267  0.0000e+00
268  0.0000e+00
269  0.0000e+00
270  0.0000e+00
271  0.0000e+00
272  0.0000e+00
273  0.0000e+00
274  0.0000e+00
275  0.0000e+00
276  0.0000e+00
277  0.0000e+00
278  0.0000e+00
279  0.0000e+00
280  0.0000e+00
281  0.0000e+00
282  0.0000e+00
283  0.0000e+00
284  0.0000e+00
285  0.0000e+00
286  0.0000e+00
287  0.0000e+00
288  0.0000e+00
289  0.0000e+00
290  0.0000e+00
291  0.0000e+00
292  0.0000e+00
293  0.0000e+00
294  0.0000e+00
295  0.0000e+00
296  0.0000e+00
297  0.0000e+00
298  0.0000e+00
299  0.0000e+00
300  0.0000e+00
301  0.0000e+00
302  0.0000e+00
303  0.0000e+00
304  0.0000e+00
305  0.0000e+00
306  0.0000e+00
307  0.0000e+00
308  0.0000e+00
309  0.0000e+00
310  0.0000e+00
311  0.0000e+00
312  0.0000e+00
313  0.0000e+00
314  0.0000e+00
315  0.0000e+00
316  0.0000e+00
317  0.0000e+00
318  0.0000e+00
319  0.0000e+00
320  0.0000e+00
321  0.0000e+00
322  0.0000e+00
323  0.0000e+00
324  0.0000e+00
325  0.0000e+00
326  0.0000e+00
327  0.0000e+00
328  0.0000e+00
329  0.0000e+00
330  0.0000e+00
331  0.0000e+00
332  0.0000e+00
333  0.0000e+00
334  0.0000e+00
335  0.0000e+00
336  0.0000e+00
337  0.0000e+00

