337
time(s) = 1000000000000 t9 = 3.0222012681577495e-12 rho(g/cc) = 1.8149999999996003e-23 
0  0.0000e+00
1  1.3092e-11
2  1.1614e-15
3  7.5247e-20
4  1.1872e-12
5  0.0000e+00
6  6.4345e-28
7  2.4976e-18
8  4.7113e-08
9  5.8397e-22
10  1.0605e-17
11  3.9737e-20
12  8.8340e-24
13  7.8322e-25
14  1.2804e-20
15  4.5435e-22
16  1.3049e-27
17  2.1497e-25
18  2.9800e-25
19  2.1723e-29
20  5.8208e-23
21  1.6338e-27
22  1.1151e-95
23  1.1169e-41
24  1.6461e-116
25  0.0000e+00
26  0.0000e+00
27  0.0000e+00
28  0.0000e+00
29  0.0000e+00
30  0.0000e+00
31  0.0000e+00
32  0.0000e+00
33  0.0000e+00
34  0.0000e+00
35  0.0000e+00
36  0.0000e+00
37  0.0000e+00
38  0.0000e+00
39  0.0000e+00
40  0.0000e+00
41  0.0000e+00
42  0.0000e+00
43  0.0000e+00
44  9.4543e-183
45  7.6153e-30
46  5.8997e-23
47  1.0724e-23
48  1.9568e-22
49  1.6121e-23
50  7.1306e-21
51  1.9818e-22
52  5.8931e-23
53  9.9390e-24
54  4.2371e-20
55  5.3402e-22
56  8.4567e-22
57  8.8596e-22
58  3.3880e-19
59  2.3621e-19
60  6.3586e-17
61  1.2022e-17
62  2.7244e-17
63  1.7234e-17
64  4.1744e-15
65  6.7854e-15
66  3.8827e-12
67  5.0926e-13
68  3.4570e-12
69  5.0396e-12
70  1.0472e-07
71  1.9576e-08
72  1.2982e-05
73  3.8554e-06
74  1.6543e-05
75  2.3154e-05
76  4.5479e-05
77  1.4737e-04
78  8.0501e-04
79  3.0159e-04
80  6.9921e-03
81  2.2223e-03
82  6.1320e-04
83  1.6553e-05
84  6.9120e-07
85  2.0939e-08
86  2.3314e-07
87  6.8095e-08
88  1.1246e-07
89  9.1517e-09
90  6.4743e-08
91  2.4547e-08
92  1.2315e-07
93  2.9717e-08
94  2.3461e-08
95  2.2347e-08
96  2.3320e-08
97  1.8996e-08
98  1.7630e-06
99  7.1892e-07
100  2.5771e-07
101  2.1271e-07
102  1.3818e-06
103  3.7915e-07
104  4.3000e-07
105  7.2789e-07
106  2.4192e-07
107  5.0133e-08
108  1.5430e-07
109  1.0052e-07
110  1.1297e-07
111  1.0535e-07
112  6.2153e-08
113  2.9954e-08
114  1.4444e-07
115  3.4841e-08
116  3.5963e-08
117  3.1073e-08
118  3.1802e-07
119  6.5285e-08
120  2.1051e-06
121  1.4214e-06
122  7.5565e-06
123  2.1742e-06
124  8.7513e-07
125  9.8946e-07
126  1.9717e-06
127  2.2486e-06
128  1.8764e-05
129  4.7576e-05
130  2.4800e-04
131  1.6269e-04
132  2.8560e-04
133  2.2615e-06
134  4.9835e-09
135  1.0492e-11
136  1.5716e-14
137  3.4750e-17
138  1.5677e-19
139  2.9026e-21
140  2.9344e-23
141  6.5714e-25
142  6.1840e-42
143  4.0764e-33
144  2.0502e-33
145  3.7315e-38
146  2.4525e-42
147  0.0000e+00
148  0.0000e+00
149  0.0000e+00
150  0.0000e+00
151  0.0000e+00
152  0.0000e+00
153  0.0000e+00
154  0.0000e+00
155  0.0000e+00
156  0.0000e+00
157  0.0000e+00
158  0.0000e+00
159  0.0000e+00
160  0.0000e+00
161  0.0000e+00
162  0.0000e+00
163  0.0000e+00
164  0.0000e+00
165  0.0000e+00
166  0.0000e+00
167  0.0000e+00
168  0.0000e+00
169  0.0000e+00
170  0.0000e+00
171  0.0000e+00
172  0.0000e+00
173  0.0000e+00
174  0.0000e+00
175  0.0000e+00
176  0.0000e+00
177  0.0000e+00
178  0.0000e+00
179  0.0000e+00
180  0.0000e+00
181  0.0000e+00
182  0.0000e+00
183  0.0000e+00
184  0.0000e+00
185  0.0000e+00
186  0.0000e+00
187  0.0000e+00
188  0.0000e+00
189  0.0000e+00
190  0.0000e+00
191  0.0000e+00
192  0.0000e+00
193  0.0000e+00
194  0.0000e+00
195  0.0000e+00
196  0.0000e+00
197  0.0000e+00
198  0.0000e+00
199  0.0000e+00
200  0.0000e+00
201  0.0000e+00
202  0.0000e+00
203  0.0000e+00
204  0.0000e+00
205  0.0000e+00
206  0.0000e+00
207  0.0000e+00
208  0.0000e+00
209  0.0000e+00
210  0.0000e+00
211  0.0000e+00
212  0.0000e+00
213  0.0000e+00
214  0.0000e+00
215  0.0000e+00
216  0.0000e+00
217  0.0000e+00
218  0.0000e+00
219  0.0000e+00
220  0.0000e+00
221  0.0000e+00
222  0.0000e+00
223  0.0000e+00
224  0.0000e+00
225  0.0000e+00
226  0.0000e+00
227  0.0000e+00
228  1.1594e-30
229  0.0000e+00
230  0.0000e+00
231  4.5421e-30
232  7.4270e-25
233  1.2717e-27
234  0.0000e+00
235  2.6865e-25
236  2.4123e-25
237  3.9749e-25
238  0.0000e+00
239  1.8629e-25
240  1.1011e-25
241  7.2497e-25
242  0.0000e+00
243  8.7121e-26
244  3.8510e-25
245  4.5388e-26
246  0.0000e+00
247  0.0000e+00
248  0.0000e+00
249  0.0000e+00
250  0.0000e+00
251  0.0000e+00
252  0.0000e+00
253  0.0000e+00
254  0.0000e+00
255  0.0000e+00
256  0.0000e+00
257  0.0000e+00
258  0.0000e+00
259  0.0000e+00
260  0.0000e+00
261  0.0000e+00
262  0.0000e+00
263  0.0000e+00
264  0.0000e+00
265  0.0000e+00
266  0.0000e+00
267  0.0000e+00
268  0.0000e+00
269  0.0000e+00
270  0.0000e+00
271  0.0000e+00
272  0.0000e+00
273  0.0000e+00
274  0.0000e+00
275  0.0000e+00
276  0.0000e+00
277  0.0000e+00
278  0.0000e+00
279  0.0000e+00
280  0.0000e+00
281  0.0000e+00
282  0.0000e+00
283  0.0000e+00
284  0.0000e+00
285  0.0000e+00
286  0.0000e+00
287  0.0000e+00
288  0.0000e+00
289  0.0000e+00
290  0.0000e+00
291  0.0000e+00
292  0.0000e+00
293  0.0000e+00
294  0.0000e+00
295  0.0000e+00
296  0.0000e+00
297  0.0000e+00
298  0.0000e+00
299  0.0000e+00
300  0.0000e+00
301  0.0000e+00
302  0.0000e+00
303  0.0000e+00
304  0.0000e+00
305  0.0000e+00
306  0.0000e+00
307  0.0000e+00
308  0.0000e+00
309  0.0000e+00
310  0.0000e+00
311  0.0000e+00
312  0.0000e+00
313  0.0000e+00
314  0.0000e+00
315  0.0000e+00
316  0.0000e+00
317  0.0000e+00
318  0.0000e+00
319  0.0000e+00
320  0.0000e+00
321  0.0000e+00
322  0.0000e+00
323  0.0000e+00
324  0.0000e+00
325  0.0000e+00
326  0.0000e+00
327  0.0000e+00
328  0.0000e+00
329  0.0000e+00
330  0.0000e+00
331  0.0000e+00
332  0.0000e+00
333  0.0000e+00
334  0.0000e+00
335  0.0000e+00
336  0.0000e+00
337  0.0000e+00

