337
time(s) = 1000000000000 t9 = 3.0222012681577495e-12 rho(g/cc) = 1.8149999999996003e-23 
0  0.0000e+00
1  1.3998e-12
2  1.6071e-17
3  2.0803e-21
4  1.0547e-14
5  0.0000e+00
6  2.8055e-31
7  2.2673e-20
8  1.2982e-07
9  3.3325e-25
10  2.3963e-19
11  2.5496e-22
12  2.7208e-26
13  6.7916e-27
14  1.3087e-23
15  1.7660e-52
16  0.0000e+00
17  0.0000e+00
18  7.5583e-88
19  0.0000e+00
20  0.0000e+00
21  0.0000e+00
22  0.0000e+00
23  0.0000e+00
24  0.0000e+00
25  0.0000e+00
26  0.0000e+00
27  0.0000e+00
28  0.0000e+00
29  0.0000e+00
30  0.0000e+00
31  0.0000e+00
32  6.4412e-46
33  0.0000e+00
34  0.0000e+00
35  4.3592e-25
36  1.0669e-24
37  2.1082e-66
38  2.0560e-23
39  8.7791e-26
40  2.6141e-21
41  9.3519e-23
42  4.9457e-22
43  1.0348e-20
44  1.4625e-18
45  6.5550e-20
46  2.3534e-16
47  2.7451e-16
48  3.4460e-14
49  3.2444e-16
50  5.5331e-14
51  1.2974e-15
52  4.6988e-16
53  1.4105e-17
54  1.5085e-14
55  8.7265e-17
56  3.0702e-17
57  1.6516e-16
58  5.5396e-14
59  3.2733e-15
60  4.2700e-13
61  4.2539e-14
62  3.7717e-14
63  8.4236e-14
64  1.1949e-11
65  1.5754e-12
66  4.4195e-10
67  4.2457e-11
68  3.1514e-10
69  1.4395e-10
70  1.1891e-06
71  2.8920e-08
72  5.9652e-06
73  1.5097e-06
74  7.2670e-07
75  1.0830e-05
76  2.1015e-05
77  6.6932e-06
78  5.7101e-04
79  4.3890e-05
80  2.7635e-04
81  2.7818e-04
82  2.2062e-04
83  3.0849e-06
84  4.8850e-08
85  9.5572e-10
86  5.3657e-10
87  8.3149e-11
88  1.4217e-10
89  7.5964e-12
90  4.6926e-12
91  2.5558e-11
92  2.4118e-11
93  1.5752e-10
94  7.9992e-10
95  9.5075e-11
96  1.7484e-08
97  3.3361e-09
98  1.1608e-07
99  4.2929e-08
100  1.1979e-08
101  5.0066e-09
102  6.4491e-08
103  7.0570e-09
104  2.0608e-09
105  6.3688e-09
106  6.9068e-09
107  9.3963e-10
108  8.3126e-09
109  7.9542e-09
110  4.3479e-09
111  9.3338e-09
112  9.9357e-08
113  3.1892e-08
114  2.5674e-07
115  1.0086e-07
116  2.5253e-07
117  2.7261e-07
118  3.6201e-05
119  3.9804e-06
120  2.8702e-05
121  7.3217e-06
122  7.2020e-06
123  5.4234e-06
124  2.2842e-06
125  1.1731e-05
126  4.8787e-05
127  7.3500e-05
128  1.3411e-03
129  5.8659e-04
130  1.1659e-03
131  9.1188e-04
132  2.5535e-03
133  1.4826e-05
134  2.2001e-08
135  3.0317e-11
136  2.7982e-14
137  3.4002e-17
138  1.3990e-19
139  1.7826e-21
140  8.1424e-24
141  1.5725e-43
142  0.0000e+00
143  0.0000e+00
144  0.0000e+00
145  0.0000e+00
146  0.0000e+00
147  0.0000e+00
148  0.0000e+00
149  0.0000e+00
150  0.0000e+00
151  0.0000e+00
152  0.0000e+00
153  0.0000e+00
154  0.0000e+00
155  0.0000e+00
156  0.0000e+00
157  0.0000e+00
158  0.0000e+00
159  0.0000e+00
160  0.0000e+00
161  0.0000e+00
162  0.0000e+00
163  0.0000e+00
164  0.0000e+00
165  0.0000e+00
166  0.0000e+00
167  0.0000e+00
168  0.0000e+00
169  0.0000e+00
170  0.0000e+00
171  0.0000e+00
172  0.0000e+00
173  0.0000e+00
174  0.0000e+00
175  0.0000e+00
176  0.0000e+00
177  0.0000e+00
178  0.0000e+00
179  0.0000e+00
180  0.0000e+00
181  0.0000e+00
182  0.0000e+00
183  0.0000e+00
184  0.0000e+00
185  0.0000e+00
186  0.0000e+00
187  0.0000e+00
188  0.0000e+00
189  0.0000e+00
190  0.0000e+00
191  0.0000e+00
192  0.0000e+00
193  0.0000e+00
194  0.0000e+00
195  0.0000e+00
196  0.0000e+00
197  0.0000e+00
198  0.0000e+00
199  0.0000e+00
200  0.0000e+00
201  0.0000e+00
202  0.0000e+00
203  0.0000e+00
204  0.0000e+00
205  0.0000e+00
206  0.0000e+00
207  0.0000e+00
208  0.0000e+00
209  0.0000e+00
210  0.0000e+00
211  0.0000e+00
212  0.0000e+00
213  0.0000e+00
214  0.0000e+00
215  0.0000e+00
216  0.0000e+00
217  0.0000e+00
218  0.0000e+00
219  0.0000e+00
220  0.0000e+00
221  0.0000e+00
222  0.0000e+00
223  0.0000e+00
224  0.0000e+00
225  0.0000e+00
226  0.0000e+00
227  0.0000e+00
228  0.0000e+00
229  0.0000e+00
230  0.0000e+00
231  0.0000e+00
232  0.0000e+00
233  0.0000e+00
234  0.0000e+00
235  0.0000e+00
236  0.0000e+00
237  0.0000e+00
238  0.0000e+00
239  0.0000e+00
240  0.0000e+00
241  0.0000e+00
242  0.0000e+00
243  0.0000e+00
244  0.0000e+00
245  0.0000e+00
246  0.0000e+00
247  0.0000e+00
248  0.0000e+00
249  0.0000e+00
250  0.0000e+00
251  0.0000e+00
252  0.0000e+00
253  0.0000e+00
254  0.0000e+00
255  0.0000e+00
256  0.0000e+00
257  0.0000e+00
258  0.0000e+00
259  0.0000e+00
260  0.0000e+00
261  0.0000e+00
262  0.0000e+00
263  0.0000e+00
264  0.0000e+00
265  0.0000e+00
266  0.0000e+00
267  0.0000e+00
268  0.0000e+00
269  0.0000e+00
270  0.0000e+00
271  0.0000e+00
272  0.0000e+00
273  0.0000e+00
274  0.0000e+00
275  0.0000e+00
276  0.0000e+00
277  0.0000e+00
278  0.0000e+00
279  0.0000e+00
280  0.0000e+00
281  0.0000e+00
282  0.0000e+00
283  0.0000e+00
284  0.0000e+00
285  0.0000e+00
286  0.0000e+00
287  0.0000e+00
288  0.0000e+00
289  0.0000e+00
290  0.0000e+00
291  0.0000e+00
292  0.0000e+00
293  0.0000e+00
294  0.0000e+00
295  0.0000e+00
296  0.0000e+00
297  0.0000e+00
298  0.0000e+00
299  0.0000e+00
300  0.0000e+00
301  0.0000e+00
302  0.0000e+00
303  0.0000e+00
304  0.0000e+00
305  0.0000e+00
306  0.0000e+00
307  0.0000e+00
308  0.0000e+00
309  0.0000e+00
310  0.0000e+00
311  0.0000e+00
312  0.0000e+00
313  0.0000e+00
314  0.0000e+00
315  0.0000e+00
316  0.0000e+00
317  0.0000e+00
318  0.0000e+00
319  0.0000e+00
320  0.0000e+00
321  0.0000e+00
322  0.0000e+00
323  0.0000e+00
324  0.0000e+00
325  0.0000e+00
326  0.0000e+00
327  0.0000e+00
328  0.0000e+00
329  0.0000e+00
330  0.0000e+00
331  0.0000e+00
332  0.0000e+00
333  0.0000e+00
334  0.0000e+00
335  0.0000e+00
336  0.0000e+00
337  0.0000e+00

