337
time(s) = 1000000000000 t9 = 3.0222012681577495e-12 rho(g/cc) = 1.8149999999996003e-23 
0  0.0000e+00
1  3.7783e-12
2  1.0832e-16
3  1.3000e-20
4  8.1356e-14
5  0.0000e+00
6  2.2028e-30
7  2.1919e-19
8  9.6494e-08
9  1.4016e-23
10  1.5005e-18
11  5.5015e-21
12  9.5457e-25
13  2.3571e-26
14  2.2697e-22
15  1.3590e-24
16  7.9592e-55
17  0.0000e+00
18  1.4404e-85
19  7.5918e-95
20  3.5354e-49
21  0.0000e+00
22  0.0000e+00
23  2.8623e-49
24  0.0000e+00
25  0.0000e+00
26  0.0000e+00
27  0.0000e+00
28  0.0000e+00
29  0.0000e+00
30  0.0000e+00
31  0.0000e+00
32  0.0000e+00
33  0.0000e+00
34  0.0000e+00
35  0.0000e+00
36  0.0000e+00
37  0.0000e+00
38  5.1562e-91
39  1.1538e-172
40  1.3446e-23
41  3.9119e-25
42  4.4040e-24
43  9.7632e-23
44  7.5057e-21
45  4.8538e-22
46  2.8163e-18
47  4.2280e-18
48  4.2903e-16
49  5.7737e-18
50  1.4498e-15
51  3.5415e-17
52  9.4001e-18
53  4.4519e-19
54  6.4531e-16
55  4.8916e-18
56  1.9636e-18
57  1.0610e-17
58  2.9748e-15
59  2.6795e-16
60  4.9792e-14
61  5.2229e-15
62  5.0609e-15
63  1.1646e-14
64  1.6240e-12
65  3.3068e-13
66  1.3666e-10
67  1.3274e-11
68  8.8845e-11
69  6.3796e-11
70  7.4454e-07
71  2.8786e-08
72  7.9626e-06
73  1.4387e-06
74  1.4841e-06
75  1.6656e-05
76  2.2824e-05
77  1.6042e-05
78  1.2142e-03
79  1.3210e-04
80  1.1979e-03
81  8.6823e-04
82  6.7001e-04
83  1.1835e-05
84  2.2648e-07
85  5.7333e-09
86  4.5096e-09
87  5.8795e-10
88  5.3841e-10
89  3.1769e-11
90  3.0226e-11
91  3.9509e-11
92  6.8748e-11
93  5.3700e-10
94  7.9060e-10
95  2.2452e-10
96  2.4924e-08
97  7.7390e-09
98  3.5056e-07
99  1.3986e-07
100  3.8387e-08
101  2.1502e-08
102  1.3713e-07
103  2.1153e-08
104  7.4088e-09
105  1.4084e-08
106  4.6352e-09
107  8.4414e-10
108  4.9102e-09
109  2.9809e-09
110  1.7585e-09
111  3.4540e-09
112  2.0155e-08
113  9.2665e-09
114  1.1644e-07
115  3.2447e-08
116  6.1317e-08
117  1.1925e-07
118  1.1296e-05
119  1.7127e-06
120  1.8063e-05
121  6.4127e-06
122  9.7836e-06
123  3.1292e-06
124  1.1173e-06
125  5.0707e-06
126  1.2339e-05
127  3.1465e-05
128  6.2983e-04
129  3.8174e-04
130  1.0973e-03
131  8.0957e-04
132  2.0818e-03
133  1.3762e-05
134  2.4523e-08
135  4.7485e-11
136  6.0645e-14
137  9.2115e-17
138  3.8494e-19
139  6.4771e-21
140  4.4306e-23
141  8.3620e-25
142  1.2493e-27
143  1.6445e-31
144  8.2711e-32
145  3.3478e-36
146  4.8838e-41
147  0.0000e+00
148  0.0000e+00
149  0.0000e+00
150  0.0000e+00
151  0.0000e+00
152  0.0000e+00
153  0.0000e+00
154  0.0000e+00
155  0.0000e+00
156  0.0000e+00
157  0.0000e+00
158  0.0000e+00
159  0.0000e+00
160  0.0000e+00
161  0.0000e+00
162  0.0000e+00
163  0.0000e+00
164  0.0000e+00
165  0.0000e+00
166  0.0000e+00
167  0.0000e+00
168  0.0000e+00
169  0.0000e+00
170  0.0000e+00
171  0.0000e+00
172  0.0000e+00
173  0.0000e+00
174  0.0000e+00
175  0.0000e+00
176  0.0000e+00
177  0.0000e+00
178  0.0000e+00
179  0.0000e+00
180  0.0000e+00
181  0.0000e+00
182  0.0000e+00
183  0.0000e+00
184  0.0000e+00
185  0.0000e+00
186  0.0000e+00
187  0.0000e+00
188  0.0000e+00
189  0.0000e+00
190  0.0000e+00
191  0.0000e+00
192  0.0000e+00
193  0.0000e+00
194  0.0000e+00
195  0.0000e+00
196  0.0000e+00
197  0.0000e+00
198  0.0000e+00
199  0.0000e+00
200  0.0000e+00
201  0.0000e+00
202  0.0000e+00
203  0.0000e+00
204  0.0000e+00
205  6.3115e-40
206  1.4794e-24
207  1.7612e-24
208  0.0000e+00
209  1.1370e-24
210  1.2174e-25
211  5.6810e-25
212  1.8624e-25
213  4.0763e-39
214  7.1889e-25
215  7.0670e-33
216  4.5900e-37
217  0.0000e+00
218  4.3536e-29
219  7.1524e-30
220  1.3341e-43
221  4.0248e-25
222  1.3545e-30
223  3.6665e-25
224  0.0000e+00
225  5.9406e-30
226  1.8143e-25
227  1.5200e-25
228  6.9304e-25
229  3.6352e-25
230  8.4309e-24
231  2.7804e-24
232  1.4791e-23
233  5.7210e-24
234  9.5488e-24
235  1.2613e-23
236  8.5144e-24
237  1.0620e-23
238  3.7373e-24
239  7.7852e-24
240  3.9556e-25
241  6.6483e-24
242  2.6877e-24
243  4.9526e-25
244  4.0534e-24
245  3.5536e-25
246  1.4410e-26
247  3.8270e-25
248  2.4634e-25
249  0.0000e+00
250  0.0000e+00
251  0.0000e+00
252  0.0000e+00
253  0.0000e+00
254  0.0000e+00
255  0.0000e+00
256  0.0000e+00
257  0.0000e+00
258  0.0000e+00
259  0.0000e+00
260  0.0000e+00
261  0.0000e+00
262  0.0000e+00
263  0.0000e+00
264  0.0000e+00
265  0.0000e+00
266  0.0000e+00
267  0.0000e+00
268  0.0000e+00
269  0.0000e+00
270  0.0000e+00
271  0.0000e+00
272  0.0000e+00
273  0.0000e+00
274  0.0000e+00
275  0.0000e+00
276  0.0000e+00
277  0.0000e+00
278  0.0000e+00
279  0.0000e+00
280  0.0000e+00
281  0.0000e+00
282  0.0000e+00
283  0.0000e+00
284  0.0000e+00
285  0.0000e+00
286  0.0000e+00
287  0.0000e+00
288  0.0000e+00
289  0.0000e+00
290  0.0000e+00
291  0.0000e+00
292  0.0000e+00
293  0.0000e+00
294  0.0000e+00
295  0.0000e+00
296  0.0000e+00
297  0.0000e+00
298  0.0000e+00
299  0.0000e+00
300  0.0000e+00
301  0.0000e+00
302  0.0000e+00
303  0.0000e+00
304  0.0000e+00
305  0.0000e+00
306  0.0000e+00
307  0.0000e+00
308  0.0000e+00
309  0.0000e+00
310  0.0000e+00
311  0.0000e+00
312  0.0000e+00
313  0.0000e+00
314  0.0000e+00
315  0.0000e+00
316  0.0000e+00
317  0.0000e+00
318  0.0000e+00
319  0.0000e+00
320  0.0000e+00
321  0.0000e+00
322  0.0000e+00
323  0.0000e+00
324  0.0000e+00
325  0.0000e+00
326  0.0000e+00
327  0.0000e+00
328  0.0000e+00
329  0.0000e+00
330  0.0000e+00
331  0.0000e+00
332  0.0000e+00
333  0.0000e+00
334  0.0000e+00
335  0.0000e+00
336  0.0000e+00
337  0.0000e+00

