337
time(s) = 1000000000000 t9 = 6.5179293952130629e-12 rho(g/cc) = 1.8149999999996003e-23 
0  0.0000e+00
1  1.4383e-11
2  1.4056e-15
3  1.0195e-18
4  1.2304e-14
5  0.0000e+00
6  1.1852e-33
7  3.7692e-17
8  1.8890e-09
9  1.1912e-20
10  1.5624e-16
11  5.1304e-19
12  1.6570e-22
13  1.3929e-23
14  3.7581e-17
15  5.7313e-21
16  8.7869e-23
17  7.8553e-22
18  2.6027e-19
19  1.0007e-22
20  5.0414e-17
21  8.3473e-21
22  9.5700e-20
23  8.7786e-20
24  1.5414e-16
25  4.8970e-19
26  2.4752e-17
27  8.7380e-19
28  9.9552e-19
29  -5.3508e-17
30  5.0977e-16
31  1.3095e-17
32  5.5615e-17
33  4.2238e-19
34  1.0895e-13
35  2.4598e-14
36  4.4260e-14
37  1.4495e-14
38  3.1232e-15
39  2.0170e-15
40  7.4350e-12
41  1.1520e-13
42  1.7196e-11
43  1.8455e-11
44  1.0845e-11
45  9.4481e-12
46  4.8357e-08
47  1.1492e-08
48  1.0038e-08
49  2.5889e-10
50  4.4579e-07
51  5.0154e-09
52  2.7968e-10
53  1.6952e-10
54  4.4705e-09
55  6.2920e-11
56  9.7641e-11
57  2.8113e-11
58  8.6196e-11
59  4.2828e-11
60  1.4815e-08
61  3.2649e-09
62  7.5578e-09
63  1.5358e-09
64  3.7475e-09
65  2.3066e-09
66  1.0063e-06
67  1.4536e-07
68  4.5580e-07
69  1.1677e-07
70  4.2035e-06
71  7.0653e-07
72  6.6829e-04
73  2.3297e-04
74  1.0800e-03
75  1.7803e-04
76  2.7478e-04
77  8.9036e-04
78  6.8976e-04
79  2.9013e-04
80  6.5974e-03
81  1.5776e-03
82  2.3117e-04
83  4.9675e-06
84  6.9790e-08
85  2.0826e-09
86  1.8839e-09
87  9.3019e-11
88  1.0184e-11
89  1.3359e-12
90  6.5123e-13
91  2.3467e-13
92  1.3263e-12
93  2.8507e-13
94  1.4894e-13
95  1.2603e-13
96  4.7935e-14
97  1.9858e-14
98  2.3462e-13
99  9.2341e-14
100  2.8503e-14
101  1.3601e-14
102  1.0353e-14
103  2.6001e-15
104  1.6489e-15
105  1.3396e-15
106  3.2678e-16
107  5.6185e-17
108  1.7492e-17
109  8.0291e-18
110  6.0360e-18
111  4.6058e-18
112  2.3056e-18
113  1.1261e-18
114  7.5573e-19
115  1.1806e-19
116  9.8000e-20
117  3.2281e-20
118  2.4439e-20
119  4.2277e-21
120  8.8213e-21
121  5.7848e-21
122  3.1789e-20
123  1.1521e-20
124  5.3623e-21
125  5.5004e-21
126  1.1782e-20
127  7.3257e-21
128  1.9304e-20
129  4.8158e-20
130  2.6822e-19
131  1.5707e-19
132  2.2776e-19
133  1.7832e-21
134  3.9258e-24
135  0.0000e+00
136  0.0000e+00
137  1.6285e-311
138  0.0000e+00
139  0.0000e+00
140  0.0000e+00
141  0.0000e+00
142  0.0000e+00
143  0.0000e+00
144  0.0000e+00
145  0.0000e+00
146  0.0000e+00
147  0.0000e+00
148  0.0000e+00
149  0.0000e+00
150  0.0000e+00
151  0.0000e+00
152  0.0000e+00
153  0.0000e+00
154  0.0000e+00
155  0.0000e+00
156  0.0000e+00
157  0.0000e+00
158  0.0000e+00
159  0.0000e+00
160  0.0000e+00
161  0.0000e+00
162  0.0000e+00
163  0.0000e+00
164  0.0000e+00
165  0.0000e+00
166  0.0000e+00
167  0.0000e+00
168  0.0000e+00
169  0.0000e+00
170  0.0000e+00
171  0.0000e+00
172  0.0000e+00
173  0.0000e+00
174  0.0000e+00
175  0.0000e+00
176  0.0000e+00
177  0.0000e+00
178  0.0000e+00
179  0.0000e+00
180  0.0000e+00
181  0.0000e+00
182  0.0000e+00
183  0.0000e+00
184  0.0000e+00
185  0.0000e+00
186  0.0000e+00
187  0.0000e+00
188  0.0000e+00
189  0.0000e+00
190  0.0000e+00
191  0.0000e+00
192  0.0000e+00
193  0.0000e+00
194  0.0000e+00
195  0.0000e+00
196  0.0000e+00
197  0.0000e+00
198  0.0000e+00
199  0.0000e+00
200  0.0000e+00
201  0.0000e+00
202  0.0000e+00
203  0.0000e+00
204  0.0000e+00
205  0.0000e+00
206  0.0000e+00
207  0.0000e+00
208  0.0000e+00
209  0.0000e+00
210  0.0000e+00
211  0.0000e+00
212  0.0000e+00
213  0.0000e+00
214  0.0000e+00
215  0.0000e+00
216  0.0000e+00
217  0.0000e+00
218  0.0000e+00
219  0.0000e+00
220  0.0000e+00
221  0.0000e+00
222  0.0000e+00
223  0.0000e+00
224  0.0000e+00
225  0.0000e+00
226  0.0000e+00
227  0.0000e+00
228  0.0000e+00
229  0.0000e+00
230  0.0000e+00
231  0.0000e+00
232  0.0000e+00
233  0.0000e+00
234  0.0000e+00
235  0.0000e+00
236  0.0000e+00
237  0.0000e+00
238  0.0000e+00
239  0.0000e+00
240  0.0000e+00
241  0.0000e+00
242  0.0000e+00
243  0.0000e+00
244  0.0000e+00
245  0.0000e+00
246  0.0000e+00
247  0.0000e+00
248  0.0000e+00
249  0.0000e+00
250  0.0000e+00
251  0.0000e+00
252  0.0000e+00
253  0.0000e+00
254  0.0000e+00
255  0.0000e+00
256  0.0000e+00
257  0.0000e+00
258  0.0000e+00
259  0.0000e+00
260  0.0000e+00
261  0.0000e+00
262  0.0000e+00
263  0.0000e+00
264  0.0000e+00
265  0.0000e+00
266  0.0000e+00
267  0.0000e+00
268  0.0000e+00
269  0.0000e+00
270  0.0000e+00
271  0.0000e+00
272  0.0000e+00
273  0.0000e+00
274  0.0000e+00
275  0.0000e+00
276  0.0000e+00
277  0.0000e+00
278  0.0000e+00
279  0.0000e+00
280  0.0000e+00
281  0.0000e+00
282  0.0000e+00
283  0.0000e+00
284  0.0000e+00
285  0.0000e+00
286  0.0000e+00
287  0.0000e+00
288  0.0000e+00
289  0.0000e+00
290  0.0000e+00
291  0.0000e+00
292  0.0000e+00
293  0.0000e+00
294  0.0000e+00
295  0.0000e+00
296  0.0000e+00
297  0.0000e+00
298  0.0000e+00
299  0.0000e+00
300  0.0000e+00
301  0.0000e+00
302  0.0000e+00
303  0.0000e+00
304  0.0000e+00
305  0.0000e+00
306  0.0000e+00
307  0.0000e+00
308  0.0000e+00
309  0.0000e+00
310  0.0000e+00
311  0.0000e+00
312  0.0000e+00
313  0.0000e+00
314  0.0000e+00
315  0.0000e+00
316  0.0000e+00
317  0.0000e+00
318  0.0000e+00
319  0.0000e+00
320  0.0000e+00
321  0.0000e+00
322  0.0000e+00
323  0.0000e+00
324  0.0000e+00
325  0.0000e+00
326  0.0000e+00
327  0.0000e+00
328  0.0000e+00
329  0.0000e+00
330  0.0000e+00
331  0.0000e+00
332  0.0000e+00
333  0.0000e+00
334  0.0000e+00
335  0.0000e+00
336  0.0000e+00
337  0.0000e+00

