337
time(s) = 1000000000000 t9 = 4.0370060725310114e-12 rho(g/cc) = 1.8149999999996003e-23 
0  0.0000e+00
1  1.3991e-11
2  1.3428e-15
3  1.5817e-19
4  8.2643e-13
5  0.0000e+00
6  1.0059e-27
7  5.0759e-18
8  1.5964e-08
9  1.0399e-21
10  2.1186e-17
11  7.6589e-20
12  1.7405e-23
13  1.5396e-24
14  3.1246e-20
15  1.2949e-21
16  6.9052e-26
17  5.0636e-25
18  1.0345e-24
19  6.1735e-29
20  2.6416e-22
21  9.6379e-27
22  1.1493e-24
23  4.5118e-33
24  2.1341e-22
25  1.1848e-24
26  5.9631e-23
27  1.9374e-24
28  6.7973e-25
29  1.3493e-26
30  1.9019e-23
31  9.4452e-25
32  2.0207e-25
33  5.0621e-24
34  8.4567e-77
35  2.3795e-25
36  4.8005e-25
37  4.1203e-69
38  6.2690e-146
39  2.0294e-146
40  1.0755e-143
41  0.0000e+00
42  0.0000e+00
43  0.0000e+00
44  2.0750e-182
45  2.4356e-28
46  9.9179e-23
47  2.1418e-23
48  2.5438e-22
49  2.1383e-23
50  1.1752e-20
51  3.2361e-22
52  8.7767e-23
53  1.9236e-23
54  7.5946e-20
55  1.0176e-21
56  2.0047e-21
57  1.4213e-21
58  4.1187e-19
59  3.5629e-19
60  9.8237e-17
61  2.1128e-17
62  5.1968e-17
63  2.3281e-17
64  5.1150e-15
65  1.0185e-14
66  5.9396e-12
67  8.4965e-13
68  5.0591e-12
69  6.8298e-12
70  1.1816e-07
71  2.7036e-08
72  1.9012e-05
73  6.5568e-06
74  3.0444e-05
75  2.9186e-05
76  6.6237e-05
77  2.2115e-04
78  7.0169e-04
79  3.0793e-04
80  7.4824e-03
81  2.1596e-03
82  4.8906e-04
83  1.2965e-05
84  5.2242e-07
85  1.6240e-08
86  2.2042e-07
87  5.6950e-08
88  7.2519e-08
89  6.1985e-09
90  5.2006e-08
91  2.1644e-08
92  1.2042e-07
93  2.6428e-08
94  1.9738e-08
95  1.9251e-08
96  1.5477e-08
97  1.2870e-08
98  1.1970e-06
99  4.8334e-07
100  1.7734e-07
101  1.5338e-07
102  9.4237e-07
103  2.6592e-07
104  3.5100e-07
105  5.7386e-07
106  1.9048e-07
107  4.0255e-08
108  1.1605e-07
109  7.6209e-08
110  9.4150e-08
111  8.8663e-08
112  5.2061e-08
113  2.4964e-08
114  1.1908e-07
115  2.8989e-08
116  3.1159e-08
117  2.6115e-08
118  2.2236e-07
119  4.6418e-08
120  1.6587e-06
121  1.2140e-06
122  7.0435e-06
123  2.0609e-06
124  8.9693e-07
125  1.0344e-06
126  2.4102e-06
127  2.0167e-06
128  1.2485e-05
129  3.6011e-05
130  1.9293e-04
131  1.2391e-04
132  2.0607e-04
133  1.6279e-06
134  3.5876e-09
135  7.6553e-12
136  1.1579e-14
137  2.6024e-17
138  1.1848e-19
139  2.2197e-21
140  2.3126e-23
141  5.7946e-25
142  2.9977e-44
143  0.0000e+00
144  0.0000e+00
145  0.0000e+00
146  0.0000e+00
147  0.0000e+00
148  0.0000e+00
149  0.0000e+00
150  0.0000e+00
151  0.0000e+00
152  0.0000e+00
153  0.0000e+00
154  0.0000e+00
155  0.0000e+00
156  0.0000e+00
157  0.0000e+00
158  0.0000e+00
159  0.0000e+00
160  0.0000e+00
161  0.0000e+00
162  0.0000e+00
163  0.0000e+00
164  0.0000e+00
165  0.0000e+00
166  0.0000e+00
167  0.0000e+00
168  0.0000e+00
169  0.0000e+00
170  0.0000e+00
171  0.0000e+00
172  0.0000e+00
173  0.0000e+00
174  0.0000e+00
175  0.0000e+00
176  0.0000e+00
177  0.0000e+00
178  0.0000e+00
179  0.0000e+00
180  0.0000e+00
181  0.0000e+00
182  0.0000e+00
183  0.0000e+00
184  0.0000e+00
185  0.0000e+00
186  0.0000e+00
187  0.0000e+00
188  0.0000e+00
189  0.0000e+00
190  0.0000e+00
191  0.0000e+00
192  0.0000e+00
193  0.0000e+00
194  0.0000e+00
195  0.0000e+00
196  0.0000e+00
197  0.0000e+00
198  0.0000e+00
199  0.0000e+00
200  0.0000e+00
201  0.0000e+00
202  0.0000e+00
203  0.0000e+00
204  0.0000e+00
205  0.0000e+00
206  0.0000e+00
207  0.0000e+00
208  0.0000e+00
209  0.0000e+00
210  0.0000e+00
211  0.0000e+00
212  0.0000e+00
213  0.0000e+00
214  0.0000e+00
215  0.0000e+00
216  0.0000e+00
217  0.0000e+00
218  0.0000e+00
219  0.0000e+00
220  0.0000e+00
221  0.0000e+00
222  0.0000e+00
223  0.0000e+00
224  0.0000e+00
225  0.0000e+00
226  0.0000e+00
227  0.0000e+00
228  0.0000e+00
229  0.0000e+00
230  0.0000e+00
231  0.0000e+00
232  0.0000e+00
233  0.0000e+00
234  0.0000e+00
235  0.0000e+00
236  0.0000e+00
237  0.0000e+00
238  0.0000e+00
239  0.0000e+00
240  0.0000e+00
241  0.0000e+00
242  0.0000e+00
243  0.0000e+00
244  0.0000e+00
245  0.0000e+00
246  0.0000e+00
247  0.0000e+00
248  0.0000e+00
249  0.0000e+00
250  0.0000e+00
251  0.0000e+00
252  0.0000e+00
253  0.0000e+00
254  0.0000e+00
255  0.0000e+00
256  0.0000e+00
257  0.0000e+00
258  0.0000e+00
259  0.0000e+00
260  0.0000e+00
261  0.0000e+00
262  0.0000e+00
263  0.0000e+00
264  0.0000e+00
265  0.0000e+00
266  0.0000e+00
267  0.0000e+00
268  0.0000e+00
269  0.0000e+00
270  0.0000e+00
271  0.0000e+00
272  0.0000e+00
273  0.0000e+00
274  0.0000e+00
275  0.0000e+00
276  0.0000e+00
277  0.0000e+00
278  0.0000e+00
279  0.0000e+00
280  0.0000e+00
281  0.0000e+00
282  0.0000e+00
283  0.0000e+00
284  0.0000e+00
285  0.0000e+00
286  0.0000e+00
287  0.0000e+00
288  0.0000e+00
289  0.0000e+00
290  0.0000e+00
291  0.0000e+00
292  0.0000e+00
293  0.0000e+00
294  0.0000e+00
295  0.0000e+00
296  0.0000e+00
297  0.0000e+00
298  0.0000e+00
299  0.0000e+00
300  0.0000e+00
301  0.0000e+00
302  0.0000e+00
303  0.0000e+00
304  0.0000e+00
305  0.0000e+00
306  0.0000e+00
307  0.0000e+00
308  0.0000e+00
309  0.0000e+00
310  0.0000e+00
311  0.0000e+00
312  0.0000e+00
313  0.0000e+00
314  0.0000e+00
315  0.0000e+00
316  0.0000e+00
317  0.0000e+00
318  0.0000e+00
319  0.0000e+00
320  0.0000e+00
321  0.0000e+00
322  0.0000e+00
323  0.0000e+00
324  0.0000e+00
325  0.0000e+00
326  0.0000e+00
327  0.0000e+00
328  0.0000e+00
329  0.0000e+00
330  0.0000e+00
331  0.0000e+00
332  0.0000e+00
333  0.0000e+00
334  0.0000e+00
335  0.0000e+00
336  0.0000e+00
337  0.0000e+00

