337
time(s) = 1000000000000 t9 = 5.9224254399282109e-12 rho(g/cc) = 1.8149999999996003e-23 
0  0.0000e+00
1  1.4448e-11
2  1.4085e-15
3  7.2908e-19
4  1.1661e-14
5  0.0000e+00
6  7.1702e-34
7  2.6445e-17
8  2.6587e-09
9  7.9730e-21
10  1.0920e-16
11  3.8630e-19
12  1.2517e-22
13  9.9715e-24
14  2.2007e-17
15  4.7675e-21
16  5.2681e-23
17  4.7219e-22
18  1.4808e-19
19  5.8232e-23
20  3.0545e-17
21  5.0647e-21
22  6.1467e-20
23  5.4901e-20
24  9.5479e-17
25  3.2081e-19
26  1.6289e-17
27  5.6761e-19
28  6.1872e-19
29  -4.7171e-17
30  3.2932e-16
31  8.4538e-18
32  4.8554e-17
33  2.8680e-19
34  7.1608e-14
35  1.7107e-14
36  3.0828e-14
37  9.9321e-15
38  2.1507e-15
39  1.4456e-15
40  5.1641e-12
41  8.2768e-14
42  1.2623e-11
43  1.3498e-11
44  7.7659e-12
45  7.1613e-12
46  3.5244e-08
47  8.5087e-09
48  7.0095e-09
49  1.8606e-10
50  3.2654e-07
51  3.7091e-09
52  2.1212e-10
53  1.3183e-10
54  3.4102e-09
55  4.8747e-11
56  7.8873e-11
57  2.1909e-11
58  6.7956e-11
59  3.4783e-11
60  1.2247e-08
61  2.7750e-09
62  6.5766e-09
63  1.3010e-09
64  3.1846e-09
65  1.9815e-09
66  8.7205e-07
67  1.2874e-07
68  4.1599e-07
69  1.0395e-07
70  3.7804e-06
71  6.5468e-07
72  6.3478e-04
73  2.2957e-04
74  1.0792e-03
75  1.7609e-04
76  2.7693e-04
77  8.9802e-04
78  6.6803e-04
79  2.8958e-04
80  6.6416e-03
81  1.5832e-03
82  2.3014e-04
83  4.9829e-06
84  7.0312e-08
85  2.1126e-09
86  1.9641e-09
87  9.7662e-11
88  1.0774e-11
89  1.4251e-12
90  7.1559e-13
91  2.6390e-13
92  1.5281e-12
93  3.2875e-13
94  1.7104e-13
95  1.4503e-13
96  5.5381e-14
97  2.3212e-14
98  2.6977e-13
99  1.0662e-13
100  3.3250e-14
101  1.5884e-14
102  1.2047e-14
103  3.0455e-15
104  1.9582e-15
105  1.6052e-15
106  3.9541e-16
107  6.8533e-17
108  2.1559e-17
109  9.9583e-18
110  7.6165e-18
111  5.8755e-18
112  2.9710e-18
113  1.4629e-18
114  9.9503e-19
115  1.5684e-19
116  1.3234e-19
117  4.3751e-20
118  3.3663e-20
119  5.8748e-21
120  1.5230e-20
121  1.0845e-20
122  6.3058e-20
123  2.3070e-20
124  1.0966e-20
125  1.1452e-20
126  2.5462e-20
127  1.5272e-20
128  3.8612e-20
129  9.7774e-20
130  5.4785e-19
131  3.1986e-19
132  4.6097e-19
133  3.6255e-21
134  8.1169e-24
135  0.0000e+00
136  0.0000e+00
137  3.1477e-311
138  0.0000e+00
139  0.0000e+00
140  0.0000e+00
141  0.0000e+00
142  0.0000e+00
143  0.0000e+00
144  0.0000e+00
145  0.0000e+00
146  0.0000e+00
147  0.0000e+00
148  0.0000e+00
149  0.0000e+00
150  0.0000e+00
151  0.0000e+00
152  0.0000e+00
153  0.0000e+00
154  0.0000e+00
155  0.0000e+00
156  0.0000e+00
157  0.0000e+00
158  0.0000e+00
159  0.0000e+00
160  0.0000e+00
161  0.0000e+00
162  0.0000e+00
163  0.0000e+00
164  0.0000e+00
165  0.0000e+00
166  0.0000e+00
167  0.0000e+00
168  0.0000e+00
169  0.0000e+00
170  0.0000e+00
171  0.0000e+00
172  0.0000e+00
173  0.0000e+00
174  0.0000e+00
175  0.0000e+00
176  0.0000e+00
177  0.0000e+00
178  0.0000e+00
179  0.0000e+00
180  0.0000e+00
181  0.0000e+00
182  0.0000e+00
183  0.0000e+00
184  0.0000e+00
185  0.0000e+00
186  0.0000e+00
187  0.0000e+00
188  0.0000e+00
189  0.0000e+00
190  0.0000e+00
191  0.0000e+00
192  0.0000e+00
193  0.0000e+00
194  0.0000e+00
195  0.0000e+00
196  0.0000e+00
197  0.0000e+00
198  0.0000e+00
199  0.0000e+00
200  0.0000e+00
201  0.0000e+00
202  0.0000e+00
203  0.0000e+00
204  0.0000e+00
205  0.0000e+00
206  0.0000e+00
207  0.0000e+00
208  0.0000e+00
209  0.0000e+00
210  0.0000e+00
211  0.0000e+00
212  0.0000e+00
213  0.0000e+00
214  0.0000e+00
215  0.0000e+00
216  0.0000e+00
217  0.0000e+00
218  0.0000e+00
219  0.0000e+00
220  0.0000e+00
221  0.0000e+00
222  0.0000e+00
223  0.0000e+00
224  0.0000e+00
225  0.0000e+00
226  0.0000e+00
227  0.0000e+00
228  0.0000e+00
229  0.0000e+00
230  0.0000e+00
231  0.0000e+00
232  0.0000e+00
233  0.0000e+00
234  0.0000e+00
235  0.0000e+00
236  0.0000e+00
237  0.0000e+00
238  0.0000e+00
239  0.0000e+00
240  0.0000e+00
241  0.0000e+00
242  0.0000e+00
243  0.0000e+00
244  0.0000e+00
245  0.0000e+00
246  0.0000e+00
247  0.0000e+00
248  0.0000e+00
249  0.0000e+00
250  0.0000e+00
251  0.0000e+00
252  0.0000e+00
253  0.0000e+00
254  0.0000e+00
255  0.0000e+00
256  0.0000e+00
257  0.0000e+00
258  0.0000e+00
259  0.0000e+00
260  0.0000e+00
261  0.0000e+00
262  0.0000e+00
263  0.0000e+00
264  0.0000e+00
265  0.0000e+00
266  0.0000e+00
267  0.0000e+00
268  0.0000e+00
269  0.0000e+00
270  0.0000e+00
271  0.0000e+00
272  0.0000e+00
273  0.0000e+00
274  0.0000e+00
275  0.0000e+00
276  0.0000e+00
277  0.0000e+00
278  0.0000e+00
279  0.0000e+00
280  0.0000e+00
281  0.0000e+00
282  0.0000e+00
283  0.0000e+00
284  0.0000e+00
285  0.0000e+00
286  0.0000e+00
287  0.0000e+00
288  0.0000e+00
289  0.0000e+00
290  0.0000e+00
291  0.0000e+00
292  0.0000e+00
293  0.0000e+00
294  0.0000e+00
295  0.0000e+00
296  0.0000e+00
297  0.0000e+00
298  0.0000e+00
299  0.0000e+00
300  0.0000e+00
301  0.0000e+00
302  0.0000e+00
303  0.0000e+00
304  0.0000e+00
305  0.0000e+00
306  0.0000e+00
307  0.0000e+00
308  0.0000e+00
309  0.0000e+00
310  0.0000e+00
311  0.0000e+00
312  0.0000e+00
313  0.0000e+00
314  0.0000e+00
315  0.0000e+00
316  0.0000e+00
317  0.0000e+00
318  0.0000e+00
319  0.0000e+00
320  0.0000e+00
321  0.0000e+00
322  0.0000e+00
323  0.0000e+00
324  0.0000e+00
325  0.0000e+00
326  0.0000e+00
327  0.0000e+00
328  0.0000e+00
329  0.0000e+00
330  0.0000e+00
331  0.0000e+00
332  0.0000e+00
333  0.0000e+00
334  0.0000e+00
335  0.0000e+00
336  0.0000e+00
337  0.0000e+00

