337
time(s) = 1000000000000 t9 = 3.0285116823209234e-12 rho(g/cc) = 1.8149999999996003e-23 
0  0.0000e+00
1  9.2962e-12
2  6.1021e-16
3  4.3283e-20
4  1.0947e-12
5  0.0000e+00
6  4.6307e-28
7  1.1110e-18
8  6.4026e-08
9  1.7053e-22
10  5.3504e-18
11  2.0434e-20
12  4.4163e-24
13  1.8574e-25
14  4.3155e-21
15  6.7897e-23
16  3.9247e-53
17  4.0392e-26
18  2.1455e-24
19  6.2330e-57
20  3.3201e-42
21  0.0000e+00
22  1.7831e-94
23  2.7078e-42
24  0.0000e+00
25  0.0000e+00
26  0.0000e+00
27  0.0000e+00
28  0.0000e+00
29  0.0000e+00
30  0.0000e+00
31  0.0000e+00
32  0.0000e+00
33  0.0000e+00
34  0.0000e+00
35  0.0000e+00
36  0.0000e+00
37  0.0000e+00
38  0.0000e+00
39  0.0000e+00
40  0.0000e+00
41  0.0000e+00
42  0.0000e+00
43  0.0000e+00
44  4.7958e-26
45  1.6639e-26
46  4.0074e-22
47  7.2233e-22
48  3.6884e-20
49  2.5912e-21
50  5.2224e-19
51  1.2806e-20
52  2.8858e-21
53  2.9400e-22
54  8.0475e-19
55  8.2891e-21
56  6.4952e-21
57  1.8733e-20
58  6.7757e-18
59  1.7375e-18
60  4.8419e-16
61  6.4152e-17
62  9.9226e-17
63  1.4376e-16
64  2.5236e-14
65  1.5157e-14
66  9.3523e-12
67  9.9235e-13
68  7.3038e-12
69  9.0537e-12
70  1.9199e-07
71  1.5889e-08
72  8.7068e-06
73  1.6264e-06
74  4.6604e-06
75  1.7947e-05
76  2.1090e-05
77  5.2631e-05
78  1.2012e-03
79  2.5449e-04
80  4.4040e-03
81  1.8405e-03
82  8.3955e-04
83  1.9414e-05
84  4.8644e-07
85  1.3537e-08
86  4.2425e-08
87  9.4546e-09
88  3.7978e-08
89  2.6738e-09
90  8.7738e-09
91  2.3316e-09
92  7.6882e-09
93  7.1804e-09
94  7.2942e-09
95  5.9389e-09
96  4.2254e-08
97  2.6034e-08
98  2.1110e-06
99  8.7954e-07
100  2.8554e-07
101  2.1742e-07
102  1.4899e-06
103  3.4150e-07
104  2.2973e-07
105  4.4273e-07
106  1.4160e-07
107  2.9589e-08
108  1.0024e-07
109  5.9917e-08
110  4.6905e-08
111  4.7213e-08
112  3.3330e-08
113  1.7828e-08
114  1.6329e-07
115  3.8025e-08
116  3.9398e-08
117  6.0924e-08
118  1.7225e-06
119  3.3043e-07
120  7.6081e-06
121  3.9681e-06
122  1.4116e-05
123  3.9959e-06
124  1.3184e-06
125  1.9694e-06
126  2.6527e-06
127  6.9934e-06
128  1.0744e-04
129  1.4786e-04
130  6.6513e-04
131  4.5282e-04
132  9.1271e-04
133  6.8623e-06
134  1.4336e-08
135  3.0086e-11
136  4.5693e-14
137  9.2045e-17
138  4.1489e-19
139  7.7900e-21
140  7.1881e-23
141  1.6976e-24
142  8.7509e-38
143  2.0434e-32
144  1.0277e-32
145  2.7759e-37
146  6.0724e-42
147  0.0000e+00
148  0.0000e+00
149  0.0000e+00
150  0.0000e+00
151  0.0000e+00
152  0.0000e+00
153  0.0000e+00
154  0.0000e+00
155  0.0000e+00
156  0.0000e+00
157  0.0000e+00
158  0.0000e+00
159  0.0000e+00
160  0.0000e+00
161  0.0000e+00
162  0.0000e+00
163  0.0000e+00
164  0.0000e+00
165  0.0000e+00
166  0.0000e+00
167  0.0000e+00
168  0.0000e+00
169  0.0000e+00
170  0.0000e+00
171  0.0000e+00
172  0.0000e+00
173  0.0000e+00
174  0.0000e+00
175  0.0000e+00
176  0.0000e+00
177  0.0000e+00
178  0.0000e+00
179  0.0000e+00
180  0.0000e+00
181  0.0000e+00
182  0.0000e+00
183  0.0000e+00
184  0.0000e+00
185  0.0000e+00
186  0.0000e+00
187  0.0000e+00
188  0.0000e+00
189  0.0000e+00
190  0.0000e+00
191  0.0000e+00
192  0.0000e+00
193  0.0000e+00
194  0.0000e+00
195  0.0000e+00
196  0.0000e+00
197  0.0000e+00
198  0.0000e+00
199  0.0000e+00
200  0.0000e+00
201  0.0000e+00
202  0.0000e+00
203  0.0000e+00
204  0.0000e+00
205  0.0000e+00
206  0.0000e+00
207  0.0000e+00
208  0.0000e+00
209  0.0000e+00
210  0.0000e+00
211  0.0000e+00
212  0.0000e+00
213  0.0000e+00
214  0.0000e+00
215  0.0000e+00
216  0.0000e+00
217  0.0000e+00
218  0.0000e+00
219  0.0000e+00
220  0.0000e+00
221  0.0000e+00
222  0.0000e+00
223  4.3081e-26
224  0.0000e+00
225  0.0000e+00
226  6.3053e-26
227  7.0973e-26
228  2.8707e-30
229  7.5080e-26
230  7.8627e-25
231  2.3249e-25
232  1.8390e-24
233  5.1505e-25
234  1.4692e-24
235  1.4050e-24
236  9.0955e-25
237  1.5318e-24
238  2.5831e-25
239  7.7801e-25
240  1.3661e-25
241  1.3858e-24
242  3.4563e-25
243  1.7683e-320
244  7.1382e-25
245  8.0019e-26
246  0.0000e+00
247  0.0000e+00
248  0.0000e+00
249  0.0000e+00
250  0.0000e+00
251  0.0000e+00
252  0.0000e+00
253  0.0000e+00
254  0.0000e+00
255  0.0000e+00
256  0.0000e+00
257  0.0000e+00
258  0.0000e+00
259  0.0000e+00
260  0.0000e+00
261  0.0000e+00
262  0.0000e+00
263  0.0000e+00
264  0.0000e+00
265  0.0000e+00
266  0.0000e+00
267  0.0000e+00
268  0.0000e+00
269  0.0000e+00
270  0.0000e+00
271  0.0000e+00
272  0.0000e+00
273  0.0000e+00
274  0.0000e+00
275  0.0000e+00
276  0.0000e+00
277  0.0000e+00
278  0.0000e+00
279  0.0000e+00
280  0.0000e+00
281  0.0000e+00
282  0.0000e+00
283  0.0000e+00
284  0.0000e+00
285  0.0000e+00
286  0.0000e+00
287  0.0000e+00
288  0.0000e+00
289  0.0000e+00
290  0.0000e+00
291  0.0000e+00
292  0.0000e+00
293  0.0000e+00
294  0.0000e+00
295  0.0000e+00
296  0.0000e+00
297  0.0000e+00
298  0.0000e+00
299  0.0000e+00
300  0.0000e+00
301  0.0000e+00
302  0.0000e+00
303  0.0000e+00
304  0.0000e+00
305  0.0000e+00
306  0.0000e+00
307  0.0000e+00
308  0.0000e+00
309  0.0000e+00
310  0.0000e+00
311  0.0000e+00
312  0.0000e+00
313  0.0000e+00
314  0.0000e+00
315  0.0000e+00
316  0.0000e+00
317  0.0000e+00
318  0.0000e+00
319  0.0000e+00
320  0.0000e+00
321  0.0000e+00
322  0.0000e+00
323  0.0000e+00
324  0.0000e+00
325  0.0000e+00
326  0.0000e+00
327  0.0000e+00
328  0.0000e+00
329  0.0000e+00
330  0.0000e+00
331  0.0000e+00
332  0.0000e+00
333  0.0000e+00
334  0.0000e+00
335  0.0000e+00
336  0.0000e+00
337  0.0000e+00

