337
time(s) = 1000000000000 t9 = 7.1733116831741439e-12 rho(g/cc) = 1.8149999999996003e-23 
0  0.0000e+00
1  1.4299e-11
2  1.4001e-15
3  1.3964e-18
4  1.2442e-14
5  0.0000e+00
6  2.0871e-33
7  5.2004e-17
8  1.3711e-09
9  1.6918e-20
10  2.1654e-16
11  6.6714e-19
12  2.1223e-22
13  1.8386e-23
14  4.4675e-17
15  1.0311e-20
16  1.1222e-22
17  9.5483e-22
18  3.1902e-19
19  1.1976e-22
20  5.8156e-17
21  9.6054e-21
22  1.0476e-19
23  9.9047e-20
24  1.7866e-16
25  5.3826e-19
26  2.7085e-17
27  9.6897e-19
28  1.1754e-18
29  -5.5245e-17
30  5.8235e-16
31  1.4963e-17
32  5.7666e-17
33  4.7294e-19
34  1.2599e-13
35  2.6894e-14
36  4.8342e-14
37  1.6227e-14
38  3.5548e-15
39  2.1732e-15
40  8.4727e-12
41  1.2718e-13
42  1.8546e-11
43  2.0393e-11
44  1.2381e-11
45  1.0106e-11
46  5.4132e-08
47  1.2852e-08
48  1.2049e-08
49  2.9975e-10
50  5.0899e-07
51  5.6871e-09
52  3.0958e-10
53  1.8309e-10
54  5.0377e-09
55  6.9706e-11
56  1.0398e-10
57  3.1245e-11
58  9.7660e-11
59  4.7707e-11
60  1.6203e-08
61  3.4699e-09
62  7.8397e-09
63  1.6411e-09
64  4.0202e-09
65  2.4753e-09
66  1.0822e-06
67  1.5279e-07
68  4.6501e-07
69  1.2250e-07
70  4.5897e-06
71  7.5212e-07
72  6.9057e-04
73  2.3174e-04
74  1.0586e-03
75  1.7789e-04
76  2.7052e-04
77  8.7613e-04
78  7.1555e-04
79  2.9178e-04
80  6.5834e-03
81  1.5802e-03
82  2.3392e-04
83  4.9851e-06
84  6.9681e-08
85  2.0569e-09
86  1.8381e-09
87  9.0220e-11
88  9.8217e-12
89  1.2727e-12
90  6.1414e-13
91  2.1683e-13
92  1.1958e-12
93  2.5645e-13
94  1.3486e-13
95  1.1396e-13
96  4.3153e-14
97  1.7629e-14
98  2.1392e-13
99  8.3662e-14
100  2.5533e-14
101  1.2181e-14
102  9.3427e-15
103  2.3285e-15
104  1.4650e-15
105  1.1814e-15
106  2.8537e-16
107  4.8661e-17
108  1.5186e-17
109  6.9639e-18
110  5.2111e-18
111  3.9681e-18
112  1.9725e-18
113  9.5646e-19
114  6.4167e-19
115  1.0016e-19
116  8.2313e-20
117  2.7239e-20
118  2.0503e-20
119  3.5112e-21
120  7.1441e-21
121  4.5567e-21
122  2.4366e-20
123  8.7334e-21
124  3.9785e-21
125  4.0244e-21
126  8.3318e-21
127  5.4128e-21
128  1.5033e-20
129  3.6958e-20
130  2.0434e-19
131  1.2002e-19
132  1.7519e-19
133  1.3642e-21
134  2.9682e-24
135  0.0000e+00
136  0.0000e+00
137  1.2578e-311
138  0.0000e+00
139  0.0000e+00
140  0.0000e+00
141  0.0000e+00
142  0.0000e+00
143  0.0000e+00
144  0.0000e+00
145  0.0000e+00
146  0.0000e+00
147  0.0000e+00
148  0.0000e+00
149  0.0000e+00
150  0.0000e+00
151  0.0000e+00
152  0.0000e+00
153  0.0000e+00
154  0.0000e+00
155  0.0000e+00
156  0.0000e+00
157  0.0000e+00
158  0.0000e+00
159  0.0000e+00
160  0.0000e+00
161  0.0000e+00
162  0.0000e+00
163  0.0000e+00
164  0.0000e+00
165  0.0000e+00
166  0.0000e+00
167  0.0000e+00
168  0.0000e+00
169  0.0000e+00
170  0.0000e+00
171  0.0000e+00
172  0.0000e+00
173  0.0000e+00
174  0.0000e+00
175  0.0000e+00
176  0.0000e+00
177  0.0000e+00
178  0.0000e+00
179  0.0000e+00
180  0.0000e+00
181  0.0000e+00
182  0.0000e+00
183  0.0000e+00
184  0.0000e+00
185  0.0000e+00
186  0.0000e+00
187  0.0000e+00
188  0.0000e+00
189  0.0000e+00
190  0.0000e+00
191  0.0000e+00
192  0.0000e+00
193  0.0000e+00
194  0.0000e+00
195  0.0000e+00
196  0.0000e+00
197  0.0000e+00
198  0.0000e+00
199  0.0000e+00
200  0.0000e+00
201  0.0000e+00
202  0.0000e+00
203  0.0000e+00
204  0.0000e+00
205  0.0000e+00
206  0.0000e+00
207  0.0000e+00
208  0.0000e+00
209  0.0000e+00
210  0.0000e+00
211  0.0000e+00
212  0.0000e+00
213  0.0000e+00
214  0.0000e+00
215  0.0000e+00
216  0.0000e+00
217  0.0000e+00
218  0.0000e+00
219  0.0000e+00
220  0.0000e+00
221  0.0000e+00
222  0.0000e+00
223  0.0000e+00
224  0.0000e+00
225  0.0000e+00
226  0.0000e+00
227  0.0000e+00
228  0.0000e+00
229  0.0000e+00
230  0.0000e+00
231  0.0000e+00
232  0.0000e+00
233  0.0000e+00
234  0.0000e+00
235  0.0000e+00
236  0.0000e+00
237  0.0000e+00
238  0.0000e+00
239  0.0000e+00
240  0.0000e+00
241  0.0000e+00
242  0.0000e+00
243  0.0000e+00
244  0.0000e+00
245  0.0000e+00
246  0.0000e+00
247  0.0000e+00
248  0.0000e+00
249  0.0000e+00
250  0.0000e+00
251  0.0000e+00
252  0.0000e+00
253  0.0000e+00
254  0.0000e+00
255  0.0000e+00
256  0.0000e+00
257  0.0000e+00
258  0.0000e+00
259  0.0000e+00
260  0.0000e+00
261  0.0000e+00
262  0.0000e+00
263  0.0000e+00
264  0.0000e+00
265  0.0000e+00
266  0.0000e+00
267  0.0000e+00
268  0.0000e+00
269  0.0000e+00
270  0.0000e+00
271  0.0000e+00
272  0.0000e+00
273  0.0000e+00
274  0.0000e+00
275  0.0000e+00
276  0.0000e+00
277  0.0000e+00
278  0.0000e+00
279  0.0000e+00
280  0.0000e+00
281  0.0000e+00
282  0.0000e+00
283  0.0000e+00
284  0.0000e+00
285  0.0000e+00
286  0.0000e+00
287  0.0000e+00
288  0.0000e+00
289  0.0000e+00
290  0.0000e+00
291  0.0000e+00
292  0.0000e+00
293  0.0000e+00
294  0.0000e+00
295  0.0000e+00
296  0.0000e+00
297  0.0000e+00
298  0.0000e+00
299  0.0000e+00
300  0.0000e+00
301  0.0000e+00
302  0.0000e+00
303  0.0000e+00
304  0.0000e+00
305  0.0000e+00
306  0.0000e+00
307  0.0000e+00
308  0.0000e+00
309  0.0000e+00
310  0.0000e+00
311  0.0000e+00
312  0.0000e+00
313  0.0000e+00
314  0.0000e+00
315  0.0000e+00
316  0.0000e+00
317  0.0000e+00
318  0.0000e+00
319  0.0000e+00
320  0.0000e+00
321  0.0000e+00
322  0.0000e+00
323  0.0000e+00
324  0.0000e+00
325  0.0000e+00
326  0.0000e+00
327  0.0000e+00
328  0.0000e+00
329  0.0000e+00
330  0.0000e+00
331  0.0000e+00
332  0.0000e+00
333  0.0000e+00
334  0.0000e+00
335  0.0000e+00
336  0.0000e+00
337  0.0000e+00

