337
time(s) = 1000000000000 t9 = 9.5620244735836392e-12 rho(g/cc) = 1.8149999999996003e-23 
0  0.0000e+00
1  1.3777e-11
2  1.3325e-15
3  4.2951e-22
4  1.2613e-14
5  0.0000e+00
6  1.0700e-41
7  9.7166e-26
8  5.2586e-10
9  4.2113e-40
10  1.3998e-25
11  2.2632e-23
12  1.1966e-23
13  4.4731e-24
14  7.2785e-17
15  2.5155e-21
16  4.5255e-23
17  2.6042e-22
18  5.8942e-19
19  2.0008e-22
20  8.3364e-17
21  1.3633e-20
22  1.2046e-19
23  1.2921e-19
24  2.6736e-16
25  6.4484e-19
26  3.1809e-17
27  1.2032e-18
28  1.9572e-18
29  -6.1148e-17
30  8.3440e-16
31  2.1498e-17
32  6.4763e-17
33  6.4646e-19
34  1.9272e-13
35  3.2540e-14
36  5.8218e-14
37  2.1788e-14
38  5.3742e-15
39  2.5299e-15
40  1.2468e-11
41  1.6453e-13
42  2.1691e-11
43  2.6724e-11
44  1.9421e-11
45  1.1823e-11
46  7.6213e-08
47  1.8254e-08
48  2.3297e-08
49  5.0252e-10
50  7.9544e-07
51  8.6503e-09
52  4.2825e-10
53  2.2765e-10
54  7.6616e-09
55  9.8756e-11
56  1.2511e-10
57  4.5312e-11
58  1.5431e-10
59  6.9929e-11
60  2.1912e-08
61  4.1780e-09
62  8.5055e-09
63  2.0416e-09
64  5.1227e-09
65  3.1723e-09
66  1.3984e-06
67  1.8007e-07
68  4.8323e-07
69  1.4421e-07
70  6.5089e-06
71  9.6052e-07
72  7.7683e-04
73  2.2297e-04
74  9.5382e-04
75  1.7788e-04
76  2.5228e-04
77  8.1252e-04
78  8.3998e-04
79  2.9968e-04
80  6.5261e-03
81  1.5968e-03
82  2.4828e-04
83  5.1085e-06
84  6.9958e-08
85  1.9724e-09
86  1.6886e-09
87  8.0934e-11
88  8.6012e-12
89  1.0566e-12
90  4.8703e-13
91  1.5759e-13
92  7.8326e-13
93  1.6727e-13
94  9.0279e-14
95  7.5601e-14
96  2.8190e-14
97  1.0869e-14
98  1.4811e-13
99  5.6298e-14
100  1.6399e-14
101  7.8088e-15
102  6.2231e-15
103  1.4995e-15
104  9.1334e-16
105  7.1434e-16
106  1.6541e-16
107  2.7242e-17
108  8.7319e-18
109  4.0067e-18
110  2.9562e-18
111  2.2394e-18
112  1.0818e-18
113  5.0873e-19
114  3.4397e-19
115  5.3721e-20
116  4.2400e-20
117  1.4410e-20
118  1.0573e-20
119  1.7747e-21
120  3.5062e-21
121  2.0562e-21
122  9.9361e-21
123  3.3966e-21
124  1.4175e-21
125  1.3774e-21
126  2.4797e-21
127  1.9628e-21
128  6.9764e-21
129  1.5971e-20
130  8.5427e-20
131  5.0807e-20
132  7.6277e-20
133  5.8026e-22
134  1.1640e-24
135  0.0000e+00
136  0.0000e+00
137  5.3821e-312
138  0.0000e+00
139  0.0000e+00
140  0.0000e+00
141  0.0000e+00
142  0.0000e+00
143  0.0000e+00
144  0.0000e+00
145  0.0000e+00
146  0.0000e+00
147  0.0000e+00
148  0.0000e+00
149  0.0000e+00
150  0.0000e+00
151  0.0000e+00
152  0.0000e+00
153  0.0000e+00
154  0.0000e+00
155  0.0000e+00
156  0.0000e+00
157  0.0000e+00
158  0.0000e+00
159  0.0000e+00
160  0.0000e+00
161  0.0000e+00
162  0.0000e+00
163  0.0000e+00
164  0.0000e+00
165  0.0000e+00
166  0.0000e+00
167  0.0000e+00
168  0.0000e+00
169  0.0000e+00
170  0.0000e+00
171  0.0000e+00
172  0.0000e+00
173  0.0000e+00
174  0.0000e+00
175  0.0000e+00
176  0.0000e+00
177  0.0000e+00
178  0.0000e+00
179  0.0000e+00
180  0.0000e+00
181  0.0000e+00
182  0.0000e+00
183  0.0000e+00
184  0.0000e+00
185  0.0000e+00
186  0.0000e+00
187  0.0000e+00
188  0.0000e+00
189  0.0000e+00
190  0.0000e+00
191  0.0000e+00
192  0.0000e+00
193  0.0000e+00
194  0.0000e+00
195  0.0000e+00
196  0.0000e+00
197  0.0000e+00
198  0.0000e+00
199  0.0000e+00
200  0.0000e+00
201  0.0000e+00
202  0.0000e+00
203  0.0000e+00
204  0.0000e+00
205  0.0000e+00
206  0.0000e+00
207  0.0000e+00
208  0.0000e+00
209  0.0000e+00
210  0.0000e+00
211  0.0000e+00
212  0.0000e+00
213  0.0000e+00
214  0.0000e+00
215  0.0000e+00
216  0.0000e+00
217  0.0000e+00
218  0.0000e+00
219  0.0000e+00
220  0.0000e+00
221  0.0000e+00
222  0.0000e+00
223  0.0000e+00
224  0.0000e+00
225  0.0000e+00
226  0.0000e+00
227  0.0000e+00
228  0.0000e+00
229  0.0000e+00
230  0.0000e+00
231  0.0000e+00
232  0.0000e+00
233  0.0000e+00
234  0.0000e+00
235  0.0000e+00
236  0.0000e+00
237  0.0000e+00
238  0.0000e+00
239  0.0000e+00
240  0.0000e+00
241  0.0000e+00
242  0.0000e+00
243  0.0000e+00
244  0.0000e+00
245  0.0000e+00
246  0.0000e+00
247  0.0000e+00
248  0.0000e+00
249  0.0000e+00
250  0.0000e+00
251  0.0000e+00
252  0.0000e+00
253  0.0000e+00
254  0.0000e+00
255  0.0000e+00
256  0.0000e+00
257  0.0000e+00
258  0.0000e+00
259  0.0000e+00
260  0.0000e+00
261  0.0000e+00
262  0.0000e+00
263  0.0000e+00
264  0.0000e+00
265  0.0000e+00
266  0.0000e+00
267  0.0000e+00
268  0.0000e+00
269  0.0000e+00
270  0.0000e+00
271  0.0000e+00
272  0.0000e+00
273  0.0000e+00
274  0.0000e+00
275  0.0000e+00
276  0.0000e+00
277  0.0000e+00
278  0.0000e+00
279  0.0000e+00
280  0.0000e+00
281  0.0000e+00
282  0.0000e+00
283  0.0000e+00
284  0.0000e+00
285  0.0000e+00
286  0.0000e+00
287  0.0000e+00
288  0.0000e+00
289  0.0000e+00
290  0.0000e+00
291  0.0000e+00
292  0.0000e+00
293  0.0000e+00
294  0.0000e+00
295  0.0000e+00
296  0.0000e+00
297  0.0000e+00
298  0.0000e+00
299  0.0000e+00
300  0.0000e+00
301  0.0000e+00
302  0.0000e+00
303  0.0000e+00
304  0.0000e+00
305  0.0000e+00
306  0.0000e+00
307  0.0000e+00
308  0.0000e+00
309  0.0000e+00
310  0.0000e+00
311  0.0000e+00
312  0.0000e+00
313  0.0000e+00
314  0.0000e+00
315  0.0000e+00
316  0.0000e+00
317  0.0000e+00
318  0.0000e+00
319  0.0000e+00
320  0.0000e+00
321  0.0000e+00
322  0.0000e+00
323  0.0000e+00
324  0.0000e+00
325  0.0000e+00
326  0.0000e+00
327  0.0000e+00
328  0.0000e+00
329  0.0000e+00
330  0.0000e+00
331  0.0000e+00
332  0.0000e+00
333  0.0000e+00
334  0.0000e+00
335  0.0000e+00
336  0.0000e+00
337  0.0000e+00

