337
time(s) = 1000000000000 t9 = 4.4429298124089171e-12 rho(g/cc) = 1.8149999999996003e-23 
0  0.0000e+00
1  1.5132e-11
2  1.5619e-15
3  2.3678e-19
4  1.6833e-13
5  0.0000e+00
6  1.6930e-27
7  8.0413e-18
8  9.6235e-09
9  1.7874e-21
10  3.2688e-17
11  1.2645e-19
12  3.0315e-23
13  3.0037e-24
14  4.5002e-20
15  2.1099e-21
16  2.5722e-25
17  8.8020e-25
18  1.0358e-24
19  1.4225e-27
20  4.5235e-22
21  8.3603e-26
22  3.2492e-24
23  9.0267e-32
24  5.9135e-22
25  5.3362e-24
26  2.7994e-22
27  9.1501e-24
28  3.1221e-24
29  5.5062e-25
30  2.8041e-22
31  7.1690e-24
32  7.1230e-25
33  7.2791e-23
34  2.4532e-23
35  6.0527e-24
36  2.0236e-23
37  2.6415e-24
38  3.4285e-24
39  3.6017e-25
40  2.4990e-47
41  1.0713e-151
42  4.5733e-25
43  3.0845e-88
44  1.8094e-26
45  4.1745e-26
46  9.4952e-22
47  1.4366e-21
48  7.7045e-21
49  6.8525e-22
50  5.2852e-19
51  1.2589e-20
52  2.0594e-21
53  9.3267e-22
54  1.8495e-18
55  2.8686e-20
56  8.0881e-20
57  2.8577e-20
58  2.7326e-18
59  3.5653e-18
60  9.5968e-16
61  2.6684e-16
62  7.5057e-16
63  1.8797e-16
64  1.6526e-14
65  4.7940e-14
66  2.6879e-11
67  4.6871e-12
68  2.3174e-11
69  1.7341e-11
70  1.3583e-07
71  4.7246e-08
72  3.3830e-05
73  1.5606e-05
74  8.0301e-05
75  3.9056e-05
76  1.0841e-04
77  3.6843e-04
78  5.6180e-04
79  3.2228e-04
80  8.2920e-03
81  2.1245e-03
82  3.8447e-04
83  9.5393e-06
84  2.3429e-07
85  7.0297e-09
86  9.3771e-08
87  1.4918e-08
88  9.7881e-09
89  9.3895e-10
90  9.3785e-09
91  4.6360e-09
92  2.9848e-08
93  6.0126e-09
94  4.1465e-09
95  4.1439e-09
96  2.7146e-09
97  2.4570e-09
98  2.2924e-07
99  9.2391e-08
100  3.5487e-08
101  3.0871e-08
102  1.4367e-07
103  4.2828e-08
104  7.0251e-08
105  1.0456e-07
106  3.4407e-08
107  7.3010e-09
108  1.6344e-08
109  1.0934e-08
110  1.5737e-08
111  1.5015e-08
112  8.9860e-09
113  4.3097e-09
114  2.3237e-08
115  5.8807e-09
116  6.9495e-09
117  5.6878e-09
118  3.2268e-08
119  6.9013e-09
120  2.6883e-07
121  2.2581e-07
122  1.4696e-06
123  4.4950e-07
124  2.2537e-07
125  2.9472e-07
126  8.7469e-07
127  4.6821e-07
128  1.8566e-06
129  6.4311e-06
130  3.5663e-05
131  2.2205e-05
132  3.4673e-05
133  2.7582e-07
134  6.1479e-10
135  1.3667e-12
136  2.1353e-15
137  4.9583e-18
138  2.2729e-20
139  4.3250e-22
140  4.7558e-24
141  0.0000e+00
142  0.0000e+00
143  0.0000e+00
144  0.0000e+00
145  0.0000e+00
146  0.0000e+00
147  0.0000e+00
148  0.0000e+00
149  0.0000e+00
150  0.0000e+00
151  0.0000e+00
152  0.0000e+00
153  0.0000e+00
154  0.0000e+00
155  0.0000e+00
156  0.0000e+00
157  0.0000e+00
158  0.0000e+00
159  0.0000e+00
160  0.0000e+00
161  0.0000e+00
162  0.0000e+00
163  0.0000e+00
164  0.0000e+00
165  0.0000e+00
166  0.0000e+00
167  0.0000e+00
168  0.0000e+00
169  0.0000e+00
170  0.0000e+00
171  0.0000e+00
172  0.0000e+00
173  0.0000e+00
174  0.0000e+00
175  0.0000e+00
176  0.0000e+00
177  0.0000e+00
178  0.0000e+00
179  0.0000e+00
180  0.0000e+00
181  0.0000e+00
182  0.0000e+00
183  0.0000e+00
184  0.0000e+00
185  0.0000e+00
186  0.0000e+00
187  0.0000e+00
188  0.0000e+00
189  0.0000e+00
190  0.0000e+00
191  0.0000e+00
192  0.0000e+00
193  0.0000e+00
194  0.0000e+00
195  0.0000e+00
196  0.0000e+00
197  0.0000e+00
198  0.0000e+00
199  0.0000e+00
200  0.0000e+00
201  0.0000e+00
202  0.0000e+00
203  0.0000e+00
204  0.0000e+00
205  0.0000e+00
206  0.0000e+00
207  0.0000e+00
208  0.0000e+00
209  0.0000e+00
210  0.0000e+00
211  0.0000e+00
212  0.0000e+00
213  0.0000e+00
214  0.0000e+00
215  0.0000e+00
216  0.0000e+00
217  0.0000e+00
218  0.0000e+00
219  0.0000e+00
220  0.0000e+00
221  0.0000e+00
222  0.0000e+00
223  0.0000e+00
224  0.0000e+00
225  0.0000e+00
226  0.0000e+00
227  0.0000e+00
228  0.0000e+00
229  0.0000e+00
230  0.0000e+00
231  0.0000e+00
232  0.0000e+00
233  0.0000e+00
234  0.0000e+00
235  0.0000e+00
236  0.0000e+00
237  0.0000e+00
238  0.0000e+00
239  0.0000e+00
240  0.0000e+00
241  0.0000e+00
242  0.0000e+00
243  0.0000e+00
244  0.0000e+00
245  0.0000e+00
246  0.0000e+00
247  0.0000e+00
248  0.0000e+00
249  0.0000e+00
250  0.0000e+00
251  0.0000e+00
252  0.0000e+00
253  0.0000e+00
254  0.0000e+00
255  0.0000e+00
256  0.0000e+00
257  0.0000e+00
258  0.0000e+00
259  0.0000e+00
260  0.0000e+00
261  0.0000e+00
262  0.0000e+00
263  0.0000e+00
264  0.0000e+00
265  0.0000e+00
266  0.0000e+00
267  0.0000e+00
268  0.0000e+00
269  0.0000e+00
270  0.0000e+00
271  0.0000e+00
272  0.0000e+00
273  0.0000e+00
274  0.0000e+00
275  0.0000e+00
276  0.0000e+00
277  0.0000e+00
278  0.0000e+00
279  0.0000e+00
280  0.0000e+00
281  0.0000e+00
282  0.0000e+00
283  0.0000e+00
284  0.0000e+00
285  0.0000e+00
286  0.0000e+00
287  0.0000e+00
288  0.0000e+00
289  0.0000e+00
290  0.0000e+00
291  0.0000e+00
292  0.0000e+00
293  0.0000e+00
294  0.0000e+00
295  0.0000e+00
296  0.0000e+00
297  0.0000e+00
298  0.0000e+00
299  0.0000e+00
300  0.0000e+00
301  0.0000e+00
302  0.0000e+00
303  0.0000e+00
304  0.0000e+00
305  0.0000e+00
306  0.0000e+00
307  0.0000e+00
308  0.0000e+00
309  0.0000e+00
310  0.0000e+00
311  0.0000e+00
312  0.0000e+00
313  0.0000e+00
314  0.0000e+00
315  0.0000e+00
316  0.0000e+00
317  0.0000e+00
318  0.0000e+00
319  0.0000e+00
320  0.0000e+00
321  0.0000e+00
322  0.0000e+00
323  0.0000e+00
324  0.0000e+00
325  0.0000e+00
326  0.0000e+00
327  0.0000e+00
328  0.0000e+00
329  0.0000e+00
330  0.0000e+00
331  0.0000e+00
332  0.0000e+00
333  0.0000e+00
334  0.0000e+00
335  0.0000e+00
336  0.0000e+00
337  0.0000e+00

