337
time(s) = 1000000000000 t9 = 1.2746178623010739e-11 rho(g/cc) = 1.8149999999996003e-23 
0  0.0000e+00
1  1.3992e-11
2  1.4074e-15
3  4.7475e-22
4  1.3088e-14
5  0.0000e+00
6  1.1820e-41
7  8.1781e-32
8  3.9292e-11
9  2.1253e-40
10  1.8860e-25
11  3.1069e-23
12  1.6442e-23
13  6.1032e-24
14  9.7951e-17
15  3.4098e-21
16  4.1888e-23
17  2.0850e-22
18  7.9879e-19
19  2.6920e-22
20  1.1043e-16
21  1.8057e-20
22  1.5596e-19
23  1.6846e-19
24  3.4956e-16
25  8.2595e-19
26  4.0662e-17
27  1.5442e-18
28  2.5432e-18
29  -6.4865e-17
30  1.0663e-15
31  2.7487e-17
32  6.9470e-17
33  8.1219e-19
34  2.4273e-13
35  4.0178e-14
36  7.1831e-14
37  2.6966e-14
38  6.6333e-15
39  3.0795e-15
40  1.5208e-11
41  1.9831e-13
42  2.5952e-11
43  3.1822e-11
44  2.3377e-11
45  1.3940e-11
46  9.0795e-08
47  2.1561e-08
48  2.8006e-08
49  6.0051e-10
50  9.4041e-07
51  1.0183e-08
52  5.0008e-10
53  2.6336e-10
54  8.8819e-09
55  1.1390e-10
56  1.4222e-10
57  5.2061e-11
58  1.7357e-10
59  7.7426e-11
60  2.4095e-08
61  4.5552e-09
62  9.1936e-09
63  2.2303e-09
64  5.5768e-09
65  3.4274e-09
66  1.5028e-06
67  1.9227e-07
68  5.1037e-07
69  1.5364e-07
70  6.7914e-06
71  9.9061e-07
72  7.9525e-04
73  2.2555e-04
74  9.5971e-04
75  1.7953e-04
76  2.5228e-04
77  8.1178e-04
78  8.4860e-04
79  2.9949e-04
80  6.4972e-03
81  1.5918e-03
82  2.4826e-04
83  5.0929e-06
84  6.9648e-08
85  1.9623e-09
86  1.6580e-09
87  7.9206e-11
88  8.3844e-12
89  1.0279e-12
90  4.6530e-13
91  1.4914e-13
92  7.3472e-13
93  1.5697e-13
94  8.4759e-14
95  7.0849e-14
96  2.6382e-14
97  1.0140e-14
98  1.3855e-13
99  5.2624e-14
100  1.5276e-14
101  7.2666e-15
102  5.7913e-15
103  1.3917e-15
104  8.4197e-16
105  6.5586e-16
106  1.5125e-16
107  2.4833e-17
108  7.8945e-18
109  3.6078e-18
110  2.6357e-18
111  1.9844e-18
112  9.5393e-19
113  4.4714e-19
114  2.9963e-19
115  4.6536e-20
116  3.6469e-20
117  1.2369e-20
118  9.0020e-21
119  1.5054e-21
120  2.6186e-21
121  1.4588e-21
122  6.7681e-21
123  2.3050e-21
124  9.5454e-22
125  9.1989e-22
126  1.6272e-21
127  1.2960e-21
128  4.6677e-21
129  1.0610e-20
130  5.6629e-20
131  3.3721e-20
132  5.0747e-20
133  3.8547e-22
134  6.8522e-25
135  0.0000e+00
136  0.0000e+00
137  3.6887e-312
138  0.0000e+00
139  0.0000e+00
140  0.0000e+00
141  0.0000e+00
142  0.0000e+00
143  0.0000e+00
144  0.0000e+00
145  0.0000e+00
146  0.0000e+00
147  0.0000e+00
148  0.0000e+00
149  0.0000e+00
150  0.0000e+00
151  0.0000e+00
152  0.0000e+00
153  0.0000e+00
154  0.0000e+00
155  0.0000e+00
156  0.0000e+00
157  0.0000e+00
158  0.0000e+00
159  0.0000e+00
160  0.0000e+00
161  0.0000e+00
162  0.0000e+00
163  0.0000e+00
164  0.0000e+00
165  0.0000e+00
166  0.0000e+00
167  0.0000e+00
168  0.0000e+00
169  0.0000e+00
170  0.0000e+00
171  0.0000e+00
172  0.0000e+00
173  0.0000e+00
174  0.0000e+00
175  0.0000e+00
176  0.0000e+00
177  0.0000e+00
178  0.0000e+00
179  0.0000e+00
180  0.0000e+00
181  0.0000e+00
182  0.0000e+00
183  0.0000e+00
184  0.0000e+00
185  0.0000e+00
186  0.0000e+00
187  0.0000e+00
188  0.0000e+00
189  0.0000e+00
190  0.0000e+00
191  0.0000e+00
192  0.0000e+00
193  0.0000e+00
194  0.0000e+00
195  0.0000e+00
196  0.0000e+00
197  0.0000e+00
198  0.0000e+00
199  0.0000e+00
200  0.0000e+00
201  0.0000e+00
202  0.0000e+00
203  0.0000e+00
204  0.0000e+00
205  0.0000e+00
206  0.0000e+00
207  0.0000e+00
208  0.0000e+00
209  0.0000e+00
210  0.0000e+00
211  0.0000e+00
212  0.0000e+00
213  0.0000e+00
214  0.0000e+00
215  0.0000e+00
216  0.0000e+00
217  0.0000e+00
218  0.0000e+00
219  0.0000e+00
220  0.0000e+00
221  0.0000e+00
222  0.0000e+00
223  0.0000e+00
224  0.0000e+00
225  0.0000e+00
226  0.0000e+00
227  0.0000e+00
228  0.0000e+00
229  0.0000e+00
230  0.0000e+00
231  0.0000e+00
232  0.0000e+00
233  0.0000e+00
234  0.0000e+00
235  0.0000e+00
236  0.0000e+00
237  0.0000e+00
238  0.0000e+00
239  0.0000e+00
240  0.0000e+00
241  0.0000e+00
242  0.0000e+00
243  0.0000e+00
244  0.0000e+00
245  0.0000e+00
246  0.0000e+00
247  0.0000e+00
248  0.0000e+00
249  0.0000e+00
250  0.0000e+00
251  0.0000e+00
252  0.0000e+00
253  0.0000e+00
254  0.0000e+00
255  0.0000e+00
256  0.0000e+00
257  0.0000e+00
258  0.0000e+00
259  0.0000e+00
260  0.0000e+00
261  0.0000e+00
262  0.0000e+00
263  0.0000e+00
264  0.0000e+00
265  0.0000e+00
266  0.0000e+00
267  0.0000e+00
268  0.0000e+00
269  0.0000e+00
270  0.0000e+00
271  0.0000e+00
272  0.0000e+00
273  0.0000e+00
274  0.0000e+00
275  0.0000e+00
276  0.0000e+00
277  0.0000e+00
278  0.0000e+00
279  0.0000e+00
280  0.0000e+00
281  0.0000e+00
282  0.0000e+00
283  0.0000e+00
284  0.0000e+00
285  0.0000e+00
286  0.0000e+00
287  0.0000e+00
288  0.0000e+00
289  0.0000e+00
290  0.0000e+00
291  0.0000e+00
292  0.0000e+00
293  0.0000e+00
294  0.0000e+00
295  0.0000e+00
296  0.0000e+00
297  0.0000e+00
298  0.0000e+00
299  0.0000e+00
300  0.0000e+00
301  0.0000e+00
302  0.0000e+00
303  0.0000e+00
304  0.0000e+00
305  0.0000e+00
306  0.0000e+00
307  0.0000e+00
308  0.0000e+00
309  0.0000e+00
310  0.0000e+00
311  0.0000e+00
312  0.0000e+00
313  0.0000e+00
314  0.0000e+00
315  0.0000e+00
316  0.0000e+00
317  0.0000e+00
318  0.0000e+00
319  0.0000e+00
320  0.0000e+00
321  0.0000e+00
322  0.0000e+00
323  0.0000e+00
324  0.0000e+00
325  0.0000e+00
326  0.0000e+00
327  0.0000e+00
328  0.0000e+00
329  0.0000e+00
330  0.0000e+00
331  0.0000e+00
332  0.0000e+00
333  0.0000e+00
334  0.0000e+00
335  0.0000e+00
336  0.0000e+00
337  0.0000e+00

