337
time(s) = 1000000000000 t9 = 1.1581637044862937e-11 rho(g/cc) = 1.8149999999996003e-23 
0  0.0000e+00
1  1.3941e-11
2  1.3858e-15
3  4.6102e-22
4  1.2965e-14
5  0.0000e+00
6  1.1495e-41
7  1.0608e-31
8  1.6075e-10
9  2.6864e-40
10  1.7317e-25
11  2.8168e-23
12  1.4896e-23
13  5.5560e-24
14  8.9977e-17
15  3.1201e-21
16  4.3551e-23
17  2.2868e-22
18  7.2978e-19
19  2.4717e-22
20  1.0228e-16
21  1.6729e-20
22  1.4627e-19
23  1.5710e-19
24  3.2417e-16
25  7.7525e-19
26  3.8211e-17
27  1.4472e-18
28  2.3526e-18
29  -6.0123e-17
30  9.9548e-16
31  2.5654e-17
32  6.4420e-17
33  7.5967e-19
34  2.2690e-13
35  3.8030e-14
36  6.7998e-14
37  2.5419e-14
38  6.2178e-15
39  2.9259e-15
40  1.4341e-11
41  1.8831e-13
42  2.4769e-11
43  3.0292e-11
44  2.2042e-11
45  1.3340e-11
46  8.6185e-08
47  2.0498e-08
48  2.6247e-08
49  5.6602e-10
50  8.9099e-07
51  9.6663e-09
52  4.7697e-10
53  2.5264e-10
54  8.4577e-09
55  1.0884e-10
56  1.3708e-10
57  4.9748e-11
58  1.6634e-10
59  7.4683e-11
60  2.3343e-08
61  4.4380e-09
62  9.0063e-09
63  2.1691e-09
64  5.4231e-09
65  3.3386e-09
66  1.4655e-06
67  1.8833e-07
68  5.0325e-07
69  1.5055e-07
70  6.6495e-06
71  9.7590e-07
72  7.8806e-04
73  2.2525e-04
74  9.6180e-04
75  1.7909e-04
76  2.5286e-04
77  8.1404e-04
78  8.4209e-04
79  2.9927e-04
80  6.5064e-03
81  1.5924e-03
82  2.4773e-04
83  5.0914e-06
84  6.9694e-08
85  1.9668e-09
86  1.6691e-09
87  7.9860e-11
88  8.4685e-12
89  1.0406e-12
90  4.7389e-13
91  1.5267e-13
92  7.5629e-13
93  1.6156e-13
94  8.7157e-14
95  7.2918e-14
96  2.7161e-14
97  1.0469e-14
98  1.4244e-13
99  5.4172e-14
100  1.5761e-14
101  7.4998e-15
102  5.9679e-15
103  1.4367e-15
104  8.7152e-16
105  6.8023e-16
106  1.5724e-16
107  2.5864e-17
108  8.2289e-18
109  3.7642e-18
110  2.7577e-18
111  2.0798e-18
112  1.0019e-18
113  4.7046e-19
114  3.1584e-19
115  4.9119e-20
116  3.8612e-20
117  1.3089e-20
118  9.5526e-21
119  1.6002e-21
120  2.8715e-21
121  1.6249e-21
122  7.6441e-21
123  2.6099e-21
124  1.0858e-21
125  1.0496e-21
126  1.8730e-21
127  1.4805e-21
128  5.2710e-21
129  1.2033e-20
130  6.4333e-20
131  3.8282e-20
132  5.7524e-20
133  4.3744e-22
134  8.0007e-25
135  0.0000e+00
136  0.0000e+00
137  4.1551e-312
138  0.0000e+00
139  0.0000e+00
140  0.0000e+00
141  0.0000e+00
142  0.0000e+00
143  0.0000e+00
144  0.0000e+00
145  0.0000e+00
146  0.0000e+00
147  0.0000e+00
148  0.0000e+00
149  0.0000e+00
150  0.0000e+00
151  0.0000e+00
152  0.0000e+00
153  0.0000e+00
154  0.0000e+00
155  0.0000e+00
156  0.0000e+00
157  0.0000e+00
158  0.0000e+00
159  0.0000e+00
160  0.0000e+00
161  0.0000e+00
162  0.0000e+00
163  0.0000e+00
164  0.0000e+00
165  0.0000e+00
166  0.0000e+00
167  0.0000e+00
168  0.0000e+00
169  0.0000e+00
170  0.0000e+00
171  0.0000e+00
172  0.0000e+00
173  0.0000e+00
174  0.0000e+00
175  0.0000e+00
176  0.0000e+00
177  0.0000e+00
178  0.0000e+00
179  0.0000e+00
180  0.0000e+00
181  0.0000e+00
182  0.0000e+00
183  0.0000e+00
184  0.0000e+00
185  0.0000e+00
186  0.0000e+00
187  0.0000e+00
188  0.0000e+00
189  0.0000e+00
190  0.0000e+00
191  0.0000e+00
192  0.0000e+00
193  0.0000e+00
194  0.0000e+00
195  0.0000e+00
196  0.0000e+00
197  0.0000e+00
198  0.0000e+00
199  0.0000e+00
200  0.0000e+00
201  0.0000e+00
202  0.0000e+00
203  0.0000e+00
204  0.0000e+00
205  0.0000e+00
206  0.0000e+00
207  0.0000e+00
208  0.0000e+00
209  0.0000e+00
210  0.0000e+00
211  0.0000e+00
212  0.0000e+00
213  0.0000e+00
214  0.0000e+00
215  0.0000e+00
216  0.0000e+00
217  0.0000e+00
218  0.0000e+00
219  0.0000e+00
220  0.0000e+00
221  0.0000e+00
222  0.0000e+00
223  0.0000e+00
224  0.0000e+00
225  0.0000e+00
226  0.0000e+00
227  0.0000e+00
228  0.0000e+00
229  0.0000e+00
230  0.0000e+00
231  0.0000e+00
232  0.0000e+00
233  0.0000e+00
234  0.0000e+00
235  0.0000e+00
236  0.0000e+00
237  0.0000e+00
238  0.0000e+00
239  0.0000e+00
240  0.0000e+00
241  0.0000e+00
242  0.0000e+00
243  0.0000e+00
244  0.0000e+00
245  0.0000e+00
246  0.0000e+00
247  0.0000e+00
248  0.0000e+00
249  0.0000e+00
250  0.0000e+00
251  0.0000e+00
252  0.0000e+00
253  0.0000e+00
254  0.0000e+00
255  0.0000e+00
256  0.0000e+00
257  0.0000e+00
258  0.0000e+00
259  0.0000e+00
260  0.0000e+00
261  0.0000e+00
262  0.0000e+00
263  0.0000e+00
264  0.0000e+00
265  0.0000e+00
266  0.0000e+00
267  0.0000e+00
268  0.0000e+00
269  0.0000e+00
270  0.0000e+00
271  0.0000e+00
272  0.0000e+00
273  0.0000e+00
274  0.0000e+00
275  0.0000e+00
276  0.0000e+00
277  0.0000e+00
278  0.0000e+00
279  0.0000e+00
280  0.0000e+00
281  0.0000e+00
282  0.0000e+00
283  0.0000e+00
284  0.0000e+00
285  0.0000e+00
286  0.0000e+00
287  0.0000e+00
288  0.0000e+00
289  0.0000e+00
290  0.0000e+00
291  0.0000e+00
292  0.0000e+00
293  0.0000e+00
294  0.0000e+00
295  0.0000e+00
296  0.0000e+00
297  0.0000e+00
298  0.0000e+00
299  0.0000e+00
300  0.0000e+00
301  0.0000e+00
302  0.0000e+00
303  0.0000e+00
304  0.0000e+00
305  0.0000e+00
306  0.0000e+00
307  0.0000e+00
308  0.0000e+00
309  0.0000e+00
310  0.0000e+00
311  0.0000e+00
312  0.0000e+00
313  0.0000e+00
314  0.0000e+00
315  0.0000e+00
316  0.0000e+00
317  0.0000e+00
318  0.0000e+00
319  0.0000e+00
320  0.0000e+00
321  0.0000e+00
322  0.0000e+00
323  0.0000e+00
324  0.0000e+00
325  0.0000e+00
326  0.0000e+00
327  0.0000e+00
328  0.0000e+00
329  0.0000e+00
330  0.0000e+00
331  0.0000e+00
332  0.0000e+00
333  0.0000e+00
334  0.0000e+00
335  0.0000e+00
336  0.0000e+00
337  0.0000e+00

