337
time(s) = 1000000000000 t9 = 8.6883998837593717e-12 rho(g/cc) = 1.8149999999996003e-23 
0  0.0000e+00
1  1.3974e-11
2  1.3593e-15
3  2.5172e-18
4  1.2618e-14
5  0.0000e+00
6  7.0463e-33
7  9.2534e-17
8  7.4181e-10
9  3.0786e-20
10  3.9032e-16
11  9.9738e-19
12  3.0520e-22
13  2.9755e-23
14  6.2027e-17
15  1.5304e-20
16  1.7476e-22
17  1.3469e-21
18  4.8034e-19
19  1.6895e-22
20  7.4322e-17
21  1.2195e-20
22  1.1621e-19
23  1.1934e-19
24  2.3425e-16
25  6.1146e-19
26  3.0384e-17
27  1.1269e-18
28  1.6457e-18
29  -5.8711e-17
30  7.4190e-16
31  1.9088e-17
32  6.1879e-17
33  5.8340e-19
34  1.6742e-13
35  3.0704e-14
36  5.5041e-14
37  1.9815e-14
38  4.6583e-15
39  2.4134e-15
40  1.0974e-11
41  1.5149e-13
42  2.0706e-11
43  2.4494e-11
44  1.6584e-11
45  1.1230e-11
46  6.7933e-08
47  1.6202e-08
48  1.8518e-08
49  4.1923e-10
50  6.8202e-07
51  7.4873e-09
52  3.8293e-10
53  2.1154e-10
54  6.6129e-09
55  8.7391e-11
56  1.1726e-10
57  3.9728e-11
58  1.3154e-10
59  6.1327e-11
60  1.9785e-08
61  3.9275e-09
62  8.2990e-09
63  1.8940e-09
64  4.7076e-09
65  2.9100e-09
66  1.2805e-06
67  1.7022e-07
68  4.7764e-07
69  1.3623e-07
70  5.7629e-06
71  8.8268e-07
72  7.4663e-04
73  2.2633e-04
74  9.9160e-04
75  1.7759e-04
76  2.5862e-04
77  8.3518e-04
78  7.9306e-04
79  2.9681e-04
80  6.5491e-03
81  1.5906e-03
82  2.4279e-04
83  5.0581e-06
84  6.9754e-08
85  1.9982e-09
86  1.7363e-09
87  8.3917e-11
88  8.9963e-12
89  1.1263e-12
90  5.2887e-13
91  1.7659e-13
92  9.1083e-13
93  1.9461e-13
94  1.0408e-13
95  8.7519e-14
96  3.2786e-14
97  1.2899e-14
98  1.6876e-13
99  6.4798e-14
100  1.9187e-14
101  9.1457e-15
102  7.1825e-15
103  1.7519e-15
104  1.0798e-15
105  8.5376e-16
106  2.0069e-16
107  3.3462e-17
108  1.0604e-17
109  4.8620e-18
110  3.6064e-18
111  2.7371e-18
112  1.3359e-18
113  6.3519e-19
114  4.2812e-19
115  6.6861e-20
116  5.3548e-20
117  1.8016e-20
118  1.3338e-20
119  2.2590e-21
120  4.5012e-21
121  2.7173e-21
122  1.3614e-20
123  4.7328e-21
124  2.0365e-21
125  2.0005e-21
126  3.7831e-21
127  2.7880e-21
128  9.0442e-21
129  2.1277e-20
130  1.1519e-19
131  6.8210e-20
132  1.0138e-19
133  7.7767e-22
134  1.6346e-24
135  0.0000e+00
136  0.0000e+00
137  7.2392e-312
138  0.0000e+00
139  0.0000e+00
140  0.0000e+00
141  0.0000e+00
142  0.0000e+00
143  0.0000e+00
144  0.0000e+00
145  0.0000e+00
146  0.0000e+00
147  0.0000e+00
148  0.0000e+00
149  0.0000e+00
150  0.0000e+00
151  0.0000e+00
152  0.0000e+00
153  0.0000e+00
154  0.0000e+00
155  0.0000e+00
156  0.0000e+00
157  0.0000e+00
158  0.0000e+00
159  0.0000e+00
160  0.0000e+00
161  0.0000e+00
162  0.0000e+00
163  0.0000e+00
164  0.0000e+00
165  0.0000e+00
166  0.0000e+00
167  0.0000e+00
168  0.0000e+00
169  0.0000e+00
170  0.0000e+00
171  0.0000e+00
172  0.0000e+00
173  0.0000e+00
174  0.0000e+00
175  0.0000e+00
176  0.0000e+00
177  0.0000e+00
178  0.0000e+00
179  0.0000e+00
180  0.0000e+00
181  0.0000e+00
182  0.0000e+00
183  0.0000e+00
184  0.0000e+00
185  0.0000e+00
186  0.0000e+00
187  0.0000e+00
188  0.0000e+00
189  0.0000e+00
190  0.0000e+00
191  0.0000e+00
192  0.0000e+00
193  0.0000e+00
194  0.0000e+00
195  0.0000e+00
196  0.0000e+00
197  0.0000e+00
198  0.0000e+00
199  0.0000e+00
200  0.0000e+00
201  0.0000e+00
202  0.0000e+00
203  0.0000e+00
204  0.0000e+00
205  0.0000e+00
206  0.0000e+00
207  0.0000e+00
208  0.0000e+00
209  0.0000e+00
210  0.0000e+00
211  0.0000e+00
212  0.0000e+00
213  0.0000e+00
214  0.0000e+00
215  0.0000e+00
216  0.0000e+00
217  0.0000e+00
218  0.0000e+00
219  0.0000e+00
220  0.0000e+00
221  0.0000e+00
222  0.0000e+00
223  0.0000e+00
224  0.0000e+00
225  0.0000e+00
226  0.0000e+00
227  0.0000e+00
228  0.0000e+00
229  0.0000e+00
230  0.0000e+00
231  0.0000e+00
232  0.0000e+00
233  0.0000e+00
234  0.0000e+00
235  0.0000e+00
236  0.0000e+00
237  0.0000e+00
238  0.0000e+00
239  0.0000e+00
240  0.0000e+00
241  0.0000e+00
242  0.0000e+00
243  0.0000e+00
244  0.0000e+00
245  0.0000e+00
246  0.0000e+00
247  0.0000e+00
248  0.0000e+00
249  0.0000e+00
250  0.0000e+00
251  0.0000e+00
252  0.0000e+00
253  0.0000e+00
254  0.0000e+00
255  0.0000e+00
256  0.0000e+00
257  0.0000e+00
258  0.0000e+00
259  0.0000e+00
260  0.0000e+00
261  0.0000e+00
262  0.0000e+00
263  0.0000e+00
264  0.0000e+00
265  0.0000e+00
266  0.0000e+00
267  0.0000e+00
268  0.0000e+00
269  0.0000e+00
270  0.0000e+00
271  0.0000e+00
272  0.0000e+00
273  0.0000e+00
274  0.0000e+00
275  0.0000e+00
276  0.0000e+00
277  0.0000e+00
278  0.0000e+00
279  0.0000e+00
280  0.0000e+00
281  0.0000e+00
282  0.0000e+00
283  0.0000e+00
284  0.0000e+00
285  0.0000e+00
286  0.0000e+00
287  0.0000e+00
288  0.0000e+00
289  0.0000e+00
290  0.0000e+00
291  0.0000e+00
292  0.0000e+00
293  0.0000e+00
294  0.0000e+00
295  0.0000e+00
296  0.0000e+00
297  0.0000e+00
298  0.0000e+00
299  0.0000e+00
300  0.0000e+00
301  0.0000e+00
302  0.0000e+00
303  0.0000e+00
304  0.0000e+00
305  0.0000e+00
306  0.0000e+00
307  0.0000e+00
308  0.0000e+00
309  0.0000e+00
310  0.0000e+00
311  0.0000e+00
312  0.0000e+00
313  0.0000e+00
314  0.0000e+00
315  0.0000e+00
316  0.0000e+00
317  0.0000e+00
318  0.0000e+00
319  0.0000e+00
320  0.0000e+00
321  0.0000e+00
322  0.0000e+00
323  0.0000e+00
324  0.0000e+00
325  0.0000e+00
326  0.0000e+00
327  0.0000e+00
328  0.0000e+00
329  0.0000e+00
330  0.0000e+00
331  0.0000e+00
332  0.0000e+00
333  0.0000e+00
334  0.0000e+00
335  0.0000e+00
336  0.0000e+00
337  0.0000e+00

