337
time(s) = 1000000000000 t9 = 5.3813290946750603e-12 rho(g/cc) = 1.8149999999996003e-23 
0  0.0000e+00
1  1.4474e-11
2  1.4111e-15
3  5.1186e-19
4  8.2478e-15
5  0.0000e+00
6  7.2882e-34
7  1.8105e-17
8  3.8786e-09
9  5.1063e-21
10  7.4625e-17
11  2.8389e-19
12  8.8582e-23
13  7.0311e-24
14  7.5155e-19
15  8.2970e-22
16  2.8128e-24
17  2.1774e-23
18  4.7733e-21
19  1.9447e-24
20  1.0903e-18
21  1.8028e-22
22  2.4876e-21
23  2.2035e-21
24  4.2895e-18
25  1.5948e-20
26  8.1569e-19
27  2.7939e-20
28  3.2693e-20
29  -2.5654e-17
30  1.9257e-17
31  4.9188e-19
32  2.5793e-17
33  3.9446e-20
34  5.4828e-15
35  1.3966e-15
36  2.5715e-15
37  8.6550e-16
38  2.3478e-16
39  1.4121e-16
40  5.7486e-13
41  9.7967e-15
42  1.5167e-12
43  1.8870e-12
44  1.1158e-12
45  1.0612e-12
46  5.1892e-09
47  1.4328e-09
48  1.1835e-09
49  3.0758e-11
50  5.7958e-08
51  6.8257e-10
52  4.0604e-11
53  2.6249e-11
54  7.8285e-10
55  1.1306e-11
56  1.9645e-11
57  5.4583e-12
58  2.1553e-11
59  1.2560e-11
60  4.4690e-09
61  1.0424e-09
62  2.5387e-09
63  4.9161e-10
64  1.2808e-09
65  8.8710e-10
66  4.2832e-07
67  6.4530e-08
68  2.1741e-07
69  5.3612e-08
70  2.8882e-06
71  5.3854e-07
72  5.1932e-04
73  1.9504e-04
74  9.3100e-04
75  1.5835e-04
76  2.6421e-04
77  8.6137e-04
78  6.5824e-04
79  2.9590e-04
80  6.9108e-03
81  1.6448e-03
82  2.3964e-04
83  5.2139e-06
84  7.3595e-08
85  2.1660e-09
86  2.3398e-09
87  1.1860e-10
88  1.3430e-11
89  1.7480e-12
90  1.0675e-12
91  4.1382e-13
92  2.4684e-12
93  5.2553e-13
94  2.7583e-13
95  2.3663e-13
96  9.0272e-14
97  3.7807e-14
98  4.6471e-13
99  1.8183e-13
100  5.7072e-14
101  2.7637e-14
102  2.1581e-14
103  5.4778e-15
104  3.7983e-15
105  3.2108e-15
106  8.0550e-16
107  1.4210e-16
108  5.1652e-17
109  2.5244e-17
110  2.2009e-17
111  1.8396e-17
112  9.6408e-18
113  4.8234e-18
114  3.7027e-18
115  6.2637e-19
116  5.6476e-19
117  2.0787e-19
118  2.1606e-19
119  4.1796e-20
120  6.5310e-19
121  5.7128e-19
122  3.6801e-18
123  1.3358e-18
124  6.4541e-19
125  6.9187e-19
126  1.6251e-18
127  9.4989e-19
128  2.3756e-18
129  6.1549e-18
130  3.4465e-17
131  2.0071e-17
132  2.8804e-17
133  2.2657e-19
134  5.1093e-22
135  1.4671e-24
136  0.0000e+00
137  1.3967e-309
138  0.0000e+00
139  0.0000e+00
140  0.0000e+00
141  0.0000e+00
142  0.0000e+00
143  0.0000e+00
144  0.0000e+00
145  0.0000e+00
146  0.0000e+00
147  0.0000e+00
148  0.0000e+00
149  0.0000e+00
150  0.0000e+00
151  0.0000e+00
152  0.0000e+00
153  0.0000e+00
154  0.0000e+00
155  0.0000e+00
156  0.0000e+00
157  0.0000e+00
158  0.0000e+00
159  0.0000e+00
160  0.0000e+00
161  0.0000e+00
162  0.0000e+00
163  0.0000e+00
164  0.0000e+00
165  0.0000e+00
166  0.0000e+00
167  0.0000e+00
168  0.0000e+00
169  0.0000e+00
170  0.0000e+00
171  0.0000e+00
172  0.0000e+00
173  0.0000e+00
174  0.0000e+00
175  0.0000e+00
176  0.0000e+00
177  0.0000e+00
178  0.0000e+00
179  0.0000e+00
180  0.0000e+00
181  0.0000e+00
182  0.0000e+00
183  0.0000e+00
184  0.0000e+00
185  0.0000e+00
186  0.0000e+00
187  0.0000e+00
188  0.0000e+00
189  0.0000e+00
190  0.0000e+00
191  0.0000e+00
192  0.0000e+00
193  0.0000e+00
194  0.0000e+00
195  0.0000e+00
196  0.0000e+00
197  0.0000e+00
198  0.0000e+00
199  0.0000e+00
200  0.0000e+00
201  0.0000e+00
202  0.0000e+00
203  0.0000e+00
204  0.0000e+00
205  0.0000e+00
206  0.0000e+00
207  0.0000e+00
208  0.0000e+00
209  0.0000e+00
210  0.0000e+00
211  0.0000e+00
212  0.0000e+00
213  0.0000e+00
214  0.0000e+00
215  0.0000e+00
216  0.0000e+00
217  0.0000e+00
218  0.0000e+00
219  0.0000e+00
220  0.0000e+00
221  0.0000e+00
222  0.0000e+00
223  0.0000e+00
224  0.0000e+00
225  0.0000e+00
226  0.0000e+00
227  0.0000e+00
228  0.0000e+00
229  0.0000e+00
230  0.0000e+00
231  0.0000e+00
232  0.0000e+00
233  0.0000e+00
234  0.0000e+00
235  0.0000e+00
236  0.0000e+00
237  0.0000e+00
238  0.0000e+00
239  0.0000e+00
240  0.0000e+00
241  0.0000e+00
242  0.0000e+00
243  0.0000e+00
244  0.0000e+00
245  0.0000e+00
246  0.0000e+00
247  0.0000e+00
248  0.0000e+00
249  0.0000e+00
250  0.0000e+00
251  0.0000e+00
252  0.0000e+00
253  0.0000e+00
254  0.0000e+00
255  0.0000e+00
256  0.0000e+00
257  0.0000e+00
258  0.0000e+00
259  0.0000e+00
260  0.0000e+00
261  0.0000e+00
262  0.0000e+00
263  0.0000e+00
264  0.0000e+00
265  0.0000e+00
266  0.0000e+00
267  0.0000e+00
268  0.0000e+00
269  0.0000e+00
270  0.0000e+00
271  0.0000e+00
272  0.0000e+00
273  0.0000e+00
274  0.0000e+00
275  0.0000e+00
276  0.0000e+00
277  0.0000e+00
278  0.0000e+00
279  0.0000e+00
280  0.0000e+00
281  0.0000e+00
282  0.0000e+00
283  0.0000e+00
284  0.0000e+00
285  0.0000e+00
286  0.0000e+00
287  0.0000e+00
288  0.0000e+00
289  0.0000e+00
290  0.0000e+00
291  0.0000e+00
292  0.0000e+00
293  0.0000e+00
294  0.0000e+00
295  0.0000e+00
296  0.0000e+00
297  0.0000e+00
298  0.0000e+00
299  0.0000e+00
300  0.0000e+00
301  0.0000e+00
302  0.0000e+00
303  0.0000e+00
304  0.0000e+00
305  0.0000e+00
306  0.0000e+00
307  0.0000e+00
308  0.0000e+00
309  0.0000e+00
310  0.0000e+00
311  0.0000e+00
312  0.0000e+00
313  0.0000e+00
314  0.0000e+00
315  0.0000e+00
316  0.0000e+00
317  0.0000e+00
318  0.0000e+00
319  0.0000e+00
320  0.0000e+00
321  0.0000e+00
322  0.0000e+00
323  0.0000e+00
324  0.0000e+00
325  0.0000e+00
326  0.0000e+00
327  0.0000e+00
328  0.0000e+00
329  0.0000e+00
330  0.0000e+00
331  0.0000e+00
332  0.0000e+00
333  0.0000e+00
334  0.0000e+00
335  0.0000e+00
336  0.0000e+00
337  0.0000e+00

