337
time(s) = 1000000000000 t9 = 1.0523492617346046e-11 rho(g/cc) = 1.8149999999996003e-23 
0  0.0000e+00
1  1.3770e-11
2  1.3419e-15
3  4.3670e-22
4  1.2765e-14
5  0.0000e+00
6  1.0946e-41
7  9.0082e-26
8  3.5101e-10
9  3.3733e-40
10  1.5941e-25
11  2.6296e-23
12  1.4051e-23
13  5.1932e-24
14  8.2766e-17
15  2.8850e-21
16  4.5822e-23
17  2.5105e-22
18  6.7921e-19
19  2.2788e-22
20  9.3139e-17
21  1.5218e-20
22  1.3089e-19
23  1.4239e-19
24  2.9909e-16
25  7.0199e-19
26  3.4538e-17
27  1.3149e-18
28  2.2114e-18
29  -6.2604e-17
30  9.2363e-16
31  2.3811e-17
32  6.6622e-17
33  7.0954e-19
34  2.1377e-13
35  3.5090e-14
36  6.2737e-14
37  2.3747e-14
38  5.9411e-15
39  2.7109e-15
40  1.3652e-11
41  1.7738e-13
42  2.3107e-11
43  2.8744e-11
44  2.1389e-11
45  1.2571e-11
46  8.2647e-08
47  1.9773e-08
48  2.6137e-08
49  5.5572e-10
50  8.7004e-07
51  9.4260e-09
52  4.6158e-10
53  2.4213e-10
54  8.3223e-09
55  1.0640e-10
56  1.3216e-10
57  4.8892e-11
58  1.6666e-10
59  7.4583e-11
60  2.3138e-08
61  4.3540e-09
62  8.7522e-09
63  2.1372e-09
64  5.3718e-09
65  3.3206e-09
66  1.4618e-06
67  1.8631e-07
68  4.9239e-07
69  1.4917e-07
70  6.8080e-06
71  9.9122e-07
72  7.9030e-04
73  2.2277e-04
74  9.4523e-04
75  1.7850e-04
76  2.5059e-04
77  8.0617e-04
78  8.5577e-04
79  3.0041e-04
80  6.5108e-03
81  1.5971e-03
82  2.4985e-04
83  5.1189e-06
84  6.9945e-08
85  1.9633e-09
86  1.6677e-09
87  7.9680e-11
88  8.4378e-12
89  1.0306e-12
90  4.6996e-13
91  1.5035e-13
92  7.3787e-13
93  1.5761e-13
94  8.5282e-14
95  7.1285e-14
96  2.6536e-14
97  1.0168e-14
98  1.4020e-13
99  5.3141e-14
100  1.5396e-14
101  7.3262e-15
102  5.8628e-15
103  1.4069e-15
104  8.5242e-16
105  6.6398e-16
106  1.5294e-16
107  2.5081e-17
108  8.0477e-18
109  3.6896e-18
110  2.7102e-18
111  2.0483e-18
112  9.8527e-19
113  4.6151e-19
114  3.1151e-19
115  4.8570e-20
116  3.8103e-20
117  1.2978e-20
118  9.4766e-21
119  1.5849e-21
120  3.0093e-21
121  1.7265e-21
122  8.1694e-21
123  2.7771e-21
124  1.1470e-21
125  1.1095e-21
126  1.9615e-21
127  1.5864e-21
128  5.8081e-21
129  1.3167e-20
130  7.0149e-20
131  4.1783e-20
132  6.2943e-20
133  4.7752e-22
134  9.3671e-25
135  0.0000e+00
136  0.0000e+00
137  4.4710e-312
138  0.0000e+00
139  0.0000e+00
140  0.0000e+00
141  0.0000e+00
142  0.0000e+00
143  0.0000e+00
144  0.0000e+00
145  0.0000e+00
146  0.0000e+00
147  0.0000e+00
148  0.0000e+00
149  0.0000e+00
150  0.0000e+00
151  0.0000e+00
152  0.0000e+00
153  0.0000e+00
154  0.0000e+00
155  0.0000e+00
156  0.0000e+00
157  0.0000e+00
158  0.0000e+00
159  0.0000e+00
160  0.0000e+00
161  0.0000e+00
162  0.0000e+00
163  0.0000e+00
164  0.0000e+00
165  0.0000e+00
166  0.0000e+00
167  0.0000e+00
168  0.0000e+00
169  0.0000e+00
170  0.0000e+00
171  0.0000e+00
172  0.0000e+00
173  0.0000e+00
174  0.0000e+00
175  0.0000e+00
176  0.0000e+00
177  0.0000e+00
178  0.0000e+00
179  0.0000e+00
180  0.0000e+00
181  0.0000e+00
182  0.0000e+00
183  0.0000e+00
184  0.0000e+00
185  0.0000e+00
186  0.0000e+00
187  0.0000e+00
188  0.0000e+00
189  0.0000e+00
190  0.0000e+00
191  0.0000e+00
192  0.0000e+00
193  0.0000e+00
194  0.0000e+00
195  0.0000e+00
196  0.0000e+00
197  0.0000e+00
198  0.0000e+00
199  0.0000e+00
200  0.0000e+00
201  0.0000e+00
202  0.0000e+00
203  0.0000e+00
204  0.0000e+00
205  0.0000e+00
206  0.0000e+00
207  0.0000e+00
208  0.0000e+00
209  0.0000e+00
210  0.0000e+00
211  0.0000e+00
212  0.0000e+00
213  0.0000e+00
214  0.0000e+00
215  0.0000e+00
216  0.0000e+00
217  0.0000e+00
218  0.0000e+00
219  0.0000e+00
220  0.0000e+00
221  0.0000e+00
222  0.0000e+00
223  0.0000e+00
224  0.0000e+00
225  0.0000e+00
226  0.0000e+00
227  0.0000e+00
228  0.0000e+00
229  0.0000e+00
230  0.0000e+00
231  0.0000e+00
232  0.0000e+00
233  0.0000e+00
234  0.0000e+00
235  0.0000e+00
236  0.0000e+00
237  0.0000e+00
238  0.0000e+00
239  0.0000e+00
240  0.0000e+00
241  0.0000e+00
242  0.0000e+00
243  0.0000e+00
244  0.0000e+00
245  0.0000e+00
246  0.0000e+00
247  0.0000e+00
248  0.0000e+00
249  0.0000e+00
250  0.0000e+00
251  0.0000e+00
252  0.0000e+00
253  0.0000e+00
254  0.0000e+00
255  0.0000e+00
256  0.0000e+00
257  0.0000e+00
258  0.0000e+00
259  0.0000e+00
260  0.0000e+00
261  0.0000e+00
262  0.0000e+00
263  0.0000e+00
264  0.0000e+00
265  0.0000e+00
266  0.0000e+00
267  0.0000e+00
268  0.0000e+00
269  0.0000e+00
270  0.0000e+00
271  0.0000e+00
272  0.0000e+00
273  0.0000e+00
274  0.0000e+00
275  0.0000e+00
276  0.0000e+00
277  0.0000e+00
278  0.0000e+00
279  0.0000e+00
280  0.0000e+00
281  0.0000e+00
282  0.0000e+00
283  0.0000e+00
284  0.0000e+00
285  0.0000e+00
286  0.0000e+00
287  0.0000e+00
288  0.0000e+00
289  0.0000e+00
290  0.0000e+00
291  0.0000e+00
292  0.0000e+00
293  0.0000e+00
294  0.0000e+00
295  0.0000e+00
296  0.0000e+00
297  0.0000e+00
298  0.0000e+00
299  0.0000e+00
300  0.0000e+00
301  0.0000e+00
302  0.0000e+00
303  0.0000e+00
304  0.0000e+00
305  0.0000e+00
306  0.0000e+00
307  0.0000e+00
308  0.0000e+00
309  0.0000e+00
310  0.0000e+00
311  0.0000e+00
312  0.0000e+00
313  0.0000e+00
314  0.0000e+00
315  0.0000e+00
316  0.0000e+00
317  0.0000e+00
318  0.0000e+00
319  0.0000e+00
320  0.0000e+00
321  0.0000e+00
322  0.0000e+00
323  0.0000e+00
324  0.0000e+00
325  0.0000e+00
326  0.0000e+00
327  0.0000e+00
328  0.0000e+00
329  0.0000e+00
330  0.0000e+00
331  0.0000e+00
332  0.0000e+00
333  0.0000e+00
334  0.0000e+00
335  0.0000e+00
336  0.0000e+00
337  0.0000e+00

