337
time(s) = 1000000000000 t9 = 7.8945931113836515e-12 rho(g/cc) = 1.8149999999996003e-23 
0  0.0000e+00
1  1.4175e-11
2  1.3870e-15
3  1.8898e-18
4  1.2549e-14
5  0.0000e+00
6  3.6633e-33
7  7.0194e-17
8  1.0110e-09
9  2.3250e-20
10  2.9389e-16
11  8.1921e-19
12  2.5620e-22
13  2.3571e-23
14  5.2615e-17
15  1.2517e-20
16  1.4126e-22
17  1.1430e-21
18  3.8934e-19
19  1.4209e-22
20  6.6088e-17
21  1.0885e-20
22  1.1193e-19
23  1.0969e-19
24  2.0489e-16
25  5.7993e-19
26  2.9026e-17
27  1.0548e-18
28  1.3834e-18
29  -5.7199e-17
30  6.5852e-16
31  1.6928e-17
32  5.9965e-17
33  5.2630e-19
34  1.4492e-13
35  2.8958e-14
36  5.1992e-14
37  1.7983e-14
38  4.0448e-15
39  2.3073e-15
40  9.6181e-12
41  1.3917e-13
42  1.9735e-11
43  2.2378e-11
44  1.4193e-11
45  1.0700e-11
46  6.0452e-08
47  1.4364e-08
48  1.4663e-08
49  3.4989e-10
50  5.8372e-07
51  6.4713e-09
52  3.4267e-10
53  1.9680e-10
54  5.7120e-09
55  7.7471e-11
56  1.1034e-10
57  3.4908e-11
58  1.1181e-10
59  5.3538e-11
60  1.7787e-08
61  3.6845e-09
62  8.0874e-09
63  1.7559e-09
64  4.3258e-09
65  2.6668e-09
66  1.1693e-06
67  1.6078e-07
68  4.7237e-07
69  1.2872e-07
70  5.0755e-06
71  8.0755e-07
72  7.1565e-04
73  2.2971e-04
74  1.0308e-03
75  1.7772e-04
76  2.6539e-04
77  8.5870e-04
78  7.4785e-04
79  2.9388e-04
80  6.5683e-03
81  1.5842e-03
82  2.3753e-04
83  5.0124e-06
84  6.9646e-08
85  2.0293e-09
86  1.7901e-09
87  8.7271e-11
88  9.4374e-12
89  1.2050e-12
90  5.7470e-13
91  1.9807e-13
92  1.0611e-12
93  2.2704e-13
94  1.2038e-13
95  1.0148e-13
96  3.8240e-14
97  1.5367e-14
98  1.9258e-13
99  7.4732e-14
100  2.2507e-14
101  1.0735e-14
102  8.3129e-15
103  2.0528e-15
104  1.2799e-15
105  1.0233e-15
106  2.4427e-16
107  4.1249e-17
108  1.2940e-17
109  5.9308e-18
110  4.4190e-18
111  3.3591e-18
112  1.6564e-18
113  7.9641e-19
114  5.3497e-19
115  8.3493e-20
116  6.7844e-20
117  2.2600e-20
118  1.6907e-20
119  2.8591e-21
120  5.7533e-21
121  3.5724e-21
122  1.8549e-20
123  6.5613e-21
124  2.9151e-21
125  2.9069e-21
126  5.7841e-21
127  3.9644e-21
128  1.1753e-20
129  2.8370e-20
130  1.5545e-19
131  9.1636e-20
132  1.3481e-19
133  1.0429e-21
134  2.2324e-24
135  0.0000e+00
136  0.0000e+00
137  9.6814e-312
138  0.0000e+00
139  0.0000e+00
140  0.0000e+00
141  0.0000e+00
142  0.0000e+00
143  0.0000e+00
144  0.0000e+00
145  0.0000e+00
146  0.0000e+00
147  0.0000e+00
148  0.0000e+00
149  0.0000e+00
150  0.0000e+00
151  0.0000e+00
152  0.0000e+00
153  0.0000e+00
154  0.0000e+00
155  0.0000e+00
156  0.0000e+00
157  0.0000e+00
158  0.0000e+00
159  0.0000e+00
160  0.0000e+00
161  0.0000e+00
162  0.0000e+00
163  0.0000e+00
164  0.0000e+00
165  0.0000e+00
166  0.0000e+00
167  0.0000e+00
168  0.0000e+00
169  0.0000e+00
170  0.0000e+00
171  0.0000e+00
172  0.0000e+00
173  0.0000e+00
174  0.0000e+00
175  0.0000e+00
176  0.0000e+00
177  0.0000e+00
178  0.0000e+00
179  0.0000e+00
180  0.0000e+00
181  0.0000e+00
182  0.0000e+00
183  0.0000e+00
184  0.0000e+00
185  0.0000e+00
186  0.0000e+00
187  0.0000e+00
188  0.0000e+00
189  0.0000e+00
190  0.0000e+00
191  0.0000e+00
192  0.0000e+00
193  0.0000e+00
194  0.0000e+00
195  0.0000e+00
196  0.0000e+00
197  0.0000e+00
198  0.0000e+00
199  0.0000e+00
200  0.0000e+00
201  0.0000e+00
202  0.0000e+00
203  0.0000e+00
204  0.0000e+00
205  0.0000e+00
206  0.0000e+00
207  0.0000e+00
208  0.0000e+00
209  0.0000e+00
210  0.0000e+00
211  0.0000e+00
212  0.0000e+00
213  0.0000e+00
214  0.0000e+00
215  0.0000e+00
216  0.0000e+00
217  0.0000e+00
218  0.0000e+00
219  0.0000e+00
220  0.0000e+00
221  0.0000e+00
222  0.0000e+00
223  0.0000e+00
224  0.0000e+00
225  0.0000e+00
226  0.0000e+00
227  0.0000e+00
228  0.0000e+00
229  0.0000e+00
230  0.0000e+00
231  0.0000e+00
232  0.0000e+00
233  0.0000e+00
234  0.0000e+00
235  0.0000e+00
236  0.0000e+00
237  0.0000e+00
238  0.0000e+00
239  0.0000e+00
240  0.0000e+00
241  0.0000e+00
242  0.0000e+00
243  0.0000e+00
244  0.0000e+00
245  0.0000e+00
246  0.0000e+00
247  0.0000e+00
248  0.0000e+00
249  0.0000e+00
250  0.0000e+00
251  0.0000e+00
252  0.0000e+00
253  0.0000e+00
254  0.0000e+00
255  0.0000e+00
256  0.0000e+00
257  0.0000e+00
258  0.0000e+00
259  0.0000e+00
260  0.0000e+00
261  0.0000e+00
262  0.0000e+00
263  0.0000e+00
264  0.0000e+00
265  0.0000e+00
266  0.0000e+00
267  0.0000e+00
268  0.0000e+00
269  0.0000e+00
270  0.0000e+00
271  0.0000e+00
272  0.0000e+00
273  0.0000e+00
274  0.0000e+00
275  0.0000e+00
276  0.0000e+00
277  0.0000e+00
278  0.0000e+00
279  0.0000e+00
280  0.0000e+00
281  0.0000e+00
282  0.0000e+00
283  0.0000e+00
284  0.0000e+00
285  0.0000e+00
286  0.0000e+00
287  0.0000e+00
288  0.0000e+00
289  0.0000e+00
290  0.0000e+00
291  0.0000e+00
292  0.0000e+00
293  0.0000e+00
294  0.0000e+00
295  0.0000e+00
296  0.0000e+00
297  0.0000e+00
298  0.0000e+00
299  0.0000e+00
300  0.0000e+00
301  0.0000e+00
302  0.0000e+00
303  0.0000e+00
304  0.0000e+00
305  0.0000e+00
306  0.0000e+00
307  0.0000e+00
308  0.0000e+00
309  0.0000e+00
310  0.0000e+00
311  0.0000e+00
312  0.0000e+00
313  0.0000e+00
314  0.0000e+00
315  0.0000e+00
316  0.0000e+00
317  0.0000e+00
318  0.0000e+00
319  0.0000e+00
320  0.0000e+00
321  0.0000e+00
322  0.0000e+00
323  0.0000e+00
324  0.0000e+00
325  0.0000e+00
326  0.0000e+00
327  0.0000e+00
328  0.0000e+00
329  0.0000e+00
330  0.0000e+00
331  0.0000e+00
332  0.0000e+00
333  0.0000e+00
334  0.0000e+00
335  0.0000e+00
336  0.0000e+00
337  0.0000e+00

