337
time(s) = 1000000000000 t9 = 3.333030616963988e-12 rho(g/cc) = 1.8149999999996003e-23 
0  0.0000e+00
1  1.0952e-11
2  8.3751e-16
3  6.7622e-20
4  1.2475e-12
5  0.0000e+00
6  6.0474e-28
7  1.8832e-18
8  4.0864e-08
9  3.1966e-22
10  8.5572e-18
11  3.1763e-20
12  6.9335e-24
13  4.1922e-25
14  9.5047e-21
15  2.2397e-22
16  2.0763e-29
17  1.0579e-25
18  1.2365e-25
19  6.5619e-58
20  1.1499e-23
21  2.3487e-29
22  2.4129e-96
23  5.3014e-42
24  3.1042e-117
25  0.0000e+00
26  0.0000e+00
27  0.0000e+00
28  0.0000e+00
29  0.0000e+00
30  0.0000e+00
31  0.0000e+00
32  0.0000e+00
33  0.0000e+00
34  0.0000e+00
35  0.0000e+00
36  0.0000e+00
37  0.0000e+00
38  0.0000e+00
39  0.0000e+00
40  0.0000e+00
41  0.0000e+00
42  0.0000e+00
43  0.0000e+00
44  7.6754e-182
45  1.8742e-29
46  6.5982e-23
47  9.7844e-23
48  3.5846e-21
49  2.6932e-22
50  7.3939e-20
51  1.8988e-21
52  4.7496e-22
53  5.8409e-23
54  1.9492e-19
55  2.1535e-21
56  2.1913e-21
57  4.5329e-21
58  1.7688e-18
59  6.5298e-19
60  1.8622e-16
61  2.7620e-17
62  4.9871e-17
63  5.4761e-17
64  1.0975e-14
65  9.5207e-15
66  5.9345e-12
67  6.6950e-13
68  5.0417e-12
69  6.9561e-12
70  1.5746e-07
71  1.7101e-08
72  1.0624e-05
73  2.3014e-06
74  7.9398e-06
75  2.0666e-05
76  2.8557e-05
77  8.3377e-05
78  1.0564e-03
79  2.7611e-04
80  5.4759e-03
81  2.0055e-03
82  7.1757e-04
83  1.7499e-05
84  5.0605e-07
85  1.4368e-08
86  7.4705e-08
87  2.2543e-08
88  7.9208e-08
89  5.8374e-09
90  2.6665e-08
91  7.9866e-09
92  3.1392e-08
93  1.2901e-08
94  1.2214e-08
95  1.0911e-08
96  3.3339e-08
97  2.3910e-08
98  2.1379e-06
99  8.8168e-07
100  2.9764e-07
101  2.3985e-07
102  1.6659e-06
103  4.0991e-07
104  3.3999e-07
105  6.3035e-07
106  2.0566e-07
107  4.3252e-08
108  1.4342e-07
109  8.8530e-08
110  7.9602e-08
111  7.6819e-08
112  4.8633e-08
113  2.5023e-08
114  1.8058e-07
115  4.2554e-08
116  4.3059e-08
117  5.2972e-08
118  1.0362e-06
119  2.0486e-07
120  5.5927e-06
121  3.2188e-06
122  1.3770e-05
123  3.9037e-06
124  1.3803e-06
125  1.7056e-06
126  2.4672e-06
127  4.9330e-06
128  6.0170e-05
129  1.0573e-04
130  5.1055e-04
131  3.4130e-04
132  6.4153e-04
133  4.9105e-06
134  1.0457e-08
135  2.1792e-11
136  3.2868e-14
137  6.9021e-17
138  3.1258e-19
139  5.8552e-21
140  5.6335e-23
141  1.2532e-24
142  3.2845e-39
143  0.0000e+00
144  0.0000e+00
145  0.0000e+00
146  0.0000e+00
147  0.0000e+00
148  0.0000e+00
149  0.0000e+00
150  0.0000e+00
151  0.0000e+00
152  0.0000e+00
153  0.0000e+00
154  0.0000e+00
155  0.0000e+00
156  0.0000e+00
157  0.0000e+00
158  0.0000e+00
159  0.0000e+00
160  0.0000e+00
161  0.0000e+00
162  0.0000e+00
163  0.0000e+00
164  0.0000e+00
165  0.0000e+00
166  0.0000e+00
167  0.0000e+00
168  0.0000e+00
169  0.0000e+00
170  0.0000e+00
171  0.0000e+00
172  0.0000e+00
173  0.0000e+00
174  0.0000e+00
175  0.0000e+00
176  0.0000e+00
177  0.0000e+00
178  0.0000e+00
179  0.0000e+00
180  0.0000e+00
181  0.0000e+00
182  0.0000e+00
183  0.0000e+00
184  0.0000e+00
185  0.0000e+00
186  0.0000e+00
187  0.0000e+00
188  0.0000e+00
189  0.0000e+00
190  0.0000e+00
191  0.0000e+00
192  0.0000e+00
193  0.0000e+00
194  0.0000e+00
195  0.0000e+00
196  0.0000e+00
197  0.0000e+00
198  0.0000e+00
199  0.0000e+00
200  0.0000e+00
201  0.0000e+00
202  0.0000e+00
203  0.0000e+00
204  0.0000e+00
205  0.0000e+00
206  0.0000e+00
207  0.0000e+00
208  0.0000e+00
209  0.0000e+00
210  0.0000e+00
211  0.0000e+00
212  0.0000e+00
213  0.0000e+00
214  0.0000e+00
215  0.0000e+00
216  0.0000e+00
217  0.0000e+00
218  0.0000e+00
219  0.0000e+00
220  0.0000e+00
221  0.0000e+00
222  0.0000e+00
223  0.0000e+00
224  0.0000e+00
225  0.0000e+00
226  0.0000e+00
227  0.0000e+00
228  0.0000e+00
229  0.0000e+00
230  0.0000e+00
231  0.0000e+00
232  0.0000e+00
233  0.0000e+00
234  0.0000e+00
235  0.0000e+00
236  0.0000e+00
237  0.0000e+00
238  0.0000e+00
239  0.0000e+00
240  0.0000e+00
241  0.0000e+00
242  0.0000e+00
243  0.0000e+00
244  0.0000e+00
245  0.0000e+00
246  0.0000e+00
247  0.0000e+00
248  0.0000e+00
249  0.0000e+00
250  0.0000e+00
251  0.0000e+00
252  0.0000e+00
253  0.0000e+00
254  0.0000e+00
255  0.0000e+00
256  0.0000e+00
257  0.0000e+00
258  0.0000e+00
259  0.0000e+00
260  0.0000e+00
261  0.0000e+00
262  0.0000e+00
263  0.0000e+00
264  0.0000e+00
265  0.0000e+00
266  0.0000e+00
267  0.0000e+00
268  0.0000e+00
269  0.0000e+00
270  0.0000e+00
271  0.0000e+00
272  0.0000e+00
273  0.0000e+00
274  0.0000e+00
275  0.0000e+00
276  0.0000e+00
277  0.0000e+00
278  0.0000e+00
279  0.0000e+00
280  0.0000e+00
281  0.0000e+00
282  0.0000e+00
283  0.0000e+00
284  0.0000e+00
285  0.0000e+00
286  0.0000e+00
287  0.0000e+00
288  0.0000e+00
289  0.0000e+00
290  0.0000e+00
291  0.0000e+00
292  0.0000e+00
293  0.0000e+00
294  0.0000e+00
295  0.0000e+00
296  0.0000e+00
297  0.0000e+00
298  0.0000e+00
299  0.0000e+00
300  0.0000e+00
301  0.0000e+00
302  0.0000e+00
303  0.0000e+00
304  0.0000e+00
305  0.0000e+00
306  0.0000e+00
307  0.0000e+00
308  0.0000e+00
309  0.0000e+00
310  0.0000e+00
311  0.0000e+00
312  0.0000e+00
313  0.0000e+00
314  0.0000e+00
315  0.0000e+00
316  0.0000e+00
317  0.0000e+00
318  0.0000e+00
319  0.0000e+00
320  0.0000e+00
321  0.0000e+00
322  0.0000e+00
323  0.0000e+00
324  0.0000e+00
325  0.0000e+00
326  0.0000e+00
327  0.0000e+00
328  0.0000e+00
329  0.0000e+00
330  0.0000e+00
331  0.0000e+00
332  0.0000e+00
333  0.0000e+00
334  0.0000e+00
335  0.0000e+00
336  0.0000e+00
337  0.0000e+00

