337
time(s) = 10000000 t9 = 2.9717345061732744e-09 rho(g/cc) = 1.2149999781300001e-13 
0  0.0000e+00
1  6.5437e-09
2  9.4691e-11
3  6.9157e-14
4  2.3940e-05
5  0.0000e+00
6  3.6631e-31
7  1.1488e-15
8  1.0442e-03
9  3.1901e-20
10  5.6605e-12
11  2.6104e-12
12  1.2298e-08
13  7.7038e-09
14  7.1304e-03
15  1.0065e-03
16  1.2484e-05
17  1.4847e-07
18  1.2649e-03
19  1.6958e-03
20  6.0802e-04
21  4.4080e-06
22  2.1169e-03
23  1.0032e-05
24  3.4990e-06
25  4.4493e-06
26  1.7950e-05
27  1.4122e-06
28  5.6185e-06
29  2.4831e-06
30  3.3496e-06
31  1.2319e-06
32  1.1107e-05
33  5.1578e-06
34  5.9660e-06
35  9.3490e-06
36  1.2612e-05
37  2.4954e-06
38  1.8544e-06
39  4.4754e-07
40  1.0748e-06
41  2.4983e-06
42  3.0230e-06
43  6.9801e-06
44  2.6108e-05
45  1.4266e-05
46  2.2948e-05
47  1.1866e-05
48  1.9606e-05
49  1.2148e-05
50  7.9445e-06
51  9.5380e-06
52  9.1214e-06
53  5.9114e-06
54  8.8750e-06
55  1.4966e-06
56  2.3492e-06
57  9.8805e-07
58  3.8033e-06
59  9.5368e-07
60  2.0496e-06
61  1.1292e-06
62  3.1987e-06
63  8.9702e-07
64  3.4867e-06
65  1.5441e-06
66  4.0536e-06
67  2.0966e-06
68  4.6465e-06
69  1.8165e-06
70  2.0234e-06
71  1.2335e-06
72  2.1784e-06
73  1.9659e-06
74  2.0358e-06
75  2.0611e-06
76  8.0898e-06
77  4.0883e-05
78  9.1117e-05
79  1.3977e-04
80  1.4442e-04
81  7.7034e-05
82  3.9160e-05
83  1.5199e-05
84  6.9081e-06
85  3.1861e-06
86  1.8502e-06
87  9.4486e-07
88  1.1217e-06
89  1.4820e-06
90  3.0451e-06
91  2.9161e-06
92  2.9625e-06
93  1.0957e-06
94  2.5923e-06
95  2.7497e-06
96  2.8072e-06
97  3.6011e-06
98  2.0397e-06
99  1.0499e-06
100  1.9553e-06
101  9.3094e-07
102  1.5643e-06
103  1.0781e-06
104  1.0886e-06
105  1.2023e-06
106  1.6034e-06
107  1.0559e-06
108  6.8851e-07
109  2.6666e-07
110  6.6869e-07
111  3.8545e-07
112  8.9401e-07
113  6.7464e-07
114  2.9896e-06
115  8.6642e-07
116  2.5161e-06
117  6.1629e-07
118  2.1828e-06
119  5.3402e-07
120  1.0527e-06
121  4.2019e-07
122  8.9945e-07
123  2.8759e-07
124  4.2282e-07
125  3.2390e-07
126  1.5342e-06
127  1.6334e-06
128  1.2983e-05
129  2.2791e-05
130  6.5842e-05
131  4.2753e-05
132  2.6241e-05
133  7.5872e-06
134  8.0190e-06
135  1.5908e-06
136  2.7045e-07
137  8.8574e-08
138  1.3139e-08
139  5.9077e-09
140  8.6169e-09
141  8.8639e-09
142  1.2158e-08
143  1.4104e-08
144  1.6414e-08
145  9.0683e-09
146  1.0910e-08
147  5.9936e-09
148  9.7396e-09
149  3.6953e-09
150  4.5219e-09
151  4.6019e-09
152  9.9017e-09
153  3.8418e-09
154  9.0226e-09
155  6.7639e-09
156  7.4158e-09
157  8.0912e-09
158  1.0475e-08
159  2.3800e-09
160  9.8170e-09
161  1.2099e-08
162  1.4066e-08
163  2.5283e-08
164  3.5722e-08
165  6.2880e-08
166  5.7367e-08
167  6.8435e-08
168  9.2891e-08
169  8.4541e-08
170  8.7200e-08
171  4.4601e-08
172  9.9897e-08
173  7.1876e-08
174  2.2279e-07
175  1.5231e-07
176  2.6374e-07
177  2.5535e-07
178  1.9588e-07
179  3.5428e-07
180  3.0870e-07
181  3.7972e-07
182  4.7463e-07
183  2.9848e-07
184  5.1044e-07
185  2.3087e-07
186  4.5747e-07
187  1.5473e-07
188  1.7061e-07
189  6.2996e-08
190  9.3215e-08
191  5.1350e-08
192  1.2721e-07
193  1.2780e-07
194  1.2970e-06
195  2.4984e-06
196  2.3512e-05
197  1.8181e-05
198  1.0261e-04
199  5.0808e-05
200  1.9242e-05
201  2.0279e-06
202  3.7417e-07
203  1.1065e-07
204  7.5349e-08
205  2.7375e-08
206  2.1425e-08
207  8.0687e-08
208  1.0591e-07
209  7.4850e-08
210  9.3108e-08
211  9.6270e-14
212  2.3533e-14
213  2.8803e-14
214  4.4722e-15
215  2.7641e-20
216  2.7941e-20
217  1.3063e-19
218  7.7711e-17
219  3.6676e-17
220  1.0870e-17
221  1.1648e-15
222  1.3820e-13
223  8.9873e-12
224  6.1128e-14
225  3.4570e-12
226  2.1070e-08
227  2.3468e-08
228  3.4826e-08
229  3.8529e-08
230  5.4489e-08
231  5.6665e-08
232  9.3549e-08
233  1.1820e-07
234  2.4925e-07
235  1.5714e-07
236  5.3764e-07
237  4.2845e-07
238  1.1451e-06
239  1.4921e-06
240  3.3744e-06
241  5.0805e-06
242  4.7432e-06
243  3.5444e-06
244  4.7284e-06
245  2.7145e-06
246  2.3417e-06
247  1.7681e-06
248  5.1834e-06
249  5.0238e-06
250  4.8687e-06
251  5.8444e-06
252  5.5664e-06
253  2.4742e-06
254  1.0480e-06
255  4.2592e-07
256  1.2410e-29
257  2.2184e-06
258  5.2900e-06
259  4.6355e-06
260  5.6589e-06
261  2.8983e-06
262  1.5783e-05
263  1.1150e-05
264  1.7078e-05
265  1.7768e-05
266  6.5843e-05
267  4.1342e-05
268  4.6107e-05
269  1.0579e-04
270  5.7282e-05
271  5.8963e-05
272  1.0562e-04
273  4.4864e-04
274  6.4578e-05
275  4.2453e-05
276  1.9231e-05
277  2.4240e-06
278  4.3988e-06
279  3.6678e-06
280  4.0729e-06
281  3.0693e-06
282  1.2059e-05
283  6.2277e-06
284  6.0581e-06
285  1.9387e-06
286  5.6217e-07
287  2.1815e-06
288  2.2608e-06
289  1.8396e-06
290  3.3087e-06
291  1.8328e-06
292  1.1367e-05
293  1.1746e-05
294  5.0476e-06
295  8.0894e-06
296  1.1261e-05
297  1.0838e-05
298  1.7102e-05
299  1.7190e-05
300  7.8458e-06
301  2.3810e-05
302  1.2847e-05
303  2.6863e-05
304  1.9374e-04
305  2.3312e-06
306  5.4162e-04
307  3.5223e-05
308  1.0081e-05
309  1.0296e-06
310  2.3078e-08
311  7.5664e-10
312  1.2233e-11
313  1.6759e-13
314  2.5771e-15
315  2.0184e-17
316  6.9921e-19
317  2.6936e-21
318  1.5671e-22
319  2.3510e-25
320  2.9209e-27
321  0.0000e+00
322  0.0000e+00
323  0.0000e+00
324  0.0000e+00
325  0.0000e+00
326  0.0000e+00
327  0.0000e+00
328  0.0000e+00
329  0.0000e+00
330  0.0000e+00
331  0.0000e+00
332  0.0000e+00
333  0.0000e+00
334  0.0000e+00
335  0.0000e+00
336  0.0000e+00
337  0.0000e+00

