337
time(s) = 10000000 t9 = 3.2933751159654053e-09 rho(g/cc) = 1.6537499652712505e-13 
0  0.0000e+00
1  2.7688e-10
2  3.9545e-12
3  3.6738e-15
4  1.9480e-05
5  0.0000e+00
6  1.3444e-32
7  2.9751e-16
8  1.0229e-03
9  9.8823e-22
10  6.9347e-12
11  4.3776e-13
12  5.1921e-10
13  4.6306e-10
14  7.8674e-03
15  1.8034e-04
16  2.2138e-06
17  2.9103e-08
18  1.1087e-03
19  1.4801e-03
20  6.3311e-04
21  1.8360e-06
22  2.4705e-03
23  7.9704e-06
24  4.8637e-06
25  3.2177e-06
26  2.1265e-05
27  1.1699e-06
28  3.2582e-06
29  1.8094e-06
30  2.9792e-06
31  1.2871e-06
32  1.3802e-05
33  4.7119e-06
34  4.1043e-06
35  8.2230e-06
36  1.2455e-05
37  1.7722e-06
38  1.6941e-06
39  3.7460e-07
40  8.5126e-07
41  2.2204e-06
42  2.6415e-06
43  8.7592e-06
44  3.3448e-05
45  1.6142e-05
46  2.1753e-05
47  8.8462e-06
48  2.3289e-05
49  1.0719e-05
50  6.2114e-06
51  7.0561e-06
52  9.5633e-06
53  6.1193e-06
54  9.5740e-06
55  1.2803e-06
56  1.3489e-06
57  5.1122e-07
58  2.6338e-06
59  6.4938e-07
60  1.5163e-06
61  9.0188e-07
62  1.8344e-06
63  7.4920e-07
64  2.8105e-06
65  1.4044e-06
66  2.6931e-06
67  1.5532e-06
68  2.5349e-06
69  1.1760e-06
70  1.4089e-06
71  9.3177e-07
72  1.7764e-06
73  1.5562e-06
74  1.5072e-06
75  1.7081e-06
76  6.0475e-06
77  3.3533e-05
78  8.2530e-05
79  1.3090e-04
80  1.9225e-04
81  7.4927e-05
82  2.3932e-05
83  1.2719e-05
84  5.0610e-06
85  1.8829e-06
86  3.3972e-06
87  1.8376e-06
88  1.7653e-06
89  2.2283e-06
90  3.5314e-06
91  3.2811e-06
92  2.8940e-06
93  1.1695e-06
94  2.5279e-06
95  3.1172e-06
96  3.4037e-06
97  4.0921e-06
98  2.4834e-06
99  1.5051e-06
100  2.5774e-06
101  1.3949e-06
102  2.1337e-06
103  1.5044e-06
104  1.5454e-06
105  1.6599e-06
106  2.0712e-06
107  1.3718e-06
108  1.1082e-06
109  4.9993e-07
110  1.5279e-06
111  1.0705e-06
112  2.5117e-06
113  1.8446e-06
114  6.5546e-06
115  1.7634e-06
116  4.2854e-06
117  9.9687e-07
118  2.3413e-06
119  5.1749e-07
120  9.8511e-07
121  4.0056e-07
122  8.9019e-07
123  3.2099e-07
124  4.7307e-07
125  5.0086e-07
126  2.2380e-06
127  2.9572e-06
128  1.5919e-05
129  2.3371e-05
130  7.6705e-05
131  4.0411e-05
132  2.1420e-05
133  8.2578e-06
134  1.3482e-05
135  2.4342e-06
136  1.8138e-07
137  4.2189e-08
138  3.7189e-08
139  1.4494e-08
140  2.6392e-08
141  2.6917e-08
142  2.0992e-08
143  1.6032e-08
144  1.3277e-08
145  5.8621e-09
146  6.5912e-09
147  3.8776e-09
148  7.1157e-09
149  3.9976e-09
150  5.5780e-09
151  6.2182e-09
152  1.2041e-08
153  4.5201e-09
154  1.1028e-08
155  9.2358e-09
156  1.0437e-08
157  1.1576e-08
158  1.5083e-08
159  3.6817e-09
160  1.5414e-08
161  2.0563e-08
162  2.1075e-08
163  3.7462e-08
164  4.3559e-08
165  7.0675e-08
166  6.3783e-08
167  7.5392e-08
168  8.7586e-08
169  7.9633e-08
170  9.0523e-08
171  5.2100e-08
172  1.1640e-07
173  9.2274e-08
174  2.3721e-07
175  1.5426e-07
176  2.4412e-07
177  2.4898e-07
178  1.9456e-07
179  3.7036e-07
180  2.8468e-07
181  3.4200e-07
182  3.8807e-07
183  2.4154e-07
184  3.3633e-07
185  1.4023e-07
186  2.0010e-07
187  5.8509e-08
188  6.2952e-08
189  2.6393e-08
190  5.7210e-08
191  3.8287e-08
192  1.2710e-07
193  2.0077e-07
194  1.6171e-06
195  3.6849e-06
196  3.2499e-05
197  2.3850e-05
198  1.0787e-04
199  4.5158e-05
200  1.2073e-05
201  9.8449e-07
202  1.4119e-07
203  8.7958e-08
204  8.3367e-08
205  2.3536e-08
206  1.9658e-08
207  9.0343e-08
208  1.4477e-07
209  1.1055e-07
210  1.0303e-07
211  1.1281e-13
212  6.0650e-14
213  4.4297e-14
214  8.6030e-15
215  4.2587e-20
216  7.2013e-20
217  2.0092e-19
218  1.4949e-16
219  4.3122e-17
220  2.8016e-17
221  1.7915e-15
222  2.6585e-13
223  1.0536e-11
224  1.5755e-13
225  5.3188e-12
226  4.0537e-08
227  4.8684e-08
228  7.0063e-08
229  7.6577e-08
230  9.5766e-08
231  9.3945e-08
232  1.5583e-07
233  2.0231e-07
234  4.7334e-07
235  3.1380e-07
236  1.1456e-06
237  9.4177e-07
238  2.2802e-06
239  2.9012e-06
240  5.1970e-06
241  7.0162e-06
242  5.7571e-06
243  4.0767e-06
244  4.6779e-06
245  2.5890e-06
246  2.0159e-06
247  1.4906e-06
248  4.2240e-06
249  3.8298e-06
250  3.7050e-06
251  4.5925e-06
252  4.3914e-06
253  1.8985e-06
254  8.2184e-07
255  3.3896e-07
256  2.6513e-29
257  1.7285e-06
258  4.2116e-06
259  4.2693e-06
260  5.4100e-06
261  3.6528e-06
262  1.7840e-05
263  1.3558e-05
264  1.9560e-05
265  2.1395e-05
266  8.0001e-05
267  4.5411e-05
268  3.8229e-05
269  8.1170e-05
270  5.8017e-05
271  6.6540e-05
272  9.3932e-05
273  3.9981e-04
274  5.1234e-05
275  4.8206e-05
276  2.6159e-05
277  3.2897e-06
278  2.7927e-06
279  2.2775e-06
280  4.2221e-06
281  5.1559e-06
282  1.0201e-05
283  4.9065e-06
284  5.4558e-06
285  2.3423e-06
286  1.2007e-06
287  7.6699e-06
288  7.3043e-06
289  5.5455e-06
290  5.1338e-06
291  2.3490e-06
292  6.9232e-06
293  8.1162e-06
294  4.8799e-06
295  9.0615e-06
296  1.7003e-05
297  1.8465e-05
298  1.8740e-05
299  1.0655e-05
300  5.4779e-06
301  4.1340e-05
302  5.5683e-05
303  8.9876e-06
304  4.9492e-04
305  1.5085e-06
306  2.6316e-04
307  1.0358e-05
308  6.2039e-07
309  3.2662e-08
310  4.5863e-10
311  8.8571e-12
312  8.3608e-14
313  6.4117e-16
314  5.6232e-18
315  2.4927e-20
316  4.7742e-22
317  1.0166e-24
318  2.9720e-26
319  0.0000e+00
320  0.0000e+00
321  0.0000e+00
322  0.0000e+00
323  0.0000e+00
324  0.0000e+00
325  0.0000e+00
326  0.0000e+00
327  0.0000e+00
328  0.0000e+00
329  0.0000e+00
330  0.0000e+00
331  0.0000e+00
332  0.0000e+00
333  0.0000e+00
334  0.0000e+00
335  0.0000e+00
336  0.0000e+00
337  0.0000e+00

