337
time(s) = 10000000 t9 = 2.6316159512321869e-09 rho(g/cc) = 8.4374998734374996e-14 
0  0.0000e+00
1  1.0352e-08
2  4.1662e-10
3  4.6546e-13
4  2.7592e-05
5  0.0000e+00
6  2.7444e-30
7  1.2816e-11
8  1.0546e-03
9  7.1689e-16
10  1.9594e-08
11  2.8312e-11
12  9.4770e-08
13  1.2566e-07
14  5.2272e-03
15  2.9926e-03
16  3.7042e-05
17  3.9430e-07
18  1.4574e-03
19  1.9364e-03
20  5.7714e-04
21  9.8410e-06
22  1.6250e-03
23  1.6670e-05
24  3.3584e-06
25  5.8671e-06
26  1.8288e-05
27  1.3965e-06
28  1.0581e-05
29  3.5056e-06
30  4.7126e-06
31  2.0312e-06
32  1.1933e-05
33  5.6527e-06
34  9.8047e-06
35  1.0977e-05
36  1.2468e-05
37  3.7630e-06
38  2.0550e-06
39  5.4160e-07
40  1.4710e-06
41  2.4509e-06
42  3.8029e-06
43  6.7055e-06
44  2.4011e-05
45  1.7957e-05
46  5.1720e-05
47  3.1860e-05
48  3.5424e-05
49  2.5513e-05
50  2.1590e-05
51  2.2832e-05
52  1.1033e-05
53  1.0752e-05
54  1.7733e-05
55  2.7416e-06
56  5.0180e-06
57  2.1865e-06
58  9.9738e-06
59  2.6127e-06
60  4.7763e-06
61  2.1853e-06
62  7.9868e-06
63  1.7678e-06
64  6.6354e-06
65  2.6075e-06
66  7.9055e-06
67  3.5846e-06
68  1.4342e-05
69  4.6847e-06
70  5.6381e-06
71  3.0207e-06
72  4.1689e-06
73  3.6925e-06
74  4.1811e-06
75  3.2344e-06
76  1.0968e-05
77  3.2115e-05
78  7.1231e-05
79  1.1095e-04
80  1.0039e-04
81  7.5368e-05
82  5.0004e-05
83  1.3857e-05
84  5.6490e-06
85  3.5785e-06
86  1.8485e-06
87  6.0175e-07
88  4.7736e-07
89  4.8590e-07
90  1.0036e-06
91  1.0115e-06
92  1.1384e-06
93  4.1271e-07
94  1.1569e-06
95  1.3156e-06
96  1.4638e-06
97  1.9620e-06
98  1.1246e-06
99  4.5271e-07
100  9.8398e-07
101  4.7609e-07
102  7.3064e-07
103  4.8292e-07
104  5.2074e-07
105  5.1351e-07
106  8.0332e-07
107  6.0974e-07
108  3.9705e-07
109  1.2298e-07
110  3.3074e-07
111  1.5815e-07
112  3.7720e-07
113  2.2773e-07
114  1.0517e-06
115  3.0646e-07
116  1.0065e-06
117  2.3331e-07
118  1.0619e-06
119  2.7376e-07
120  7.1419e-07
121  3.1186e-07
122  9.1103e-07
123  2.9441e-07
124  5.6351e-07
125  3.6412e-07
126  1.3556e-06
127  7.4112e-07
128  7.6989e-06
129  1.7216e-05
130  4.8648e-05
131  5.1220e-05
132  4.7095e-05
133  6.9907e-06
134  3.2961e-06
135  9.4335e-07
136  2.3921e-07
137  7.8171e-08
138  1.4501e-08
139  8.3254e-09
140  3.8490e-09
141  2.2589e-09
142  2.8008e-09
143  3.1858e-09
144  5.0497e-09
145  2.6179e-09
146  4.3824e-09
147  2.5183e-09
148  5.5417e-09
149  2.0372e-09
150  2.5236e-09
151  2.5688e-09
152  5.5723e-09
153  1.7198e-09
154  4.7017e-09
155  3.6815e-09
156  3.9388e-09
157  4.3946e-09
158  6.0315e-09
159  1.2252e-09
160  4.7213e-09
161  6.0430e-09
162  6.3960e-09
163  1.1858e-08
164  2.1945e-08
165  4.3596e-08
166  4.6664e-08
167  5.7659e-08
168  8.6046e-08
169  8.2840e-08
170  8.8974e-08
171  3.9178e-08
172  9.2184e-08
173  5.2685e-08
174  1.8148e-07
175  1.1751e-07
176  2.2748e-07
177  2.5724e-07
178  1.9720e-07
179  4.0060e-07
180  3.4083e-07
181  4.1867e-07
182  5.8347e-07
183  3.7241e-07
184  7.4116e-07
185  3.3001e-07
186  9.0678e-07
187  3.2790e-07
188  4.5110e-07
189  1.8476e-07
190  2.7127e-07
191  1.3460e-07
192  2.7826e-07
193  1.7992e-07
194  7.1445e-07
195  9.2151e-07
196  9.6988e-06
197  8.0581e-06
198  8.6311e-05
199  5.6329e-05
200  4.0247e-05
201  5.5471e-06
202  1.3192e-06
203  2.2743e-07
204  1.3575e-07
205  7.7602e-08
206  5.2894e-08
207  1.0075e-07
208  1.3753e-07
209  9.7364e-08
210  1.2159e-07
211  6.1700e-14
212  1.4720e-14
213  1.4562e-14
214  2.0714e-15
215  1.5734e-20
216  1.7475e-20
217  6.6040e-20
218  3.5993e-17
219  2.3461e-17
220  6.7987e-18
221  5.8884e-16
222  6.4009e-14
223  5.7591e-12
224  3.8232e-14
225  1.7472e-12
226  9.7552e-09
227  1.0925e-08
228  1.4526e-08
229  1.5003e-08
230  1.9232e-08
231  2.0188e-08
232  3.1219e-08
233  4.0555e-08
234  9.3253e-08
235  5.4923e-08
236  1.6623e-07
237  1.2888e-07
238  3.1247e-07
239  3.6261e-07
240  1.1194e-06
241  1.8628e-06
242  2.1503e-06
243  1.7190e-06
244  3.0766e-06
245  1.6492e-06
246  1.5390e-06
247  1.1957e-06
248  5.0191e-06
249  4.7595e-06
250  4.3754e-06
251  5.9106e-06
252  5.5722e-06
253  2.9724e-06
254  1.0411e-06
255  4.6705e-07
256  4.7226e-30
257  3.0552e-06
258  8.4035e-06
259  7.4795e-06
260  9.7384e-06
261  3.9876e-06
262  2.1381e-05
263  1.0397e-05
264  1.8371e-05
265  1.7803e-05
266  5.3863e-05
267  3.1978e-05
268  5.6488e-05
269  1.4125e-04
270  5.7287e-05
271  5.4191e-05
272  1.1044e-04
273  4.7579e-04
274  7.1546e-05
275  3.6306e-05
276  1.5381e-05
277  3.4921e-06
278  7.4354e-06
279  4.8881e-06
280  4.1050e-06
281  2.7957e-06
282  1.2190e-05
283  4.2814e-06
284  3.1597e-06
285  7.9286e-07
286  4.1713e-07
287  3.2701e-06
288  3.1797e-06
289  2.4043e-06
290  3.4153e-06
291  1.8033e-06
292  1.9867e-05
293  1.4077e-05
294  6.8358e-06
295  1.3463e-05
296  1.5473e-05
297  8.1327e-06
298  1.3046e-05
299  1.5335e-05
300  7.3093e-06
301  1.2909e-05
302  2.0947e-05
303  2.7539e-05
304  7.8863e-05
305  4.3727e-06
306  5.4222e-04
307  6.4811e-05
308  3.4159e-05
309  7.7011e-06
310  2.6479e-07
311  1.4689e-08
312  4.0764e-10
313  1.0584e-11
314  3.0130e-13
315  4.4077e-15
316  2.9201e-16
317  2.1268e-18
318  2.5244e-19
319  7.8413e-22
320  3.3477e-23
321  3.5207e-26
322  0.0000e+00
323  0.0000e+00
324  0.0000e+00
325  0.0000e+00
326  0.0000e+00
327  0.0000e+00
328  0.0000e+00
329  0.0000e+00
330  0.0000e+00
331  0.0000e+00
332  0.0000e+00
333  0.0000e+00
334  0.0000e+00
335  0.0000e+00
336  0.0000e+00
337  0.0000e+00

