337
time(s) = 10000000 t9 = 3.0808040096288935e-09 rho(g/cc) = 1.3537499742787504e-13 
0  0.0000e+00
1  6.2502e-09
2  6.5429e-11
3  3.7273e-14
4  2.1842e-05
5  0.0000e+00
6  2.1676e-31
7  7.4503e-16
8  1.0396e-03
9  1.1410e-20
10  5.8063e-12
11  1.7687e-12
12  5.3268e-09
13  3.1150e-09
14  7.4559e-03
15  6.5316e-04
16  8.0994e-06
17  9.9291e-08
18  1.2076e-03
19  1.6206e-03
20  6.1569e-04
21  3.2872e-06
22  2.2568e-03
23  8.9822e-06
24  3.8408e-06
25  4.1151e-06
26  1.8740e-05
27  1.3467e-06
28  4.6804e-06
29  2.2402e-06
30  3.1520e-06
31  1.1820e-06
32  1.1389e-05
33  4.9708e-06
34  5.2147e-06
35  8.9688e-06
36  1.2620e-05
37  2.2235e-06
38  1.8180e-06
39  4.1901e-07
40  9.9466e-07
41  2.4313e-06
42  2.8725e-06
43  7.3331e-06
44  2.7610e-05
45  1.4151e-05
46  2.0705e-05
47  9.9432e-06
48  1.8614e-05
49  1.0603e-05
50  6.5519e-06
51  7.9062e-06
52  8.6780e-06
53  5.2077e-06
54  7.9267e-06
55  1.3037e-06
56  1.8123e-06
57  7.3560e-07
58  2.9937e-06
59  7.4761e-07
60  1.6792e-06
61  9.5753e-07
62  2.4152e-06
63  7.6439e-07
64  2.9403e-06
65  1.3677e-06
66  3.2589e-06
67  1.7350e-06
68  3.3604e-06
69  1.4180e-06
70  1.5865e-06
71  1.0077e-06
72  1.8407e-06
73  1.6519e-06
74  1.6587e-06
75  1.7485e-06
76  7.0295e-06
77  3.8316e-05
78  8.8273e-05
79  1.3778e-04
80  1.5929e-04
81  7.6136e-05
82  3.4503e-05
83  1.4844e-05
84  6.5745e-06
85  2.7209e-06
86  2.0439e-06
87  1.1503e-06
88  1.4240e-06
89  1.8995e-06
90  3.5856e-06
91  3.4081e-06
92  3.2732e-06
93  1.2217e-06
94  2.7729e-06
95  3.0370e-06
96  3.1877e-06
97  4.0699e-06
98  2.3315e-06
99  1.2885e-06
100  2.2700e-06
101  1.1193e-06
102  1.8846e-06
103  1.3087e-06
104  1.3091e-06
105  1.4447e-06
106  1.8515e-06
107  1.1956e-06
108  8.1874e-07
109  3.3611e-07
110  8.8801e-07
111  5.5464e-07
112  1.3160e-06
113  1.0264e-06
114  4.1832e-06
115  1.1761e-06
116  3.2178e-06
117  7.8870e-07
118  2.4443e-06
119  5.7646e-07
120  1.0710e-06
121  4.1875e-07
122  8.8255e-07
123  2.9217e-07
124  4.2622e-07
125  3.6723e-07
126  1.8067e-06
127  2.1135e-06
128  1.4227e-05
129  2.3241e-05
130  6.9821e-05
131  4.0913e-05
132  2.3756e-05
133  8.0368e-06
134  1.0015e-05
135  1.8837e-06
136  2.5785e-07
137  7.9988e-08
138  1.3972e-08
139  6.1639e-09
140  1.3749e-08
141  1.4853e-08
142  1.7655e-08
143  1.8612e-08
144  1.9169e-08
145  9.9395e-09
146  1.1126e-08
147  5.9781e-09
148  9.6256e-09
149  3.9984e-09
150  5.2143e-09
151  5.5548e-09
152  1.1493e-08
153  4.4397e-09
154  1.0063e-08
155  7.6092e-09
156  8.6991e-09
157  9.6312e-09
158  1.2437e-08
159  2.9012e-09
160  1.2119e-08
161  1.5131e-08
162  1.6903e-08
163  3.0011e-08
164  3.8176e-08
165  6.4533e-08
166  5.8125e-08
167  6.9421e-08
168  8.7958e-08
169  7.9231e-08
170  8.3392e-08
171  4.4719e-08
172  1.0101e-07
173  7.7622e-08
174  2.2225e-07
175  1.4878e-07
176  2.4514e-07
177  2.3430e-07
178  1.8574e-07
179  3.4118e-07
180  2.8996e-07
181  3.5591e-07
182  4.2626e-07
183  2.6685e-07
184  4.3567e-07
185  1.9581e-07
186  3.4030e-07
187  1.0878e-07
188  1.1448e-07
189  4.2614e-08
190  7.4167e-08
191  4.4525e-08
192  1.2259e-07
193  1.4596e-07
194  1.4301e-06
195  2.9572e-06
196  2.7091e-05
197  2.0595e-05
198  1.0498e-04
199  4.9034e-05
200  1.6088e-05
201  1.5476e-06
202  2.6621e-07
203  9.6706e-08
204  6.9421e-08
205  2.0980e-08
206  2.0184e-08
207  8.0461e-08
208  1.0662e-07
209  7.5364e-08
210  9.2919e-08
211  9.3505e-14
212  2.7141e-14
213  2.9622e-14
214  5.0034e-15
215  2.8874e-20
216  3.2227e-20
217  1.3436e-19
218  8.6941e-17
219  3.5565e-17
220  1.2538e-17
221  1.1980e-15
222  1.5461e-13
223  8.7301e-12
224  7.0504e-14
225  3.5562e-12
226  2.3574e-08
227  2.7003e-08
228  4.1578e-08
229  4.6761e-08
230  6.4998e-08
231  6.6153e-08
232  1.0650e-07
233  1.3341e-07
234  2.9282e-07
235  1.9046e-07
236  6.9568e-07
237  5.6229e-07
238  1.4811e-06
239  1.9436e-06
240  4.0010e-06
241  5.8177e-06
242  5.1698e-06
243  3.8000e-06
244  4.7924e-06
245  2.7543e-06
246  2.3112e-06
247  1.7319e-06
248  4.8563e-06
249  4.6382e-06
250  4.4919e-06
251  5.3593e-06
252  5.1277e-06
253  2.2232e-06
254  9.5814e-07
255  3.8705e-07
256  1.4270e-29
257  1.9669e-06
258  4.5752e-06
259  4.0904e-06
260  5.0051e-06
261  2.9012e-06
262  1.5500e-05
263  1.1520e-05
264  1.7199e-05
265  1.8540e-05
266  7.0645e-05
267  4.3576e-05
268  4.2522e-05
269  9.4113e-05
270  5.7496e-05
271  6.1203e-05
272  1.0312e-04
273  4.3544e-04
274  6.2201e-05
275  4.5430e-05
276  2.1165e-05
277  2.2995e-06
278  3.8861e-06
279  3.3310e-06
280  4.0291e-06
281  3.4403e-06
282  1.1685e-05
283  6.0686e-06
284  6.0353e-06
285  2.0373e-06
286  6.7079e-07
287  3.1125e-06
288  3.1347e-06
289  2.4836e-06
290  3.7204e-06
291  1.9855e-06
292  9.4606e-06
293  1.1004e-05
294  4.6896e-06
295  7.1708e-06
296  1.1870e-05
297  1.3578e-05
298  1.7747e-05
299  1.5419e-05
300  7.0178e-06
301  3.0050e-05
302  1.4565e-05
303  2.2835e-05
304  2.6517e-04
305  1.9203e-06
306  4.9518e-04
307  2.7258e-05
308  5.3680e-06
309  4.4056e-07
310  8.5927e-09
311  2.3811e-10
312  3.2430e-12
313  3.6680e-14
314  4.6984e-16
315  3.0527e-18
316  8.7143e-20
317  2.7604e-22
318  1.2996e-23
319  1.5683e-26
320  0.0000e+00
321  0.0000e+00
322  0.0000e+00
323  0.0000e+00
324  0.0000e+00
325  0.0000e+00
326  0.0000e+00
327  0.0000e+00
328  0.0000e+00
329  0.0000e+00
330  0.0000e+00
331  0.0000e+00
332  0.0000e+00
333  0.0000e+00
334  0.0000e+00
335  0.0000e+00
336  0.0000e+00
337  0.0000e+00

