337
time(s) = 10000000 t9 = 2.8606251425773001e-09 rho(g/cc) = 1.08374998157625e-13 
0  0.0000e+00
1  7.3985e-09
2  1.5102e-10
3  1.3846e-13
4  2.6059e-05
5  0.0000e+00
6  6.8019e-31
7  1.9392e-15
8  1.0476e-03
9  8.5871e-20
10  6.3470e-12
11  3.5395e-12
12  2.5394e-08
13  1.9181e-08
14  6.6909e-03
15  1.4737e-03
16  1.8262e-05
17  2.1013e-07
18  1.3263e-03
19  1.7743e-03
20  5.9955e-04
21  5.8761e-06
22  1.9640e-03
23  1.1539e-05
24  3.2871e-06
25  4.7949e-06
26  1.7514e-05
27  1.4557e-06
28  6.8397e-06
29  2.7704e-06
30  3.6590e-06
31  1.3602e-06
32  1.1149e-05
33  5.3621e-06
34  6.9275e-06
35  9.8013e-06
36  1.2604e-05
37  2.8307e-06
38  1.8902e-06
39  4.7872e-07
40  1.1723e-06
41  2.5361e-06
42  3.2186e-06
43  6.8127e-06
44  2.5282e-05
45  1.5057e-05
46  2.7824e-05
47  1.5368e-05
48  2.2527e-05
49  1.4986e-05
50  1.0527e-05
51  1.2339e-05
52  9.9290e-06
53  7.2232e-06
54  1.0788e-05
55  1.7999e-06
56  3.1184e-06
57  1.3562e-06
58  5.1868e-06
59  1.3097e-06
60  2.6527e-06
61  1.3920e-06
62  4.4062e-06
63  1.1153e-06
64  4.3364e-06
65  1.8283e-06
66  5.1751e-06
67  2.5952e-06
68  6.8067e-06
69  2.4587e-06
70  2.7688e-06
71  1.6070e-06
72  2.6949e-06
73  2.4357e-06
74  2.6039e-06
75  2.4898e-06
76  9.2921e-06
77  4.1563e-05
78  9.0539e-05
79  1.3706e-04
80  1.2970e-04
81  7.7791e-05
82  4.2696e-05
83  1.4905e-05
84  6.7690e-06
85  3.4984e-06
86  1.7843e-06
87  7.9024e-07
88  8.3415e-07
89  1.0554e-06
90  2.3116e-06
91  2.2417e-06
92  2.3951e-06
93  8.8804e-07
94  2.2038e-06
95  2.3435e-06
96  2.3735e-06
97  3.0157e-06
98  1.7026e-06
99  7.9879e-07
100  1.6041e-06
101  7.5676e-07
102  1.2267e-06
103  8.3388e-07
104  8.5588e-07
105  9.3311e-07
106  1.3070e-06
107  8.9047e-07
108  5.7033e-07
109  2.0819e-07
110  5.1697e-07
111  2.7800e-07
112  6.2876e-07
113  4.4036e-07
114  2.0305e-06
115  5.9898e-07
116  1.8611e-06
117  4.5303e-07
118  1.7990e-06
119  4.5260e-07
120  9.7562e-07
121  4.0519e-07
122  9.2362e-07
123  2.9066e-07
124  4.4399e-07
125  3.0834e-07
126  1.3411e-06
127  1.2293e-06
128  1.1572e-05
129  2.1966e-05
130  6.1444e-05
131  4.5480e-05
132  3.0297e-05
133  7.1075e-06
134  6.1781e-06
135  1.3322e-06
136  2.6565e-07
137  8.8209e-08
138  1.3498e-08
139  6.4937e-09
140  5.6738e-09
141  5.1534e-09
142  7.6525e-09
143  9.2756e-09
144  1.2233e-08
145  6.9771e-09
146  9.3050e-09
147  5.3173e-09
148  9.2203e-09
149  3.3486e-09
150  3.8999e-09
151  3.8137e-09
152  8.1001e-09
153  2.9901e-09
154  7.4868e-09
155  5.7746e-09
156  6.2721e-09
157  6.8362e-09
158  8.8662e-09
159  1.9485e-09
160  7.7795e-09
161  9.5774e-09
162  1.1173e-08
163  2.0301e-08
164  3.2577e-08
165  6.0374e-08
166  5.6635e-08
167  6.7026e-08
168  9.6592e-08
169  8.9352e-08
170  9.2521e-08
171  4.5487e-08
172  1.0099e-07
173  6.6612e-08
174  2.1671e-07
175  1.4794e-07
176  2.7319e-07
177  2.7809e-07
178  2.1001e-07
179  3.8154e-07
180  3.2733e-07
181  3.9921e-07
182  5.2454e-07
183  3.3301e-07
184  5.9389e-07
185  2.6685e-07
186  5.9975e-07
187  2.1160e-07
188  2.5476e-07
189  9.7243e-08
190  1.3290e-07
191  6.8515e-08
192  1.4491e-07
193  1.1860e-07
194  1.1044e-06
195  1.9554e-06
196  1.9348e-05
197  1.5228e-05
198  9.9295e-05
199  5.2738e-05
200  2.3742e-05
201  2.7346e-06
202  5.3736e-07
203  1.3180e-07
204  8.7272e-08
205  3.7960e-08
206  2.5355e-08
207  8.1583e-08
208  1.1180e-07
209  7.9397e-08
210  9.6518e-08
211  8.9366e-14
212  2.1170e-14
213  2.5905e-14
214  3.8521e-15
215  2.4814e-20
216  2.5135e-20
217  1.1748e-19
218  6.6936e-17
219  3.3985e-17
220  9.7785e-18
221  1.0475e-15
222  1.1904e-13
223  8.3424e-12
224  5.4988e-14
225  3.1086e-12
226  1.8147e-08
227  2.0030e-08
228  2.8193e-08
229  3.0443e-08
230  4.2252e-08
231  4.4324e-08
232  7.5094e-08
233  9.6718e-08
234  2.0591e-07
235  1.2691e-07
236  4.0082e-07
237  3.1344e-07
238  8.2424e-07
239  1.0491e-06
240  2.6366e-06
241  4.1139e-06
242  4.0819e-06
243  3.1113e-06
244  4.4582e-06
245  2.5353e-06
246  2.2378e-06
247  1.7028e-06
248  5.3891e-06
249  5.2482e-06
250  5.0679e-06
251  6.2244e-06
252  5.8892e-06
253  2.7255e-06
254  1.1176e-06
255  4.6300e-07
256  1.0537e-29
257  2.5179e-06
258  6.2343e-06
259  5.4543e-06
260  6.7316e-06
261  3.1021e-06
262  1.6747e-05
263  1.0862e-05
264  1.7343e-05
265  1.7513e-05
266  6.1975e-05
267  3.8604e-05
268  4.9589e-05
269  1.1764e-04
270  5.7292e-05
271  5.7320e-05
272  1.0758e-04
273  4.5953e-04
274  6.6318e-05
275  3.9625e-05
276  1.7641e-05
277  2.7124e-06
278  5.1239e-06
279  3.9768e-06
280  4.0936e-06
281  2.8792e-06
282  1.2268e-05
283  5.9681e-06
284  5.5695e-06
285  1.6857e-06
286  4.8576e-07
287  1.9569e-06
288  2.0172e-06
289  1.6328e-06
290  3.0994e-06
291  1.7332e-06
292  1.3778e-05
293  1.2469e-05
294  5.5369e-06
295  9.5209e-06
296  1.1734e-05
297  8.9542e-06
298  1.6053e-05
299  1.7760e-05
300  8.2214e-06
301  1.9119e-05
302  1.4105e-05
303  2.8668e-05
304  1.4410e-04
305  2.8986e-06
306  5.5962e-04
307  4.3415e-05
308  1.6350e-05
309  2.1059e-06
310  5.3869e-08
311  2.0853e-09
312  3.9952e-11
313  6.6615e-13
314  1.2340e-14
315  1.1696e-16
316  4.9317e-18
317  2.3164e-20
318  1.6743e-21
319  3.1346e-24
320  7.6549e-26
321  0.0000e+00
322  0.0000e+00
323  0.0000e+00
324  0.0000e+00
325  0.0000e+00
326  0.0000e+00
327  0.0000e+00
328  0.0000e+00
329  0.0000e+00
330  0.0000e+00
331  0.0000e+00
332  0.0000e+00
333  0.0000e+00
334  0.0000e+00
335  0.0000e+00
336  0.0000e+00
337  0.0000e+00

