337
time(s) = 10000000 t9 = 3.187975686293072e-09 rho(g/cc) = 1.4999999700000006e-13 
0  0.0000e+00
1  5.4736e-09
2  4.1870e-11
3  1.5935e-14
4  2.0277e-05
5  0.0000e+00
6  1.1796e-31
7  4.7673e-16
8  1.0328e-03
9  3.5942e-21
10  6.2751e-12
11  1.0237e-12
12  1.9176e-09
13  1.2401e-09
14  7.7005e-03
15  3.8106e-04
16  4.7136e-06
17  5.9633e-08
18  1.1549e-03
19  1.5489e-03
20  6.2375e-04
21  2.4458e-06
22  2.3782e-03
23  8.3012e-06
24  4.2946e-06
25  3.7247e-06
26  1.9817e-05
27  1.2659e-06
28  3.9209e-06
29  2.0235e-06
30  3.0342e-06
31  1.1961e-06
32  1.2172e-05
33  4.8136e-06
34  4.5990e-06
35  8.6165e-06
36  1.2598e-05
37  1.9899e-06
38  1.7674e-06
39  3.9341e-07
40  9.2198e-07
41  2.3385e-06
42  2.7470e-06
43  7.9036e-06
44  2.9950e-05
45  1.4696e-05
46  2.0323e-05
47  8.9982e-06
48  1.9554e-05
49  1.0115e-05
50  6.0112e-06
51  7.1419e-06
52  8.7951e-06
53  5.1771e-06
54  8.0053e-06
55  1.2255e-06
56  1.4897e-06
57  5.8442e-07
58  2.6246e-06
59  6.5188e-07
60  1.5055e-06
61  8.7966e-07
62  1.9807e-06
63  7.1388e-07
64  2.7083e-06
65  1.3134e-06
66  2.8075e-06
67  1.5466e-06
68  2.7018e-06
69  1.2115e-06
70  1.3881e-06
71  9.0687e-07
72  1.6988e-06
73  1.5089e-06
74  1.4771e-06
75  1.6106e-06
76  6.2917e-06
77  3.5421e-05
78  8.4576e-05
79  1.3374e-04
80  1.7489e-04
81  7.5270e-05
82  2.9016e-05
83  1.3916e-05
84  5.8877e-06
85  2.2342e-06
86  2.5039e-06
87  1.4349e-06
88  1.6686e-06
89  2.1914e-06
90  3.7797e-06
91  3.5607e-06
92  3.2423e-06
93  1.2431e-06
94  2.7365e-06
95  3.1828e-06
96  3.4271e-06
97  4.2733e-06
98  2.5078e-06
99  1.4565e-06
100  2.5019e-06
101  1.2953e-06
102  2.0988e-06
103  1.4664e-06
104  1.4734e-06
105  1.6117e-06
106  2.0169e-06
107  1.3032e-06
108  9.6396e-07
109  4.1821e-07
110  1.1879e-06
111  7.9688e-07
112  1.8886e-06
113  1.4475e-06
114  5.4365e-06
115  1.4896e-06
116  3.8694e-06
117  9.3429e-07
118  2.5028e-06
119  5.6854e-07
120  1.0421e-06
121  4.1059e-07
122  8.8017e-07
123  3.0395e-07
124  4.4619e-07
125  4.3095e-07
126  2.0733e-06
127  2.5970e-06
128  1.5294e-05
129  2.3495e-05
130  7.3538e-05
131  4.0114e-05
132  2.2220e-05
133  8.3054e-06
134  1.1973e-05
135  2.1841e-06
136  2.2576e-07
137  6.2548e-08
138  1.9473e-08
139  8.4729e-09
140  2.0930e-08
141  2.2494e-08
142  2.2092e-08
143  2.0204e-08
144  1.8570e-08
145  8.8789e-09
146  9.6299e-09
147  5.2503e-09
148  8.7788e-09
149  4.1542e-09
150  5.6533e-09
151  6.1923e-09
152  1.2236e-08
153  4.6555e-09
154  1.0758e-08
155  8.5491e-09
156  9.9290e-09
157  1.1063e-08
158  1.4226e-08
159  3.3931e-09
160  1.4196e-08
161  1.8175e-08
162  1.9298e-08
163  3.4058e-08
164  4.0485e-08
165  6.6624e-08
166  5.9753e-08
167  7.0774e-08
168  8.4968e-08
169  7.6650e-08
170  8.3554e-08
171  4.6705e-08
172  1.0493e-07
173  8.3050e-08
174  2.2160e-07
175  1.4530e-07
176  2.3378e-07
177  2.2865e-07
178  1.8327e-07
179  3.4249e-07
180  2.7696e-07
181  3.3700e-07
182  3.9267e-07
183  2.4573e-07
184  3.7525e-07
185  1.6404e-07
186  2.5449e-07
187  7.7319e-08
188  8.1466e-08
189  3.1858e-08
190  6.3627e-08
191  4.0762e-08
192  1.2118e-07
193  1.6813e-07
194  1.5227e-06
195  3.3442e-06
196  3.0118e-05
197  2.2483e-05
198  1.0670e-04
199  4.7195e-05
200  1.3774e-05
201  1.2112e-06
202  1.9154e-07
203  8.8801e-08
204  7.0396e-08
205  1.8912e-08
206  1.9996e-08
207  8.1417e-08
208  1.1719e-07
209  8.3487e-08
210  9.4148e-08
211  8.9806e-14
212  3.5736e-14
213  3.1828e-14
214  5.9664e-15
215  3.1290e-20
216  4.2433e-20
217  1.4437e-19
218  1.0367e-16
219  3.4164e-17
220  1.6508e-17
221  1.2873e-15
222  1.8437e-13
223  8.3864e-12
224  9.2833e-14
225  3.8220e-12
226  2.8112e-08
227  3.3329e-08
228  5.0966e-08
229  5.7176e-08
230  7.5934e-08
231  7.5360e-08
232  1.2210e-07
233  1.5498e-07
234  3.5718e-07
235  2.3736e-07
236  8.8754e-07
237  7.2392e-07
238  1.8415e-06
239  2.3989e-06
240  4.5657e-06
241  6.4097e-06
242  5.4597e-06
243  3.9481e-06
244  4.7412e-06
245  2.6940e-06
246  2.1832e-06
247  1.6237e-06
248  4.5113e-06
249  4.2090e-06
250  4.0693e-06
251  4.9152e-06
252  4.7113e-06
253  2.0252e-06
254  8.7702e-07
255  3.5666e-07
256  1.7394e-29
257  1.8035e-06
258  4.1978e-06
259  3.9019e-06
260  4.8130e-06
261  3.1071e-06
262  1.5928e-05
263  1.2121e-05
264  1.7909e-05
265  1.9836e-05
266  7.5981e-05
267  4.4762e-05
268  3.9237e-05
269  8.4391e-05
270  5.8178e-05
271  6.4190e-05
272  9.9636e-05
273  4.1935e-04
274  5.8199e-05
275  4.7792e-05
276  2.3500e-05
277  2.5309e-06
278  3.4571e-06
279  2.8399e-06
280  3.9923e-06
281  4.1065e-06
282  1.1091e-05
283  5.6450e-06
284  5.7984e-06
285  2.1212e-06
286  8.5307e-07
287  4.7981e-06
288  4.6758e-06
289  3.5989e-06
290  4.2994e-06
291  2.1612e-06
292  7.9886e-06
293  9.9659e-06
294  4.5420e-06
295  7.1460e-06
296  1.3758e-05
297  1.6730e-05
298  1.8045e-05
299  1.2714e-05
300  5.9557e-06
301  3.7178e-05
302  2.3534e-05
303  1.6467e-05
304  3.6746e-04
305  1.6841e-06
306  4.0662e-04
307  1.8939e-05
308  2.2865e-06
309  1.5097e-07
310  2.5207e-09
311  5.8514e-11
312  6.6553e-13
313  6.2006e-15
314  6.5837e-17
315  3.5366e-19
316  8.2815e-21
317  2.1507e-23
318  8.1760e-25
319  7.2829e-28
320  0.0000e+00
321  0.0000e+00
322  0.0000e+00
323  0.0000e+00
324  0.0000e+00
325  0.0000e+00
326  0.0000e+00
327  0.0000e+00
328  0.0000e+00
329  0.0000e+00
330  0.0000e+00
331  0.0000e+00
332  0.0000e+00
333  0.0000e+00
334  0.0000e+00
335  0.0000e+00
336  0.0000e+00
337  0.0000e+00

