337
time(s) = 10000000 t9 = 2.7473141674742841e-09 rho(g/cc) = 9.5999998464000028e-14 
0  0.0000e+00
1  8.4653e-09
2  2.4308e-10
3  2.6222e-13
4  2.7653e-05
5  0.0000e+00
6  1.3017e-30
7  4.0713e-15
8  1.0507e-03
9  2.4954e-19
10  9.1135e-12
11  4.5273e-12
12  4.9457e-08
13  4.8595e-08
14  6.0805e-03
15  2.1108e-03
16  2.6127e-05
17  2.8956e-07
18  1.3910e-03
19  1.8552e-03
20  5.8937e-04
21  7.7255e-06
22  1.7999e-03
23  1.3662e-05
24  3.2301e-06
25  5.2345e-06
26  1.7568e-05
27  1.4593e-06
28  8.4649e-06
29  3.1124e-06
30  4.1089e-06
31  1.6063e-06
32  1.1439e-05
33  5.5519e-06
34  8.1852e-06
35  1.0351e-05
36  1.2579e-05
37  3.2526e-06
38  1.9469e-06
39  5.1122e-07
40  1.2992e-06
41  2.5294e-06
42  3.4737e-06
43  6.7721e-06
44  2.4840e-05
45  1.6471e-05
46  3.6777e-05
47  2.1508e-05
48  2.7671e-05
49  1.9403e-05
50  1.4837e-05
51  1.6659e-05
52  1.0731e-05
53  9.0009e-06
54  1.3734e-05
55  2.2115e-06
56  4.0608e-06
57  1.8010e-06
58  7.2718e-06
59  1.8628e-06
60  3.5422e-06
61  1.7421e-06
62  6.0448e-06
63  1.4155e-06
64  5.4358e-06
65  2.1993e-06
66  6.5235e-06
67  3.1385e-06
68  1.0063e-05
69  3.4053e-06
70  3.9306e-06
71  2.1730e-06
72  3.3622e-06
73  3.0269e-06
74  3.3375e-06
75  2.9292e-06
76  1.0378e-05
77  3.8871e-05
78  8.4290e-05
79  1.2773e-04
80  1.1498e-04
81  7.7677e-05
82  4.5854e-05
83  1.4239e-05
84  6.2479e-06
85  3.6098e-06
86  1.7801e-06
87  6.7183e-07
88  6.1123e-07
89  7.0881e-07
90  1.5755e-06
91  1.5564e-06
92  1.7281e-06
93  6.4105e-07
94  1.6840e-06
95  1.8402e-06
96  1.9201e-06
97  2.4523e-06
98  1.3811e-06
99  5.9042e-07
100  1.2610e-06
101  6.0067e-07
102  9.4111e-07
103  6.2943e-07
104  6.5884e-07
105  6.9226e-07
106  1.0201e-06
107  7.2777e-07
108  4.6714e-07
109  1.5886e-07
110  4.0672e-07
111  2.0634e-07
112  4.7071e-07
113  3.0526e-07
114  1.4018e-06
115  4.1217e-07
116  1.3373e-06
117  3.1998e-07
118  1.3927e-06
119  3.5662e-07
120  8.5116e-07
121  3.6714e-07
122  9.3535e-07
123  2.9696e-07
124  4.9446e-07
125  3.2385e-07
126  1.2758e-06
127  9.2827e-07
128  9.8471e-06
129  2.0283e-05
130  5.6055e-05
131  4.8692e-05
132  3.6851e-05
133  6.8110e-06
134  4.5900e-06
135  1.1166e-06
136  2.5201e-07
137  8.3094e-08
138  1.3905e-08
139  7.3075e-09
140  4.2536e-09
141  3.1499e-09
142  4.5852e-09
143  5.5230e-09
144  8.1371e-09
145  4.5591e-09
146  6.8611e-09
147  4.0325e-09
148  7.8327e-09
149  2.8350e-09
150  3.3317e-09
151  3.2708e-09
152  6.7591e-09
153  2.2583e-09
154  5.8797e-09
155  4.6034e-09
156  5.0636e-09
157  5.6119e-09
158  7.4834e-09
159  1.5908e-09
160  6.1811e-09
161  7.7068e-09
162  8.5931e-09
163  1.5702e-08
164  2.8079e-08
165  5.4559e-08
166  5.3880e-08
167  6.4262e-08
168  9.5115e-08
169  8.9402e-08
170  9.4449e-08
171  4.4577e-08
172  1.0094e-07
173  6.1879e-08
174  2.0434e-07
175  1.3552e-07
176  2.5992e-07
177  2.8084e-07
178  2.1542e-07
179  4.0864e-07
180  3.4264e-07
181  4.1480e-07
182  5.6312e-07
183  3.5953e-07
184  6.7443e-07
185  3.0162e-07
186  7.5289e-07
187  2.7030e-07
188  3.5240e-07
189  1.4004e-07
190  1.9747e-07
191  9.9735e-08
192  1.9586e-07
193  1.3442e-07
194  8.8303e-07
195  1.3845e-06
196  1.4629e-05
197  1.1784e-05
198  9.4172e-05
199  5.4761e-05
200  3.0375e-05
201  3.8215e-06
202  8.1116e-07
203  1.6593e-07
204  1.0667e-07
205  5.3959e-08
206  3.4539e-08
207  8.6504e-08
208  1.2275e-07
209  8.7495e-08
210  1.0569e-07
211  7.5235e-14
212  1.8561e-14
213  2.0617e-14
214  3.0205e-15
215  2.0385e-20
216  2.2036e-20
217  9.3501e-20
218  5.2484e-17
219  2.8610e-17
220  8.5731e-18
221  8.3369e-16
222  9.3338e-14
223  7.0230e-12
224  4.8210e-14
225  2.4738e-12
226  1.4228e-08
227  1.5812e-08
228  2.1381e-08
229  2.2556e-08
230  3.0012e-08
231  3.1503e-08
232  5.2395e-08
233  6.8278e-08
234  1.5214e-07
235  9.2213e-08
236  2.7851e-07
237  2.1531e-07
238  5.4232e-07
239  6.6226e-07
240  1.8514e-06
241  2.9883e-06
242  3.1865e-06
243  2.4857e-06
244  3.9199e-06
245  2.1871e-06
246  1.9789e-06
247  1.5204e-06
248  5.3906e-06
249  5.2137e-06
250  4.9649e-06
251  6.3380e-06
252  5.9625e-06
253  2.9262e-06
254  1.1334e-06
255  4.8483e-07
256  7.2944e-30
257  2.8290e-06
258  7.3188e-06
259  6.4341e-06
260  8.1170e-06
261  3.4843e-06
262  1.8587e-05
263  1.0631e-05
264  1.7849e-05
265  1.7616e-05
266  5.8412e-05
267  3.5605e-05
268  5.3078e-05
269  1.2950e-04
270  5.7298e-05
271  5.5864e-05
272  1.0918e-04
273  4.6850e-04
274  6.8354e-05
275  3.7470e-05
276  1.6380e-05
277  3.0763e-06
278  6.1067e-06
279  4.3578e-06
280  4.1079e-06
281  2.8028e-06
282  1.2348e-05
283  5.1965e-06
284  4.4150e-06
285  1.2318e-06
286  4.3088e-07
287  2.4375e-06
288  2.4230e-06
289  1.8847e-06
290  3.1365e-06
291  1.7128e-06
292  1.6729e-05
293  1.3263e-05
294  6.1382e-06
295  1.1346e-05
296  1.3171e-05
297  8.0116e-06
298  1.4661e-05
299  1.7140e-05
300  8.0648e-06
301  1.5645e-05
302  1.6970e-05
303  2.8753e-05
304  1.0778e-04
305  3.5665e-06
306  5.5814e-04
307  5.2775e-05
308  2.4052e-05
309  4.0118e-06
310  1.1769e-07
311  5.4099e-09
312  1.2366e-10
313  2.5435e-12
314  5.7599e-14
315  6.6979e-16
316  3.4884e-17
317  2.0195e-19
318  1.8433e-20
319  4.3914e-23
320  1.4095e-24
321  1.0567e-27
322  0.0000e+00
323  0.0000e+00
324  0.0000e+00
325  0.0000e+00
326  0.0000e+00
327  0.0000e+00
328  0.0000e+00
329  0.0000e+00
330  0.0000e+00
331  0.0000e+00
332  0.0000e+00
333  0.0000e+00
334  0.0000e+00
335  0.0000e+00
336  0.0000e+00
337  0.0000e+00

