337
time(s) = 1000000000000 t9 = 1.4027815659217702e-12 rho(g/cc) = 1.8149999999996003e-23 
0  0.0000e+00
1  2.4631e-12
2  4.0010e-17
3  9.4414e-22
4  4.8627e-14
5  0.0000e+00
6  6.8438e-32
7  1.1940e-20
8  6.7511e-07
9  6.1461e-25
10  9.7145e-20
11  1.8730e-24
12  4.5671e-29
13  1.4995e-26
14  8.7878e-24
15  2.0869e-51
16  0.0000e+00
17  0.0000e+00
18  1.6917e-86
19  0.0000e+00
20  0.0000e+00
21  0.0000e+00
22  0.0000e+00
23  0.0000e+00
24  0.0000e+00
25  0.0000e+00
26  0.0000e+00
27  0.0000e+00
28  0.0000e+00
29  0.0000e+00
30  1.5429e-91
31  0.0000e+00
32  6.3384e-36
33  8.2830e-29
34  6.9530e-22
35  1.5285e-23
36  4.3306e-23
37  1.0296e-22
38  6.4295e-22
39  3.9884e-24
40  3.4235e-19
41  4.7185e-21
42  1.5299e-19
43  1.7908e-18
44  1.2024e-17
45  1.0390e-18
46  8.3582e-15
47  6.7575e-15
48  9.6782e-14
49  1.1253e-15
50  5.7222e-13
51  8.8041e-15
52  5.1755e-16
53  6.8028e-17
54  4.0173e-14
55  2.2332e-16
56  1.6831e-16
57  7.6273e-16
58  1.2968e-13
59  1.6435e-14
60  3.9328e-12
61  3.5828e-13
62  3.6218e-13
63  5.1902e-13
64  1.6288e-11
65  4.7195e-12
66  2.4461e-09
67  1.7972e-10
68  4.2980e-10
69  4.9390e-10
70  2.7065e-06
71  1.0355e-07
72  5.2839e-05
73  5.2912e-06
74  1.1900e-05
75  4.6002e-05
76  2.7583e-05
77  6.0456e-05
78  8.1576e-04
79  9.7396e-05
80  1.3249e-03
81  4.6620e-04
82  1.1409e-04
83  1.2596e-06
84  1.3652e-08
85  3.4052e-10
86  3.3383e-10
87  5.4343e-11
88  4.9181e-10
89  1.8644e-11
90  5.1670e-11
91  2.2834e-11
92  6.1134e-11
93  4.5660e-10
94  4.4080e-10
95  1.9949e-10
96  1.4819e-08
97  4.4672e-09
98  3.6401e-07
99  1.1445e-07
100  2.8820e-08
101  2.6018e-08
102  2.2081e-07
103  2.5760e-08
104  1.7637e-08
105  4.2312e-08
106  1.6791e-08
107  3.0371e-09
108  5.4680e-08
109  2.6515e-08
110  1.5422e-08
111  3.5019e-08
112  2.2240e-07
113  8.6636e-08
114  1.9437e-06
115  4.5210e-07
116  5.3637e-07
117  1.8848e-06
118  6.0496e-05
119  7.6203e-06
120  1.5882e-04
121  4.9517e-05
122  1.3195e-04
123  2.8055e-05
124  8.0613e-06
125  2.6924e-05
126  2.6718e-05
127  5.0380e-05
128  5.7931e-04
129  4.5085e-04
130  1.5930e-03
131  9.9160e-04
132  1.6822e-03
133  8.7235e-06
134  1.2185e-08
135  1.5829e-11
136  1.5761e-14
137  2.2604e-17
138  1.0680e-19
139  1.4060e-21
140  7.5926e-24
141  1.0214e-44
142  0.0000e+00
143  0.0000e+00
144  0.0000e+00
145  0.0000e+00
146  0.0000e+00
147  0.0000e+00
148  0.0000e+00
149  0.0000e+00
150  0.0000e+00
151  0.0000e+00
152  0.0000e+00
153  0.0000e+00
154  0.0000e+00
155  0.0000e+00
156  0.0000e+00
157  0.0000e+00
158  0.0000e+00
159  0.0000e+00
160  0.0000e+00
161  0.0000e+00
162  0.0000e+00
163  0.0000e+00
164  0.0000e+00
165  0.0000e+00
166  0.0000e+00
167  0.0000e+00
168  0.0000e+00
169  0.0000e+00
170  0.0000e+00
171  0.0000e+00
172  0.0000e+00
173  0.0000e+00
174  0.0000e+00
175  0.0000e+00
176  0.0000e+00
177  0.0000e+00
178  0.0000e+00
179  0.0000e+00
180  0.0000e+00
181  0.0000e+00
182  0.0000e+00
183  0.0000e+00
184  0.0000e+00
185  0.0000e+00
186  0.0000e+00
187  0.0000e+00
188  0.0000e+00
189  0.0000e+00
190  0.0000e+00
191  0.0000e+00
192  0.0000e+00
193  0.0000e+00
194  0.0000e+00
195  0.0000e+00
196  0.0000e+00
197  0.0000e+00
198  0.0000e+00
199  0.0000e+00
200  0.0000e+00
201  0.0000e+00
202  0.0000e+00
203  0.0000e+00
204  0.0000e+00
205  0.0000e+00
206  0.0000e+00
207  0.0000e+00
208  0.0000e+00
209  0.0000e+00
210  0.0000e+00
211  0.0000e+00
212  0.0000e+00
213  0.0000e+00
214  0.0000e+00
215  0.0000e+00
216  0.0000e+00
217  0.0000e+00
218  0.0000e+00
219  0.0000e+00
220  0.0000e+00
221  0.0000e+00
222  0.0000e+00
223  0.0000e+00
224  0.0000e+00
225  0.0000e+00
226  0.0000e+00
227  0.0000e+00
228  0.0000e+00
229  0.0000e+00
230  0.0000e+00
231  0.0000e+00
232  0.0000e+00
233  0.0000e+00
234  0.0000e+00
235  0.0000e+00
236  0.0000e+00
237  0.0000e+00
238  0.0000e+00
239  0.0000e+00
240  0.0000e+00
241  0.0000e+00
242  0.0000e+00
243  0.0000e+00
244  0.0000e+00
245  0.0000e+00
246  0.0000e+00
247  0.0000e+00
248  0.0000e+00
249  0.0000e+00
250  0.0000e+00
251  0.0000e+00
252  0.0000e+00
253  0.0000e+00
254  0.0000e+00
255  0.0000e+00
256  0.0000e+00
257  0.0000e+00
258  0.0000e+00
259  0.0000e+00
260  0.0000e+00
261  0.0000e+00
262  0.0000e+00
263  0.0000e+00
264  0.0000e+00
265  0.0000e+00
266  0.0000e+00
267  0.0000e+00
268  0.0000e+00
269  0.0000e+00
270  0.0000e+00
271  0.0000e+00
272  0.0000e+00
273  0.0000e+00
274  0.0000e+00
275  0.0000e+00
276  0.0000e+00
277  0.0000e+00
278  0.0000e+00
279  0.0000e+00
280  0.0000e+00
281  0.0000e+00
282  0.0000e+00
283  0.0000e+00
284  0.0000e+00
285  0.0000e+00
286  0.0000e+00
287  0.0000e+00
288  0.0000e+00
289  0.0000e+00
290  0.0000e+00
291  0.0000e+00
292  0.0000e+00
293  0.0000e+00
294  0.0000e+00
295  0.0000e+00
296  0.0000e+00
297  0.0000e+00
298  0.0000e+00
299  0.0000e+00
300  0.0000e+00
301  0.0000e+00
302  0.0000e+00
303  0.0000e+00
304  0.0000e+00
305  0.0000e+00
306  0.0000e+00
307  0.0000e+00
308  0.0000e+00
309  0.0000e+00
310  0.0000e+00
311  0.0000e+00
312  0.0000e+00
313  0.0000e+00
314  0.0000e+00
315  0.0000e+00
316  0.0000e+00
317  0.0000e+00
318  0.0000e+00
319  0.0000e+00
320  0.0000e+00
321  0.0000e+00
322  0.0000e+00
323  0.0000e+00
324  0.0000e+00
325  0.0000e+00
326  0.0000e+00
327  0.0000e+00
328  0.0000e+00
329  0.0000e+00
330  0.0000e+00
331  0.0000e+00
332  0.0000e+00
333  0.0000e+00
334  0.0000e+00
335  0.0000e+00
336  0.0000e+00
337  0.0000e+00

