337
time(s) = 1000000000000 t9 = 1.1344575541919009e-12 rho(g/cc) = 9.5999999999984638e-24 
0  0.0000e+00
1  4.8049e-12
2  9.9971e-17
3  7.2183e-22
4  1.6297e-13
5  0.0000e+00
6  9.3607e-33
7  1.1366e-20
8  7.2464e-07
9  2.8218e-25
10  9.8521e-20
11  1.6608e-24
12  3.3418e-29
13  8.0105e-71
14  9.3393e-77
15  0.0000e+00
16  0.0000e+00
17  0.0000e+00
18  0.0000e+00
19  0.0000e+00
20  5.9639e-26
21  0.0000e+00
22  0.0000e+00
23  0.0000e+00
24  0.0000e+00
25  0.0000e+00
26  2.9734e-111
27  0.0000e+00
28  1.1151e-81
29  1.8635e-26
30  5.0741e-23
31  9.7236e-25
32  1.7724e-25
33  9.9545e-24
34  2.4926e-20
35  7.3476e-21
36  1.8857e-20
37  7.6613e-21
38  4.9740e-21
39  1.9626e-21
40  8.0151e-18
41  8.7978e-20
42  3.4824e-17
43  5.9665e-17
44  2.1694e-17
45  5.1824e-17
46  6.6893e-14
47  3.0117e-14
48  8.3126e-15
49  7.1275e-16
50  7.3919e-13
51  9.5348e-15
52  7.3029e-16
53  1.2709e-15
54  4.5036e-14
55  3.1650e-16
56  2.0751e-15
57  8.5163e-16
58  8.0462e-15
59  3.8651e-15
60  4.2477e-12
61  8.8999e-13
62  4.4010e-12
63  6.3872e-13
64  2.3843e-12
65  2.3634e-12
66  3.2822e-09
67  3.8055e-10
68  2.8778e-09
69  1.4931e-09
70  2.1524e-07
71  2.0852e-08
72  7.7272e-05
73  3.7043e-05
74  2.5088e-04
75  2.6514e-05
76  7.7305e-05
77  2.8752e-04
78  6.8503e-05
79  4.0401e-05
80  9.7376e-04
81  1.3303e-04
82  1.1779e-05
83  9.2995e-08
84  1.2387e-09
85  1.0847e-10
86  9.5522e-10
87  6.9673e-10
88  2.0846e-09
89  1.1246e-10
90  4.0543e-09
91  1.3963e-09
92  2.3175e-08
93  3.7745e-09
94  5.1043e-09
95  1.1912e-08
96  8.7447e-09
97  1.4637e-08
98  2.0681e-06
99  4.1617e-07
100  1.5917e-07
101  4.6525e-07
102  1.1352e-06
103  1.4745e-07
104  1.3154e-06
105  9.7780e-07
106  1.6677e-07
107  1.8463e-07
108  3.7568e-07
109  1.5415e-07
110  5.8493e-07
111  5.7877e-07
112  7.8063e-07
113  6.5600e-07
114  1.1854e-04
115  1.5908e-05
116  6.0290e-05
117  5.2998e-05
118  2.6227e-05
119  2.0993e-05
120  3.9757e-05
121  5.4442e-05
122  4.8285e-04
123  1.0715e-04
124  1.7045e-04
125  1.4559e-04
126  6.8578e-04
127  2.2125e-04
128  2.0226e-04
129  4.0649e-04
130  2.3216e-03
131  8.6152e-04
132  6.0005e-04
133  2.0515e-06
134  2.1819e-09
135  3.3803e-12
136  4.7869e-15
137  1.0200e-17
138  7.1479e-20
139  2.4754e-21
140  3.6634e-20
141  3.0610e-20
142  2.9522e-23
143  6.1849e-22
144  3.3188e-22
145  2.2444e-25
146  1.4483e-23
147  4.5878e-24
148  1.5594e-24
149  2.3420e-24
150  7.9167e-23
151  1.7002e-23
152  2.1477e-23
153  2.4398e-23
154  4.0851e-23
155  1.9822e-23
156  1.4750e-22
157  4.3186e-23
158  3.6755e-23
159  4.4395e-23
160  4.7125e-23
161  1.8771e-23
162  8.5267e-23
163  2.5014e-23
164  8.1788e-24
165  1.7749e-23
166  2.4553e-23
167  5.4634e-24
168  5.7232e-24
169  9.7064e-24
170  1.1180e-23
171  5.2866e-24
172  5.0770e-23
173  1.2197e-23
174  9.1840e-24
175  2.5417e-23
176  8.3649e-23
177  1.7871e-23
178  4.2381e-23
179  4.1792e-23
180  2.1720e-23
181  3.3986e-23
182  1.1523e-22
183  2.6335e-23
184  5.6212e-23
185  2.2332e-22
186  2.9522e-22
187  2.0257e-22
188  1.9190e-21
189  4.5798e-22
190  8.3725e-22
191  4.1120e-21
192  1.1374e-21
193  1.2633e-21
194  6.4947e-22
195  6.6011e-22
196  1.5109e-21
197  5.9468e-22
198  4.9023e-20
199  6.6411e-20
200  4.0985e-20
201  1.9142e-20
202  1.1159e-19
203  1.0422e-19
204  1.2813e-20
205  5.5904e-22
206  8.0446e-16
207  2.9059e-16
208  4.0628e-16
209  1.7616e-16
210  3.1313e-18
211  2.7401e-17
212  5.7280e-18
213  3.4333e-17
214  2.0372e-24
215  5.5276e-24
216  3.2746e-41
217  1.8468e-19
218  3.5333e-26
219  8.5510e-28
220  1.2583e-18
221  5.1997e-26
222  6.5804e-23
223  2.1343e-22
224  8.1620e-24
225  1.5994e-22
226  9.5988e-18
227  1.0240e-17
228  2.6015e-17
229  4.5231e-17
230  4.5444e-16
231  2.1285e-16
232  1.2441e-15
233  8.7388e-16
234  1.8158e-15
235  1.2846e-15
236  9.6391e-16
237  7.4936e-16
238  3.3735e-16
239  4.3251e-16
240  2.2120e-17
241  2.6862e-16
242  8.2305e-17
243  7.3855e-18
244  4.9445e-17
245  3.9101e-18
246  1.5322e-19
247  3.3539e-18
248  1.9506e-18
249  6.0454e-33
250  1.0827e-20
251  5.2190e-27
252  3.0153e-190
253  0.0000e+00
254  5.7501e-70
255  0.0000e+00
256  0.0000e+00
257  0.0000e+00
258  0.0000e+00
259  0.0000e+00
260  0.0000e+00
261  0.0000e+00
262  0.0000e+00
263  0.0000e+00
264  0.0000e+00
265  0.0000e+00
266  0.0000e+00
267  0.0000e+00
268  7.6542e-30
269  1.9595e-27
270  2.8847e-26
271  9.7230e-32
272  4.9953e-18
273  5.4089e-16
274  7.7809e-21
275  7.4077e-20
276  2.6725e-20
277  0.0000e+00
278  0.0000e+00
279  0.0000e+00
280  0.0000e+00
281  0.0000e+00
282  0.0000e+00
283  0.0000e+00
284  0.0000e+00
285  0.0000e+00
286  0.0000e+00
287  0.0000e+00
288  0.0000e+00
289  0.0000e+00
290  0.0000e+00
291  0.0000e+00
292  0.0000e+00
293  0.0000e+00
294  0.0000e+00
295  0.0000e+00
296  0.0000e+00
297  0.0000e+00
298  0.0000e+00
299  0.0000e+00
300  0.0000e+00
301  0.0000e+00
302  0.0000e+00
303  0.0000e+00
304  0.0000e+00
305  0.0000e+00
306  0.0000e+00
307  0.0000e+00
308  0.0000e+00
309  0.0000e+00
310  0.0000e+00
311  0.0000e+00
312  0.0000e+00
313  0.0000e+00
314  0.0000e+00
315  0.0000e+00
316  0.0000e+00
317  0.0000e+00
318  0.0000e+00
319  0.0000e+00
320  0.0000e+00
321  0.0000e+00
322  0.0000e+00
323  0.0000e+00
324  0.0000e+00
325  0.0000e+00
326  0.0000e+00
327  0.0000e+00
328  0.0000e+00
329  0.0000e+00
330  0.0000e+00
331  0.0000e+00
332  0.0000e+00
333  0.0000e+00
334  0.0000e+00
335  0.0000e+00
336  0.0000e+00
337  0.0000e+00

