337
time(s) = 1000000000000 t9 = 1.3164213789361801e-12 rho(g/cc) = 1.4999999999997e-23 
0  0.0000e+00
1  4.2182e-12
2  1.0256e-16
3  8.8205e-22
4  8.3044e-14
5  0.0000e+00
6  1.6450e-32
7  1.3460e-20
8  6.6407e-07
9  4.8814e-25
10  9.5886e-20
11  1.9458e-24
12  3.7297e-29
13  7.1959e-27
14  2.9159e-25
15  9.8896e-69
16  0.0000e+00
17  0.0000e+00
18  6.4790e-111
19  0.0000e+00
20  0.0000e+00
21  0.0000e+00
22  0.0000e+00
23  0.0000e+00
24  0.0000e+00
25  0.0000e+00
26  0.0000e+00
27  0.0000e+00
28  1.4299e-82
29  0.0000e+00
30  3.3177e-24
31  2.1196e-25
32  1.8172e-27
33  9.0135e-25
34  3.9161e-21
35  2.5296e-22
36  6.9937e-22
37  8.1021e-22
38  1.1217e-21
39  4.3038e-23
40  1.6481e-18
41  1.7427e-20
42  1.7940e-18
43  1.1792e-17
44  1.1223e-17
45  3.1501e-18
46  2.3590e-14
47  1.7049e-14
48  4.6406e-14
49  7.2750e-16
50  7.9064e-13
51  1.1524e-14
52  4.7158e-16
53  2.2732e-16
54  3.7597e-14
55  2.3737e-16
56  3.7504e-16
57  9.5376e-16
58  6.6327e-14
59  1.4961e-14
60  6.1473e-12
61  6.9272e-13
62  1.2485e-12
63  7.7384e-13
64  8.6489e-12
65  4.4054e-12
66  3.7176e-09
67  2.9893e-10
68  8.4661e-10
69  9.5027e-10
70  1.8419e-06
71  1.0879e-07
72  1.1015e-04
73  1.5487e-05
74  6.6546e-05
75  5.2762e-05
76  5.6828e-05
77  1.9001e-04
78  4.6230e-04
79  1.0074e-04
80  2.0152e-03
81  4.5681e-04
82  6.9577e-05
83  7.2947e-07
84  7.1354e-09
85  2.4135e-10
86  3.7113e-10
87  8.6004e-11
88  1.0131e-09
89  4.5876e-11
90  3.3011e-10
91  6.6296e-11
92  3.7266e-10
93  6.9376e-10
94  7.2330e-10
95  7.4339e-10
96  7.8528e-09
97  4.4384e-09
98  5.3620e-07
99  1.5182e-07
100  3.8704e-08
101  6.1549e-08
102  3.7343e-07
103  4.9563e-08
104  7.5013e-08
105  1.1992e-07
106  2.8826e-08
107  8.1181e-09
108  1.2197e-07
109  5.2055e-08
110  4.8466e-08
111  7.6699e-08
112  3.3010e-07
113  1.5851e-07
114  7.9159e-06
115  1.2841e-06
116  1.3639e-06
117  4.9557e-06
118  2.2662e-05
119  3.5828e-06
120  1.5015e-04
121  7.2147e-05
122  3.5773e-04
123  7.3780e-05
124  2.7765e-05
125  3.6434e-05
126  4.4596e-05
127  7.2973e-05
128  2.7349e-04
129  3.7278e-04
130  1.8131e-03
131  9.7132e-04
132  1.2172e-03
133  5.8317e-06
134  7.9457e-09
135  1.1668e-11
136  1.3114e-14
137  2.0771e-17
138  1.0670e-19
139  1.6740e-21
140  1.0698e-23
141  9.8902e-42
142  0.0000e+00
143  0.0000e+00
144  0.0000e+00
145  0.0000e+00
146  0.0000e+00
147  0.0000e+00
148  0.0000e+00
149  0.0000e+00
150  0.0000e+00
151  0.0000e+00
152  0.0000e+00
153  0.0000e+00
154  0.0000e+00
155  0.0000e+00
156  0.0000e+00
157  0.0000e+00
158  0.0000e+00
159  0.0000e+00
160  0.0000e+00
161  0.0000e+00
162  0.0000e+00
163  0.0000e+00
164  0.0000e+00
165  0.0000e+00
166  0.0000e+00
167  0.0000e+00
168  0.0000e+00
169  0.0000e+00
170  0.0000e+00
171  0.0000e+00
172  0.0000e+00
173  0.0000e+00
174  0.0000e+00
175  0.0000e+00
176  0.0000e+00
177  0.0000e+00
178  0.0000e+00
179  0.0000e+00
180  0.0000e+00
181  0.0000e+00
182  0.0000e+00
183  0.0000e+00
184  0.0000e+00
185  0.0000e+00
186  0.0000e+00
187  0.0000e+00
188  0.0000e+00
189  0.0000e+00
190  0.0000e+00
191  0.0000e+00
192  0.0000e+00
193  0.0000e+00
194  0.0000e+00
195  0.0000e+00
196  0.0000e+00
197  0.0000e+00
198  0.0000e+00
199  0.0000e+00
200  0.0000e+00
201  0.0000e+00
202  0.0000e+00
203  0.0000e+00
204  0.0000e+00
205  0.0000e+00
206  0.0000e+00
207  0.0000e+00
208  0.0000e+00
209  0.0000e+00
210  0.0000e+00
211  0.0000e+00
212  0.0000e+00
213  0.0000e+00
214  0.0000e+00
215  0.0000e+00
216  0.0000e+00
217  0.0000e+00
218  0.0000e+00
219  0.0000e+00
220  0.0000e+00
221  0.0000e+00
222  0.0000e+00
223  0.0000e+00
224  0.0000e+00
225  0.0000e+00
226  0.0000e+00
227  0.0000e+00
228  0.0000e+00
229  0.0000e+00
230  0.0000e+00
231  0.0000e+00
232  0.0000e+00
233  0.0000e+00
234  0.0000e+00
235  0.0000e+00
236  0.0000e+00
237  0.0000e+00
238  0.0000e+00
239  0.0000e+00
240  0.0000e+00
241  0.0000e+00
242  0.0000e+00
243  0.0000e+00
244  0.0000e+00
245  0.0000e+00
246  0.0000e+00
247  0.0000e+00
248  0.0000e+00
249  0.0000e+00
250  0.0000e+00
251  0.0000e+00
252  0.0000e+00
253  0.0000e+00
254  0.0000e+00
255  0.0000e+00
256  0.0000e+00
257  0.0000e+00
258  0.0000e+00
259  0.0000e+00
260  0.0000e+00
261  0.0000e+00
262  0.0000e+00
263  0.0000e+00
264  0.0000e+00
265  0.0000e+00
266  0.0000e+00
267  0.0000e+00
268  0.0000e+00
269  0.0000e+00
270  0.0000e+00
271  0.0000e+00
272  0.0000e+00
273  0.0000e+00
274  0.0000e+00
275  0.0000e+00
276  0.0000e+00
277  0.0000e+00
278  0.0000e+00
279  0.0000e+00
280  0.0000e+00
281  0.0000e+00
282  0.0000e+00
283  0.0000e+00
284  0.0000e+00
285  0.0000e+00
286  0.0000e+00
287  0.0000e+00
288  0.0000e+00
289  0.0000e+00
290  0.0000e+00
291  0.0000e+00
292  0.0000e+00
293  0.0000e+00
294  0.0000e+00
295  0.0000e+00
296  0.0000e+00
297  0.0000e+00
298  0.0000e+00
299  0.0000e+00
300  0.0000e+00
301  0.0000e+00
302  0.0000e+00
303  0.0000e+00
304  0.0000e+00
305  0.0000e+00
306  0.0000e+00
307  0.0000e+00
308  0.0000e+00
309  0.0000e+00
310  0.0000e+00
311  0.0000e+00
312  0.0000e+00
313  0.0000e+00
314  0.0000e+00
315  0.0000e+00
316  0.0000e+00
317  0.0000e+00
318  0.0000e+00
319  0.0000e+00
320  0.0000e+00
321  0.0000e+00
322  0.0000e+00
323  0.0000e+00
324  0.0000e+00
325  0.0000e+00
326  0.0000e+00
327  0.0000e+00
328  0.0000e+00
329  0.0000e+00
330  0.0000e+00
331  0.0000e+00
332  0.0000e+00
333  0.0000e+00
334  0.0000e+00
335  0.0000e+00
336  0.0000e+00
337  0.0000e+00

