337
time(s) = 1000000000000 t9 = 1.2721666224348613e-12 rho(g/cc) = 1.353749999999743e-23 
0  0.0000e+00
1  5.3300e-12
2  1.5284e-16
3  8.5259e-22
4  9.6970e-14
5  0.0000e+00
6  7.1829e-33
7  1.4068e-20
8  6.6586e-07
9  4.3393e-25
10  9.5408e-20
11  1.9923e-24
12  3.6872e-29
13  4.1997e-27
14  1.0101e-24
15  8.0718e-68
16  0.0000e+00
17  0.0000e+00
18  4.8869e-110
19  0.0000e+00
20  0.0000e+00
21  0.0000e+00
22  0.0000e+00
23  0.0000e+00
24  0.0000e+00
25  0.0000e+00
26  0.0000e+00
27  0.0000e+00
28  5.4047e-82
29  9.4084e-29
30  7.4039e-24
31  4.3149e-25
32  1.1626e-26
33  1.8181e-24
34  7.0094e-21
35  7.2725e-22
36  1.9777e-21
37  1.6408e-21
38  1.3320e-21
39  1.4235e-22
40  2.6915e-18
41  2.7451e-20
42  4.5181e-18
43  2.0831e-17
44  9.7699e-18
45  6.9383e-18
46  3.2500e-14
47  2.1265e-14
48  2.6541e-14
49  5.5602e-16
50  7.9125e-13
51  1.1282e-14
52  5.1472e-16
53  4.0625e-16
54  3.6514e-14
55  2.5485e-16
56  5.8103e-16
57  9.0407e-16
58  3.6933e-14
59  1.1082e-14
60  6.2491e-12
61  8.5620e-13
62  2.1313e-12
63  7.7461e-13
64  5.6731e-12
65  3.7785e-12
66  4.0634e-09
67  3.6715e-10
68  1.3583e-09
69  1.2184e-09
70  1.1958e-06
71  8.7557e-08
72  1.2821e-04
73  2.6014e-05
74  1.3476e-04
75  4.7054e-05
76  7.7980e-05
77  2.8371e-04
78  3.0688e-04
79  9.5921e-05
80  2.1723e-03
81  4.2375e-04
82  5.4414e-05
83  5.7439e-07
84  5.5132e-09
85  2.3720e-10
86  4.3022e-10
87  1.2238e-10
88  1.0922e-09
89  5.6391e-11
90  6.5259e-10
91  1.5195e-10
92  1.1782e-09
93  7.9283e-10
94  1.0231e-09
95  1.3956e-09
96  5.1599e-09
97  4.4037e-09
98  6.0316e-07
99  1.6254e-07
100  4.3512e-08
101  8.8707e-08
102  4.2773e-07
103  6.1673e-08
104  1.4833e-07
105  1.9008e-07
106  4.0455e-08
107  1.5588e-08
108  1.4552e-07
109  6.3646e-08
110  8.6117e-08
111  1.1563e-07
112  3.4530e-07
113  1.9042e-07
114  1.4855e-05
115  2.3511e-06
116  3.0604e-06
117  7.8530e-06
118  1.1698e-05
119  2.5623e-06
120  1.0283e-04
121  7.0180e-05
122  4.5380e-04
123  9.9822e-05
124  5.2444e-05
125  4.8804e-05
126  8.8101e-05
127  9.4020e-05
128  1.9670e-04
129  3.4458e-04
130  1.8954e-03
131  9.3902e-04
132  1.0180e-03
133  4.7215e-06
134  6.4012e-09
135  1.0369e-11
136  1.2600e-14
137  2.1461e-17
138  1.1818e-19
139  2.0862e-21
140  1.4662e-23
141  2.1481e-39
142  0.0000e+00
143  0.0000e+00
144  0.0000e+00
145  0.0000e+00
146  0.0000e+00
147  0.0000e+00
148  0.0000e+00
149  0.0000e+00
150  0.0000e+00
151  0.0000e+00
152  0.0000e+00
153  0.0000e+00
154  0.0000e+00
155  0.0000e+00
156  0.0000e+00
157  0.0000e+00
158  0.0000e+00
159  0.0000e+00
160  0.0000e+00
161  0.0000e+00
162  0.0000e+00
163  0.0000e+00
164  0.0000e+00
165  0.0000e+00
166  0.0000e+00
167  0.0000e+00
168  0.0000e+00
169  0.0000e+00
170  0.0000e+00
171  0.0000e+00
172  0.0000e+00
173  0.0000e+00
174  0.0000e+00
175  0.0000e+00
176  0.0000e+00
177  0.0000e+00
178  0.0000e+00
179  0.0000e+00
180  0.0000e+00
181  0.0000e+00
182  0.0000e+00
183  0.0000e+00
184  0.0000e+00
185  0.0000e+00
186  0.0000e+00
187  0.0000e+00
188  0.0000e+00
189  0.0000e+00
190  0.0000e+00
191  0.0000e+00
192  0.0000e+00
193  0.0000e+00
194  0.0000e+00
195  0.0000e+00
196  0.0000e+00
197  0.0000e+00
198  0.0000e+00
199  0.0000e+00
200  0.0000e+00
201  0.0000e+00
202  0.0000e+00
203  0.0000e+00
204  0.0000e+00
205  0.0000e+00
206  0.0000e+00
207  0.0000e+00
208  0.0000e+00
209  0.0000e+00
210  0.0000e+00
211  0.0000e+00
212  0.0000e+00
213  0.0000e+00
214  0.0000e+00
215  0.0000e+00
216  0.0000e+00
217  0.0000e+00
218  0.0000e+00
219  0.0000e+00
220  0.0000e+00
221  0.0000e+00
222  0.0000e+00
223  0.0000e+00
224  0.0000e+00
225  0.0000e+00
226  0.0000e+00
227  0.0000e+00
228  0.0000e+00
229  0.0000e+00
230  0.0000e+00
231  0.0000e+00
232  0.0000e+00
233  0.0000e+00
234  0.0000e+00
235  0.0000e+00
236  0.0000e+00
237  0.0000e+00
238  0.0000e+00
239  0.0000e+00
240  0.0000e+00
241  0.0000e+00
242  0.0000e+00
243  0.0000e+00
244  0.0000e+00
245  0.0000e+00
246  0.0000e+00
247  0.0000e+00
248  0.0000e+00
249  0.0000e+00
250  0.0000e+00
251  0.0000e+00
252  0.0000e+00
253  0.0000e+00
254  0.0000e+00
255  0.0000e+00
256  0.0000e+00
257  0.0000e+00
258  0.0000e+00
259  0.0000e+00
260  0.0000e+00
261  0.0000e+00
262  0.0000e+00
263  0.0000e+00
264  0.0000e+00
265  0.0000e+00
266  0.0000e+00
267  0.0000e+00
268  0.0000e+00
269  0.0000e+00
270  0.0000e+00
271  0.0000e+00
272  0.0000e+00
273  0.0000e+00
274  0.0000e+00
275  0.0000e+00
276  0.0000e+00
277  0.0000e+00
278  0.0000e+00
279  0.0000e+00
280  0.0000e+00
281  0.0000e+00
282  0.0000e+00
283  0.0000e+00
284  0.0000e+00
285  0.0000e+00
286  0.0000e+00
287  0.0000e+00
288  0.0000e+00
289  0.0000e+00
290  0.0000e+00
291  0.0000e+00
292  0.0000e+00
293  0.0000e+00
294  0.0000e+00
295  0.0000e+00
296  0.0000e+00
297  0.0000e+00
298  0.0000e+00
299  0.0000e+00
300  0.0000e+00
301  0.0000e+00
302  0.0000e+00
303  0.0000e+00
304  0.0000e+00
305  0.0000e+00
306  0.0000e+00
307  0.0000e+00
308  0.0000e+00
309  0.0000e+00
310  0.0000e+00
311  0.0000e+00
312  0.0000e+00
313  0.0000e+00
314  0.0000e+00
315  0.0000e+00
316  0.0000e+00
317  0.0000e+00
318  0.0000e+00
319  0.0000e+00
320  0.0000e+00
321  0.0000e+00
322  0.0000e+00
323  0.0000e+00
324  0.0000e+00
325  0.0000e+00
326  0.0000e+00
327  0.0000e+00
328  0.0000e+00
329  0.0000e+00
330  0.0000e+00
331  0.0000e+00
332  0.0000e+00
333  0.0000e+00
334  0.0000e+00
335  0.0000e+00
336  0.0000e+00
337  0.0000e+00

