337
time(s) = 1000000000000 t9 = 8.8369701165469801e-13 rho(g/cc) = 4.5374999999994996e-24 
0  0.0000e+00
1  9.2422e-06
2  1.5525e-10
3  6.1110e-14
4  3.2861e-05
5  0.0000e+00
6  3.0303e-31
7  2.1078e-15
8  2.5349e-06
9  5.0850e-19
10  4.5040e-12
11  3.2776e-12
12  5.5350e-08
13  1.2023e-09
14  6.2585e-03
15  3.2628e-03
16  3.8418e-05
17  3.4878e-07
18  1.7374e-03
19  2.3751e-03
20  4.7915e-04
21  2.8474e-06
22  2.3434e-03
23  1.4065e-05
24  4.6056e-06
25  1.1409e-05
26  2.2755e-05
27  3.9027e-06
28  2.2579e-05
29  7.8024e-06
30  6.0621e-06
31  3.6234e-06
32  1.9468e-05
33  1.1729e-05
34  1.8284e-05
35  1.5643e-05
36  2.1960e-05
37  3.8362e-06
38  2.8536e-06
39  6.2068e-07
40  2.6482e-06
41  6.2778e-06
42  8.1872e-06
43  1.0824e-05
44  4.1788e-05
45  2.4607e-05
46  4.6024e-05
47  3.3101e-05
48  3.1141e-05
49  1.8003e-05
50  1.5059e-05
51  1.5026e-05
52  1.0866e-05
53  6.6315e-06
54  9.0998e-06
55  1.7672e-06
56  5.1681e-06
57  1.8595e-06
58  7.0559e-06
59  2.1597e-06
60  4.4761e-06
61  1.4746e-06
62  5.3440e-06
63  1.2289e-06
64  4.8935e-06
65  1.6241e-06
66  5.9976e-06
67  1.6074e-06
68  5.6223e-06
69  2.1922e-06
70  1.9862e-06
71  1.3501e-06
72  2.1801e-06
73  1.5977e-06
74  2.8671e-06
75  1.1667e-06
76  6.1958e-06
77  1.2767e-05
78  3.5272e-05
79  3.1840e-05
80  4.7964e-05
81  1.6614e-05
82  1.4833e-05
83  6.6464e-06
84  3.0181e-06
85  9.9224e-07
86  8.0397e-07
87  2.6763e-07
88  4.1473e-07
89  2.7761e-07
90  4.2200e-07
91  8.1204e-07
92  1.4250e-06
93  3.5640e-07
94  4.7586e-07
95  5.7307e-07
96  1.3394e-06
97  1.2988e-06
98  8.0177e-07
99  2.8756e-07
100  4.8360e-07
101  2.9657e-07
102  4.3779e-07
103  2.1405e-07
104  5.0183e-07
105  1.3275e-07
106  1.0170e-06
107  5.7536e-07
108  9.1581e-07
109  7.8130e-07
110  1.2845e-06
111  5.5152e-07
112  4.9657e-07
113  5.8465e-08
114  8.1921e-07
115  1.9593e-07
116  1.0576e-06
117  2.1704e-07
118  7.4900e-07
119  1.8441e-07
120  1.4172e-06
121  6.4149e-07
122  5.0651e-06
123  1.3417e-06
124  4.6967e-06
125  1.9680e-06
126  5.1918e-06
127  2.7657e-06
128  1.7269e-05
129  2.9833e-05
130  9.6446e-05
131  2.0282e-04
132  4.2162e-04
133  5.1265e-04
134  5.3705e-04
135  2.7625e-04
136  4.1098e-04
137  2.1377e-04
138  1.1459e-04
139  4.5807e-05
140  3.4270e-05
141  1.7385e-05
142  1.6652e-05
143  8.7327e-06
144  1.8987e-05
145  3.8461e-06
146  1.9068e-05
147  3.4526e-06
148  1.6656e-05
149  4.9548e-06
150  6.1175e-06
151  5.8410e-06
152  2.2054e-05
153  2.8078e-06
154  1.4997e-05
155  1.1809e-05
156  1.5029e-05
157  1.1691e-05
158  3.0585e-05
159  8.0417e-06
160  1.1257e-05
161  1.5151e-05
162  1.2780e-05
163  1.8381e-05
164  2.8445e-05
165  2.3968e-05
166  3.5545e-05
167  4.1228e-05
168  3.3527e-05
169  2.5470e-05
170  4.7045e-05
171  1.4437e-05
172  2.1916e-05
173  4.9454e-06
174  2.1635e-05
175  1.0197e-05
176  1.3228e-05
177  2.0890e-05
178  8.7150e-06
179  1.7249e-05
180  1.4379e-05
181  1.1024e-05
182  1.6634e-05
183  7.8435e-06
184  1.3853e-05
185  4.5010e-06
186  1.3534e-05
187  3.4718e-06
188  5.6952e-06
189  3.2861e-06
190  2.9633e-06
191  7.3376e-07
192  1.7610e-06
193  1.1147e-06
194  2.3312e-06
195  2.8601e-06
196  1.6834e-05
197  7.0414e-06
198  6.7247e-05
199  3.7711e-05
200  2.7374e-05
201  5.5149e-06
202  1.0774e-06
203  1.7388e-07
204  7.6515e-08
205  5.2200e-08
206  1.6150e-07
207  9.9554e-08
208  1.1237e-07
209  8.9108e-08
210  1.8766e-10
211  1.6012e-16
212  1.0613e-15
213  8.5334e-17
214  1.2219e-16
215  3.7991e-22
216  1.2576e-21
217  2.6795e-13
218  2.1193e-18
219  6.1196e-20
220  4.8557e-19
221  3.4739e-18
222  3.7650e-15
223  1.5270e-14
224  2.7400e-15
225  1.0695e-14
226  5.7577e-10
227  7.3261e-10
228  8.7333e-09
229  3.0245e-09
230  2.7327e-08
231  1.5231e-08
232  4.1716e-08
233  4.6209e-08
234  1.1771e-07
235  1.3532e-06
236  1.0127e-06
237  2.4508e-06
238  5.9883e-07
239  1.9944e-06
240  3.4620e-08
241  3.4639e-06
242  4.9607e-06
243  7.2447e-07
244  4.0975e-06
245  4.0598e-07
246  7.8461e-08
247  2.4154e-06
248  2.6711e-06
249  2.1663e-25
250  7.5389e-08
251  3.5874e-15
252  1.5443e-40
253  6.8177e-318
254  7.1874e-317
255  1.5909e-320
256  -4.2336e-320
257  0.0000e+00
258  0.0000e+00
259  0.0000e+00
260  0.0000e+00
261  0.0000e+00
262  0.0000e+00
263  0.0000e+00
264  0.0000e+00
265  0.0000e+00
266  0.0000e+00
267  6.1748e-320
268  2.5018e-28
269  3.9319e-26
270  4.3445e-26
271  7.2900e-38
272  1.1890e-05
273  4.5128e-04
274  6.3182e-17
275  1.7738e-14
276  5.2627e-10
277  4.6862e-19
278  3.7849e-25
279  0.0000e+00
280  0.0000e+00
281  0.0000e+00
282  0.0000e+00
283  0.0000e+00
284  0.0000e+00
285  0.0000e+00
286  0.0000e+00
287  0.0000e+00
288  0.0000e+00
289  0.0000e+00
290  0.0000e+00
291  0.0000e+00
292  0.0000e+00
293  0.0000e+00
294  0.0000e+00
295  0.0000e+00
296  0.0000e+00
297  0.0000e+00
298  0.0000e+00
299  0.0000e+00
300  0.0000e+00
301  0.0000e+00
302  0.0000e+00
303  0.0000e+00
304  0.0000e+00
305  0.0000e+00
306  0.0000e+00
307  0.0000e+00
308  0.0000e+00
309  8.1273e-26
310  6.3890e-10
311  4.1859e-11
312  9.2958e-13
313  1.6579e-14
314  3.0227e-16
315  2.7895e-18
316  1.1085e-19
317  4.9772e-22
318  3.4283e-23
319  6.3965e-26
320  0.0000e+00
321  0.0000e+00
322  0.0000e+00
323  0.0000e+00
324  0.0000e+00
325  0.0000e+00
326  0.0000e+00
327  0.0000e+00
328  0.0000e+00
329  0.0000e+00
330  0.0000e+00
331  0.0000e+00
332  0.0000e+00
333  0.0000e+00
334  0.0000e+00
335  0.0000e+00
336  0.0000e+00
337  0.0000e+00

