337
time(s) = 1000000000000 t9 = 1.4449744021916061e-12 rho(g/cc) = 1.9837499999995434e-23 
0  0.0000e+00
1  1.7896e-12
2  2.2690e-17
3  9.7701e-22
4  3.2883e-14
5  0.0000e+00
6  1.1394e-31
7  1.1048e-20
8  6.8532e-07
9  6.8653e-25
10  9.7906e-20
11  1.9803e-24
12  6.7004e-29
13  1.9411e-26
14  4.0117e-24
15  6.3314e-52
16  0.0000e+00
17  0.0000e+00
18  8.0803e-87
19  0.0000e+00
20  0.0000e+00
21  0.0000e+00
22  0.0000e+00
23  0.0000e+00
24  0.0000e+00
25  0.0000e+00
26  0.0000e+00
27  0.0000e+00
28  0.0000e+00
29  0.0000e+00
30  1.2576e-160
31  0.0000e+00
32  8.5185e-44
33  1.5519e-29
34  2.3823e-22
35  3.1845e-24
36  8.8497e-24
37  2.9141e-23
38  3.8621e-22
39  1.6044e-24
40  1.2214e-19
41  2.1385e-21
42  3.7232e-20
43  5.3755e-19
44  1.0452e-17
45  6.8942e-19
46  4.2499e-15
47  3.5711e-15
48  1.1422e-13
49  1.1985e-15
50  4.1592e-13
51  6.7779e-15
52  6.5575e-16
53  4.2767e-17
54  4.0579e-14
55  2.2103e-16
56  1.2140e-16
57  5.9487e-16
58  1.4463e-13
59  1.4149e-14
60  2.6320e-12
61  2.3672e-13
62  2.0066e-13
63  3.5124e-13
64  1.9708e-11
65  4.3853e-12
66  1.7739e-09
67  1.3401e-10
68  4.0512e-10
69  3.4192e-10
70  2.6354e-06
71  8.4347e-08
72  3.0934e-05
73  3.5558e-06
74  4.8513e-06
75  3.4553e-05
76  2.3083e-05
77  2.9485e-05
78  8.9506e-04
79  8.6053e-05
80  9.1526e-04
81  4.3435e-04
82  1.4708e-04
83  1.7313e-06
84  2.0313e-08
85  4.5224e-10
86  3.5329e-10
87  5.3630e-11
88  3.2255e-10
89  1.2125e-11
90  2.0647e-11
91  2.3953e-11
92  4.4027e-11
93  3.4455e-10
94  4.9539e-10
95  1.2438e-10
96  1.8122e-08
97  4.4011e-09
98  2.7508e-07
99  9.1840e-08
100  2.3863e-08
101  1.6060e-08
102  1.6273e-07
103  1.8231e-08
104  8.8785e-09
105  2.5190e-08
106  1.3674e-08
107  2.1434e-09
108  3.2368e-08
109  1.9480e-08
110  1.0415e-08
111  2.5773e-08
112  1.8048e-07
113  6.4682e-08
114  9.9243e-07
115  3.0994e-07
116  4.5871e-07
117  1.1267e-06
118  7.2651e-05
119  8.5267e-06
120  1.2124e-04
121  3.3480e-05
122  6.2819e-05
123  1.5843e-05
124  4.9313e-06
125  2.2063e-05
126  2.6493e-05
127  5.1916e-05
128  8.1060e-04
129  4.9691e-04
130  1.4462e-03
131  9.6898e-04
132  1.9497e-03
133  1.0642e-05
134  1.5256e-08
135  1.9281e-11
136  1.8309e-14
137  2.5216e-17
138  1.1575e-19
139  1.4413e-21
140  7.2287e-24
141  4.0599e-45
142  0.0000e+00
143  0.0000e+00
144  0.0000e+00
145  0.0000e+00
146  0.0000e+00
147  0.0000e+00
148  0.0000e+00
149  0.0000e+00
150  0.0000e+00
151  0.0000e+00
152  0.0000e+00
153  0.0000e+00
154  0.0000e+00
155  0.0000e+00
156  0.0000e+00
157  0.0000e+00
158  0.0000e+00
159  0.0000e+00
160  0.0000e+00
161  0.0000e+00
162  0.0000e+00
163  0.0000e+00
164  0.0000e+00
165  0.0000e+00
166  0.0000e+00
167  0.0000e+00
168  0.0000e+00
169  0.0000e+00
170  0.0000e+00
171  0.0000e+00
172  0.0000e+00
173  0.0000e+00
174  0.0000e+00
175  0.0000e+00
176  0.0000e+00
177  0.0000e+00
178  0.0000e+00
179  0.0000e+00
180  0.0000e+00
181  0.0000e+00
182  0.0000e+00
183  0.0000e+00
184  0.0000e+00
185  0.0000e+00
186  0.0000e+00
187  0.0000e+00
188  0.0000e+00
189  0.0000e+00
190  0.0000e+00
191  0.0000e+00
192  0.0000e+00
193  0.0000e+00
194  0.0000e+00
195  0.0000e+00
196  0.0000e+00
197  0.0000e+00
198  0.0000e+00
199  0.0000e+00
200  0.0000e+00
201  0.0000e+00
202  0.0000e+00
203  0.0000e+00
204  0.0000e+00
205  0.0000e+00
206  0.0000e+00
207  0.0000e+00
208  0.0000e+00
209  0.0000e+00
210  0.0000e+00
211  0.0000e+00
212  0.0000e+00
213  0.0000e+00
214  0.0000e+00
215  0.0000e+00
216  0.0000e+00
217  0.0000e+00
218  0.0000e+00
219  0.0000e+00
220  0.0000e+00
221  0.0000e+00
222  0.0000e+00
223  0.0000e+00
224  0.0000e+00
225  0.0000e+00
226  0.0000e+00
227  0.0000e+00
228  0.0000e+00
229  0.0000e+00
230  0.0000e+00
231  0.0000e+00
232  0.0000e+00
233  0.0000e+00
234  0.0000e+00
235  0.0000e+00
236  0.0000e+00
237  0.0000e+00
238  0.0000e+00
239  0.0000e+00
240  0.0000e+00
241  0.0000e+00
242  0.0000e+00
243  0.0000e+00
244  0.0000e+00
245  0.0000e+00
246  0.0000e+00
247  0.0000e+00
248  0.0000e+00
249  0.0000e+00
250  0.0000e+00
251  0.0000e+00
252  0.0000e+00
253  0.0000e+00
254  0.0000e+00
255  0.0000e+00
256  0.0000e+00
257  0.0000e+00
258  0.0000e+00
259  0.0000e+00
260  0.0000e+00
261  0.0000e+00
262  0.0000e+00
263  0.0000e+00
264  0.0000e+00
265  0.0000e+00
266  0.0000e+00
267  0.0000e+00
268  0.0000e+00
269  0.0000e+00
270  0.0000e+00
271  0.0000e+00
272  0.0000e+00
273  0.0000e+00
274  0.0000e+00
275  0.0000e+00
276  0.0000e+00
277  0.0000e+00
278  0.0000e+00
279  0.0000e+00
280  0.0000e+00
281  0.0000e+00
282  0.0000e+00
283  0.0000e+00
284  0.0000e+00
285  0.0000e+00
286  0.0000e+00
287  0.0000e+00
288  0.0000e+00
289  0.0000e+00
290  0.0000e+00
291  0.0000e+00
292  0.0000e+00
293  0.0000e+00
294  0.0000e+00
295  0.0000e+00
296  0.0000e+00
297  0.0000e+00
298  0.0000e+00
299  0.0000e+00
300  0.0000e+00
301  0.0000e+00
302  0.0000e+00
303  0.0000e+00
304  0.0000e+00
305  0.0000e+00
306  0.0000e+00
307  0.0000e+00
308  0.0000e+00
309  0.0000e+00
310  0.0000e+00
311  0.0000e+00
312  0.0000e+00
313  0.0000e+00
314  0.0000e+00
315  0.0000e+00
316  0.0000e+00
317  0.0000e+00
318  0.0000e+00
319  0.0000e+00
320  0.0000e+00
321  0.0000e+00
322  0.0000e+00
323  0.0000e+00
324  0.0000e+00
325  0.0000e+00
326  0.0000e+00
327  0.0000e+00
328  0.0000e+00
329  0.0000e+00
330  0.0000e+00
331  0.0000e+00
332  0.0000e+00
333  0.0000e+00
334  0.0000e+00
335  0.0000e+00
336  0.0000e+00
337  0.0000e+00

