337
time(s) = 1000000000000 t9 = 1.3599443156354936e-12 rho(g/cc) = 1.653749999999653e-23 
0  0.0000e+00
1  3.2565e-12
2  6.5359e-17
3  9.1257e-22
4  6.6823e-14
5  0.0000e+00
6  3.6563e-32
7  1.2729e-20
8  6.6768e-07
9  5.4793e-25
10  9.6487e-20
11  1.8995e-24
12  3.9699e-29
13  1.1021e-26
14  4.6353e-25
15  1.8942e-68
16  0.0000e+00
17  0.0000e+00
18  1.2934e-110
19  0.0000e+00
20  0.0000e+00
21  0.0000e+00
22  0.0000e+00
23  0.0000e+00
24  0.0000e+00
25  0.0000e+00
26  0.0000e+00
27  0.0000e+00
28  0.0000e+00
29  0.0000e+00
30  1.2592e-24
31  1.3329e-72
32  1.0770e-33
33  4.1801e-25
34  1.8529e-21
35  7.0015e-23
36  1.9679e-22
37  3.2710e-22
38  9.4336e-22
39  1.2436e-23
40  8.4935e-19
41  9.8973e-21
42  5.8383e-19
43  5.2562e-18
44  1.2680e-17
45  1.6878e-18
46  1.5233e-14
47  1.1770e-14
48  7.3457e-14
49  9.6508e-16
50  7.2163e-13
51  1.0746e-14
52  4.7222e-16
53  1.2407e-16
54  3.9481e-14
55  2.2989e-16
56  2.4722e-16
57  9.1050e-16
58  1.0267e-13
59  1.7175e-14
60  5.3122e-12
61  5.1905e-13
62  6.7921e-13
63  6.8651e-13
64  1.2562e-11
65  4.7942e-12
66  3.1604e-09
67  2.3615e-10
68  5.5842e-10
69  7.0242e-10
70  2.4470e-06
71  1.1487e-07
72  8.1776e-05
73  8.8464e-06
74  2.8960e-05
75  5.3222e-05
76  3.9169e-05
77  1.1331e-04
78  6.5109e-04
79  1.0179e-04
80  1.7092e-03
81  4.7104e-04
82  8.8520e-05
83  9.3821e-07
84  9.5508e-09
85  2.7148e-10
86  3.3475e-10
87  6.4533e-11
88  7.5539e-10
89  3.0652e-11
90  1.3558e-10
91  3.1489e-11
92  1.2379e-10
93  5.8668e-10
94  5.2664e-10
95  3.8107e-10
96  1.1452e-08
97  4.5439e-09
98  4.6023e-07
99  1.3703e-07
100  3.4298e-08
101  4.1179e-08
102  2.9856e-07
103  3.6807e-08
104  3.6552e-08
105  7.2520e-08
106  2.1741e-08
107  4.7461e-09
108  8.7560e-08
109  3.8220e-08
110  2.6670e-08
111  5.0991e-08
112  2.8282e-07
113  1.2100e-07
114  3.9877e-06
115  7.3136e-07
116  7.6318e-07
117  3.0920e-06
118  4.1351e-05
119  5.6794e-06
120  1.7209e-04
121  6.3922e-05
122  2.3484e-04
123  4.7461e-05
124  1.4532e-05
125  3.1248e-05
126  3.1694e-05
127  5.7920e-05
128  4.0184e-04
129  4.0965e-04
130  1.7133e-03
131  9.9061e-04
132  1.4394e-03
133  7.1455e-06
134  9.8106e-09
135  1.3343e-11
136  1.4024e-14
137  2.1014e-17
138  1.0283e-19
139  1.4583e-21
140  8.5125e-24
141  1.2515e-43
142  0.0000e+00
143  0.0000e+00
144  0.0000e+00
145  0.0000e+00
146  0.0000e+00
147  0.0000e+00
148  0.0000e+00
149  0.0000e+00
150  0.0000e+00
151  0.0000e+00
152  0.0000e+00
153  0.0000e+00
154  0.0000e+00
155  0.0000e+00
156  0.0000e+00
157  0.0000e+00
158  0.0000e+00
159  0.0000e+00
160  0.0000e+00
161  0.0000e+00
162  0.0000e+00
163  0.0000e+00
164  0.0000e+00
165  0.0000e+00
166  0.0000e+00
167  0.0000e+00
168  0.0000e+00
169  0.0000e+00
170  0.0000e+00
171  0.0000e+00
172  0.0000e+00
173  0.0000e+00
174  0.0000e+00
175  0.0000e+00
176  0.0000e+00
177  0.0000e+00
178  0.0000e+00
179  0.0000e+00
180  0.0000e+00
181  0.0000e+00
182  0.0000e+00
183  0.0000e+00
184  0.0000e+00
185  0.0000e+00
186  0.0000e+00
187  0.0000e+00
188  0.0000e+00
189  0.0000e+00
190  0.0000e+00
191  0.0000e+00
192  0.0000e+00
193  0.0000e+00
194  0.0000e+00
195  0.0000e+00
196  0.0000e+00
197  0.0000e+00
198  0.0000e+00
199  0.0000e+00
200  0.0000e+00
201  0.0000e+00
202  0.0000e+00
203  0.0000e+00
204  0.0000e+00
205  0.0000e+00
206  0.0000e+00
207  0.0000e+00
208  0.0000e+00
209  0.0000e+00
210  0.0000e+00
211  0.0000e+00
212  0.0000e+00
213  0.0000e+00
214  0.0000e+00
215  0.0000e+00
216  0.0000e+00
217  0.0000e+00
218  0.0000e+00
219  0.0000e+00
220  0.0000e+00
221  0.0000e+00
222  0.0000e+00
223  0.0000e+00
224  0.0000e+00
225  0.0000e+00
226  0.0000e+00
227  0.0000e+00
228  0.0000e+00
229  0.0000e+00
230  0.0000e+00
231  0.0000e+00
232  0.0000e+00
233  0.0000e+00
234  0.0000e+00
235  0.0000e+00
236  0.0000e+00
237  0.0000e+00
238  0.0000e+00
239  0.0000e+00
240  0.0000e+00
241  0.0000e+00
242  0.0000e+00
243  0.0000e+00
244  0.0000e+00
245  0.0000e+00
246  0.0000e+00
247  0.0000e+00
248  0.0000e+00
249  0.0000e+00
250  0.0000e+00
251  0.0000e+00
252  0.0000e+00
253  0.0000e+00
254  0.0000e+00
255  0.0000e+00
256  0.0000e+00
257  0.0000e+00
258  0.0000e+00
259  0.0000e+00
260  0.0000e+00
261  0.0000e+00
262  0.0000e+00
263  0.0000e+00
264  0.0000e+00
265  0.0000e+00
266  0.0000e+00
267  0.0000e+00
268  0.0000e+00
269  0.0000e+00
270  0.0000e+00
271  0.0000e+00
272  0.0000e+00
273  0.0000e+00
274  0.0000e+00
275  0.0000e+00
276  0.0000e+00
277  0.0000e+00
278  0.0000e+00
279  0.0000e+00
280  0.0000e+00
281  0.0000e+00
282  0.0000e+00
283  0.0000e+00
284  0.0000e+00
285  0.0000e+00
286  0.0000e+00
287  0.0000e+00
288  0.0000e+00
289  0.0000e+00
290  0.0000e+00
291  0.0000e+00
292  0.0000e+00
293  0.0000e+00
294  0.0000e+00
295  0.0000e+00
296  0.0000e+00
297  0.0000e+00
298  0.0000e+00
299  0.0000e+00
300  0.0000e+00
301  0.0000e+00
302  0.0000e+00
303  0.0000e+00
304  0.0000e+00
305  0.0000e+00
306  0.0000e+00
307  0.0000e+00
308  0.0000e+00
309  0.0000e+00
310  0.0000e+00
311  0.0000e+00
312  0.0000e+00
313  0.0000e+00
314  0.0000e+00
315  0.0000e+00
316  0.0000e+00
317  0.0000e+00
318  0.0000e+00
319  0.0000e+00
320  0.0000e+00
321  0.0000e+00
322  0.0000e+00
323  0.0000e+00
324  0.0000e+00
325  0.0000e+00
326  0.0000e+00
327  0.0000e+00
328  0.0000e+00
329  0.0000e+00
330  0.0000e+00
331  0.0000e+00
332  0.0000e+00
333  0.0000e+00
334  0.0000e+00
335  0.0000e+00
336  0.0000e+00
337  0.0000e+00

