337
time(s) = 1000000000000 t9 = 1.086681905534221e-12 rho(g/cc) = 8.4374999999987326e-24 
0  0.0000e+00
1  2.0676e-12
2  1.7603e-17
3  5.4982e-25
4  2.4741e-08
5  0.0000e+00
6  4.0924e-40
7  6.5959e-21
8  7.6290e-07
9  1.8389e-28
10  1.0292e-19
11  2.9998e-23
12  3.4623e-22
13  1.0199e-22
14  1.0544e-23
15  1.0307e-25
16  5.6777e-22
17  3.0067e-24
18  1.2902e-24
19  7.7018e-26
20  3.6990e-22
21  4.2267e-25
22  1.2716e-24
23  2.9350e-27
24  4.8670e-23
25  4.4147e-24
26  4.1800e-24
27  3.2072e-25
28  3.1530e-24
29  6.9790e-28
30  2.5394e-25
31  3.8379e-25
32  1.9142e-25
33  8.7159e-26
34  1.2684e-26
35  1.8705e-24
36  4.2507e-24
37  1.5729e-24
38  2.1408e-24
39  7.0686e-25
40  4.1578e-21
41  5.1803e-23
42  2.6940e-20
43  5.7259e-20
44  3.0304e-20
45  7.3616e-20
46  1.6576e-16
47  9.9879e-17
48  3.8211e-17
49  3.5566e-18
50  5.1296e-15
51  7.5659e-17
52  7.6231e-18
53  1.6241e-17
54  1.4178e-15
55  9.1129e-18
56  1.0269e-16
57  2.2398e-17
58  1.3838e-16
59  7.9699e-17
60  9.4316e-14
61  2.3390e-14
62  1.4333e-13
63  1.7864e-14
64  8.5355e-14
65  1.0573e-13
66  2.0888e-10
67  2.7002e-11
68  2.6879e-10
69  1.5741e-10
70  2.1598e-08
71  2.3341e-09
72  1.1719e-05
73  7.6776e-06
74  5.5191e-05
75  5.7829e-06
76  2.0260e-05
77  7.4666e-05
78  1.5970e-05
79  1.2569e-05
80  3.1449e-04
81  4.0547e-05
82  3.6556e-06
83  2.2771e-08
84  1.4803e-09
85  7.7605e-11
86  3.2707e-09
87  2.0124e-09
88  4.5814e-09
89  2.1095e-10
90  1.3151e-08
91  5.1603e-09
92  1.0913e-07
93  1.1286e-08
94  1.3539e-08
95  3.6005e-08
96  2.1037e-08
97  3.8847e-08
98  5.0555e-06
99  7.4708e-07
100  4.2584e-07
101  1.2729e-06
102  2.2521e-06
103  2.2968e-07
104  3.9352e-06
105  2.0945e-06
106  3.0455e-07
107  5.9479e-07
108  6.1500e-07
109  2.2392e-07
110  1.3077e-06
111  1.1130e-06
112  1.2226e-06
113  1.4229e-06
114  2.5728e-04
115  2.6862e-05
116  1.8390e-04
117  1.1187e-04
118  4.4724e-05
119  5.9096e-05
120  4.1124e-05
121  4.7991e-05
122  4.1255e-04
123  7.9697e-05
124  2.1316e-04
125  1.7909e-04
126  1.1384e-03
127  2.7940e-04
128  2.3830e-04
129  4.7409e-04
130  2.4572e-03
131  7.9090e-04
132  4.6026e-04
133  1.2219e-06
134  1.0095e-09
135  1.1397e-12
136  1.3585e-14
137  5.4478e-18
138  5.8497e-16
139  6.3886e-16
140  8.6447e-15
141  5.1167e-15
142  2.5843e-18
143  5.3718e-17
144  4.7583e-17
145  7.1842e-19
146  1.8144e-18
147  1.6713e-17
148  4.5230e-18
149  1.2375e-17
150  4.8607e-16
151  7.0093e-17
152  1.6990e-16
153  1.5326e-16
154  1.4607e-16
155  1.0213e-16
156  6.5479e-16
157  1.2817e-16
158  1.8955e-16
159  1.6751e-16
160  1.0134e-16
161  4.0049e-17
162  2.1319e-16
163  4.0498e-17
164  1.8157e-17
165  3.2618e-17
166  4.4923e-17
167  7.2099e-18
168  1.4080e-17
169  1.7405e-17
170  1.5085e-17
171  7.3171e-18
172  9.7361e-17
173  1.7092e-17
174  1.8004e-17
175  3.4182e-17
176  1.4233e-16
177  2.3041e-17
178  1.0081e-16
179  4.1204e-17
180  2.1706e-17
181  2.4624e-17
182  2.8401e-16
183  5.0919e-17
184  1.7626e-16
185  2.7370e-16
186  1.3447e-16
187  1.3996e-16
188  3.6579e-16
189  7.2336e-17
190  1.7613e-16
191  1.0807e-16
192  2.4008e-17
193  2.7758e-17
194  1.1304e-17
195  1.9595e-17
196  1.1873e-17
197  1.8523e-17
198  2.0604e-16
199  4.3253e-17
200  1.7704e-17
201  1.1072e-17
202  4.1358e-17
203  1.5602e-16
204  2.9390e-17
205  3.6499e-17
206  2.1079e-09
207  9.6890e-10
208  1.1284e-09
209  6.7183e-10
210  6.6545e-12
211  7.5134e-18
212  7.4928e-18
213  3.1889e-18
214  4.3222e-18
215  1.7827e-23
216  8.8783e-24
217  1.4693e-23
218  2.1956e-17
219  2.8715e-21
220  3.4281e-21
221  1.2982e-19
222  1.3318e-16
223  7.1651e-16
224  1.9344e-17
225  3.9967e-16
226  2.0367e-11
227  3.4376e-11
228  6.1655e-11
229  1.1303e-10
230  9.5957e-10
231  7.1459e-10
232  2.8847e-09
233  1.9513e-09
234  3.1378e-09
235  1.9604e-09
236  1.1445e-09
237  1.4187e-09
238  7.0471e-10
239  6.3282e-10
240  2.1513e-11
241  1.8417e-10
242  4.6850e-11
243  9.5873e-12
244  5.3104e-11
245  2.8955e-12
246  7.3210e-14
247  1.4453e-12
248  5.6519e-13
249  2.1345e-28
250  2.0716e-15
251  4.3065e-22
252  1.5202e-54
253  0.0000e+00
254  2.5911e-256
255  -1.2455e-319
256  0.0000e+00
257  0.0000e+00
258  0.0000e+00
259  0.0000e+00
260  0.0000e+00
261  0.0000e+00
262  0.0000e+00
263  0.0000e+00
264  0.0000e+00
265  0.0000e+00
266  0.0000e+00
267  0.0000e+00
268  1.4523e-27
269  2.7574e-26
270  1.9774e-27
271  3.7236e-33
272  4.5223e-10
273  1.6539e-08
274  5.7066e-16
275  2.9025e-15
276  2.9997e-14
277  7.9580e-24
278  4.2035e-24
279  0.0000e+00
280  0.0000e+00
281  0.0000e+00
282  0.0000e+00
283  0.0000e+00
284  0.0000e+00
285  0.0000e+00
286  0.0000e+00
287  0.0000e+00
288  0.0000e+00
289  0.0000e+00
290  0.0000e+00
291  0.0000e+00
292  0.0000e+00
293  0.0000e+00
294  0.0000e+00
295  0.0000e+00
296  0.0000e+00
297  0.0000e+00
298  0.0000e+00
299  0.0000e+00
300  0.0000e+00
301  0.0000e+00
302  0.0000e+00
303  0.0000e+00
304  0.0000e+00
305  0.0000e+00
306  0.0000e+00
307  0.0000e+00
308  0.0000e+00
309  0.0000e+00
310  0.0000e+00
311  0.0000e+00
312  0.0000e+00
313  0.0000e+00
314  0.0000e+00
315  0.0000e+00
316  0.0000e+00
317  0.0000e+00
318  0.0000e+00
319  0.0000e+00
320  0.0000e+00
321  0.0000e+00
322  0.0000e+00
323  0.0000e+00
324  0.0000e+00
325  0.0000e+00
326  0.0000e+00
327  0.0000e+00
328  0.0000e+00
329  0.0000e+00
330  0.0000e+00
331  0.0000e+00
332  0.0000e+00
333  0.0000e+00
334  0.0000e+00
335  0.0000e+00
336  0.0000e+00
337  0.0000e+00

