337
time(s) = 1000000000000 t9 = 7.7304231878105051e-13 rho(g/cc) = 3.0374999999997276e-24 
0  0.0000e+00
1  1.1019e-05
2  6.8726e-11
3  3.5331e-13
4  4.8811e-05
5  0.0000e+00
6  2.8624e-30
7  2.1367e-11
8  3.1960e-06
9  8.8579e-15
10  3.0281e-09
11  1.3901e-12
12  1.2382e-06
13  2.5621e-08
14  1.5978e-04
15  7.9444e-03
16  1.1546e-04
17  1.5872e-06
18  1.7623e-03
19  2.4115e-03
20  3.9199e-04
21  3.9049e-06
22  1.5633e-03
23  3.6843e-05
24  2.2383e-05
25  6.5833e-05
26  6.9330e-05
27  1.1270e-05
28  4.6742e-05
29  1.4446e-05
30  1.1341e-05
31  3.9867e-06
32  2.7861e-05
33  1.4024e-05
34  1.7431e-05
35  1.4743e-05
36  1.3266e-05
37  2.3638e-06
38  1.9381e-06
39  5.5288e-07
40  2.6394e-06
41  8.0053e-06
42  6.7890e-06
43  1.0288e-05
44  2.7103e-05
45  2.7399e-05
46  3.8455e-05
47  3.8345e-05
48  1.8859e-05
49  7.5621e-06
50  6.1355e-06
51  1.2149e-05
52  1.2836e-05
53  4.7586e-06
54  7.8777e-06
55  1.3377e-06
56  3.4242e-06
57  2.1536e-06
58  4.7810e-06
59  1.2067e-06
60  2.4203e-06
61  1.3123e-06
62  3.4438e-06
63  1.3128e-06
64  3.0620e-06
65  1.3943e-06
66  2.5213e-06
67  1.5644e-06
68  2.5866e-06
69  1.2092e-06
70  1.0731e-06
71  8.6920e-07
72  1.2775e-06
73  1.1238e-06
74  1.2592e-06
75  2.1031e-06
76  7.2340e-06
77  2.9344e-05
78  4.1665e-05
79  3.6809e-05
80  2.7023e-05
81  1.7018e-05
82  1.3811e-05
83  6.1937e-06
84  3.0188e-06
85  1.7349e-06
86  1.6575e-06
87  1.3955e-06
88  1.1607e-06
89  1.2160e-06
90  1.5959e-06
91  1.2936e-06
92  1.2628e-06
93  5.0633e-07
94  9.5523e-07
95  1.0649e-06
96  1.0754e-06
97  1.2642e-06
98  6.5321e-07
99  4.4404e-07
100  8.1525e-07
101  3.9530e-07
102  5.6394e-07
103  3.5239e-07
104  3.7501e-07
105  3.6801e-07
106  1.2002e-06
107  6.3486e-07
108  8.4250e-07
109  1.0550e-06
110  1.6088e-06
111  7.4317e-07
112  8.6661e-07
113  4.1519e-07
114  1.7573e-06
115  3.8468e-07
116  8.4497e-07
117  2.1625e-07
118  6.8763e-07
119  3.9629e-07
120  2.6559e-06
121  2.6434e-06
122  5.4031e-06
123  2.3911e-06
124  2.2171e-06
125  2.0697e-06
126  9.0939e-06
127  1.4370e-05
128  5.2900e-05
129  7.0749e-05
130  8.4276e-05
131  1.1419e-04
132  2.1343e-04
133  2.3635e-04
134  2.0609e-04
135  1.3385e-04
136  2.0642e-04
137  9.9681e-05
138  7.0083e-05
139  2.6555e-05
140  2.8396e-05
141  1.8860e-05
142  1.1826e-05
143  1.2049e-05
144  1.1018e-05
145  8.1878e-06
146  1.5897e-05
147  1.5411e-05
148  4.3778e-05
149  3.3495e-05
150  5.4066e-05
151  6.3398e-05
152  1.5734e-04
153  6.0940e-05
154  1.5080e-04
155  1.1557e-04
156  1.2452e-04
157  1.1620e-04
158  1.3140e-04
159  3.8763e-05
160  1.0549e-04
161  1.2576e-04
162  9.9826e-05
163  1.2813e-04
164  9.1296e-05
165  9.5838e-05
166  5.2707e-05
167  4.6088e-05
168  3.1255e-05
169  1.8885e-05
170  1.2989e-05
171  5.8390e-06
172  8.4758e-06
173  5.0986e-06
174  9.9523e-06
175  5.8117e-06
176  6.3329e-06
177  6.0923e-06
178  3.6214e-06
179  5.4937e-06
180  3.9411e-06
181  3.9226e-06
182  4.2310e-06
183  2.5207e-06
184  3.2448e-06
185  1.4052e-06
186  2.2532e-06
187  6.8203e-07
188  6.5357e-07
189  2.9568e-07
190  4.7379e-07
191  2.8531e-07
192  8.7893e-07
193  1.3120e-06
194  1.0699e-05
195  1.8898e-05
196  5.6133e-05
197  3.1018e-05
198  8.2143e-05
199  2.0105e-05
200  4.3585e-06
201  4.1437e-07
202  1.1012e-07
203  3.9038e-08
204  1.8462e-08
205  8.9668e-09
206  2.1348e-07
207  2.2673e-07
208  1.7939e-07
209  2.2075e-07
210  1.1296e-09
211  8.2588e-16
212  5.8385e-15
213  6.7184e-16
214  7.3626e-16
215  1.9595e-21
216  6.9180e-21
217  3.0947e-21
218  1.2770e-17
219  3.1564e-19
220  2.6711e-18
221  2.7350e-17
222  2.2686e-14
223  7.8760e-14
224  1.5073e-14
225  8.4203e-14
226  3.4693e-09
227  3.7787e-09
228  4.8042e-08
229  2.3812e-08
230  1.6518e-07
231  7.8554e-08
232  3.0659e-07
233  3.6435e-07
234  7.8854e-07
235  3.6757e-06
236  5.8744e-06
237  5.4710e-06
238  2.5978e-06
239  3.5174e-06
240  1.8095e-07
241  5.3234e-06
242  6.6574e-06
243  8.4221e-07
244  3.0147e-06
245  3.7172e-07
246  7.1736e-08
247  2.6728e-06
248  3.9527e-06
249  1.8107e-25
250  6.9526e-08
251  4.3778e-15
252  1.2211e-40
253  -3.1836e-318
254  -6.6207e-317
255  -4.7756e-320
256  7.8304e-320
257  0.0000e+00
258  0.0000e+00
259  0.0000e+00
260  0.0000e+00
261  0.0000e+00
262  0.0000e+00
263  0.0000e+00
264  0.0000e+00
265  0.0000e+00
266  0.0000e+00
267  2.9501e-320
268  2.1911e-36
269  2.3839e-35
270  2.1238e-34
271  2.5643e-46
272  1.5119e-05
273  4.0505e-04
274  1.3234e-18
275  5.4580e-16
276  2.5653e-11
277  2.9652e-20
278  0.0000e+00
279  0.0000e+00
280  0.0000e+00
281  0.0000e+00
282  0.0000e+00
283  0.0000e+00
284  0.0000e+00
285  0.0000e+00
286  0.0000e+00
287  0.0000e+00
288  0.0000e+00
289  0.0000e+00
290  0.0000e+00
291  0.0000e+00
292  0.0000e+00
293  0.0000e+00
294  0.0000e+00
295  0.0000e+00
296  0.0000e+00
297  0.0000e+00
298  0.0000e+00
299  0.0000e+00
300  0.0000e+00
301  0.0000e+00
302  0.0000e+00
303  0.0000e+00
304  0.0000e+00
305  0.0000e+00
306  0.0000e+00
307  0.0000e+00
308  0.0000e+00
309  8.7778e-26
310  1.5871e-05
311  2.1164e-06
312  9.6347e-08
313  3.0901e-09
314  1.0636e-10
315  1.6887e-12
316  1.1110e-13
317  7.3253e-16
318  7.1272e-17
319  1.6236e-19
320  4.7406e-21
321  3.1894e-24
322  7.5674e-26
323  0.0000e+00
324  0.0000e+00
325  0.0000e+00
326  0.0000e+00
327  0.0000e+00
328  0.0000e+00
329  0.0000e+00
330  0.0000e+00
331  0.0000e+00
332  0.0000e+00
333  0.0000e+00
334  0.0000e+00
335  0.0000e+00
336  0.0000e+00
337  0.0000e+00

