337
time(s) = 1000000000000 t9 = 1.1812474314771721e-12 rho(g/cc) = 1.0837499999998157e-23 
0  0.0000e+00
1  6.5305e-12
2  1.9696e-16
3  7.8245e-22
4  1.4407e-13
5  0.0000e+00
6  2.7189e-33
7  1.3755e-20
8  6.9447e-07
9  3.3700e-25
10  9.5988e-20
11  2.1405e-24
12  6.6794e-29
13  9.1305e-71
14  1.6643e-76
15  0.0000e+00
16  0.0000e+00
17  0.0000e+00
18  0.0000e+00
19  0.0000e+00
20  0.0000e+00
21  0.0000e+00
22  0.0000e+00
23  0.0000e+00
24  0.0000e+00
25  0.0000e+00
26  4.1464e-105
27  0.0000e+00
28  1.8219e-81
29  2.3746e-26
30  5.0250e-23
31  1.0182e-24
32  2.1506e-25
33  1.0450e-23
34  2.7123e-20
35  6.0564e-21
36  1.5818e-20
37  7.4831e-21
38  4.6537e-21
39  1.4587e-21
40  8.3690e-18
41  9.0874e-20
42  2.8258e-17
43  6.2138e-17
44  2.0496e-17
45  4.1354e-17
46  7.2819e-14
47  3.6117e-14
48  1.4000e-14
49  7.6461e-16
50  9.6732e-13
51  1.2862e-14
52  8.4886e-16
53  1.2050e-15
54  4.8983e-14
55  3.8214e-16
56  1.6942e-15
57  1.0056e-15
58  1.5014e-14
59  6.4497e-15
60  6.2437e-12
61  1.1988e-12
62  4.8975e-12
63  8.6668e-13
64  3.6426e-12
65  3.2668e-12
66  4.5443e-09
67  5.0973e-10
68  3.0877e-09
69  1.8063e-09
70  4.5881e-07
71  4.2797e-08
72  1.2189e-04
73  4.7341e-05
74  3.0032e-04
75  3.9158e-05
76  1.0544e-04
77  4.0060e-04
78  1.3482e-04
79  7.0285e-05
80  1.7150e-03
81  2.6611e-04
82  2.6107e-05
83  2.5552e-07
84  2.5150e-09
85  1.8844e-10
86  5.7487e-10
87  3.1555e-10
88  1.2801e-09
89  7.7219e-11
90  1.8565e-09
91  5.9859e-10
92  7.9289e-09
93  1.7559e-09
94  2.4425e-09
95  4.9403e-09
96  4.9243e-09
97  7.4386e-09
98  1.0745e-06
99  2.5953e-07
100  8.3975e-08
101  2.1941e-07
102  6.6104e-07
103  1.0079e-07
104  5.5211e-07
105  5.0658e-07
106  9.9291e-08
107  7.2312e-08
108  2.2186e-07
109  9.9484e-08
110  2.6737e-07
111  2.9622e-07
112  4.6875e-07
113  3.4148e-07
114  5.2442e-05
115  8.1970e-06
116  2.0821e-05
117  2.3947e-05
118  1.4508e-05
119  7.8666e-06
120  4.2179e-05
121  5.4117e-05
122  4.6387e-04
123  1.1296e-04
124  1.2202e-04
125  1.0720e-04
126  3.9096e-04
127  1.6300e-04
128  1.7277e-04
129  3.5323e-04
130  2.1090e-03
131  8.7565e-04
132  7.1084e-04
133  2.8990e-06
134  3.6270e-09
135  6.6144e-12
136  8.9969e-15
137  1.7483e-17
138  1.1223e-19
139  2.2827e-21
140  1.7163e-23
141  3.9254e-25
142  1.9169e-39
143  3.2866e-30
144  1.9074e-27
145  8.2328e-35
146  8.1952e-40
147  0.0000e+00
148  0.0000e+00
149  0.0000e+00
150  0.0000e+00
151  0.0000e+00
152  0.0000e+00
153  0.0000e+00
154  0.0000e+00
155  0.0000e+00
156  0.0000e+00
157  0.0000e+00
158  0.0000e+00
159  0.0000e+00
160  0.0000e+00
161  0.0000e+00
162  0.0000e+00
163  0.0000e+00
164  0.0000e+00
165  0.0000e+00
166  0.0000e+00
167  0.0000e+00
168  0.0000e+00
169  0.0000e+00
170  0.0000e+00
171  0.0000e+00
172  0.0000e+00
173  0.0000e+00
174  0.0000e+00
175  0.0000e+00
176  0.0000e+00
177  0.0000e+00
178  0.0000e+00
179  0.0000e+00
180  0.0000e+00
181  0.0000e+00
182  0.0000e+00
183  0.0000e+00
184  0.0000e+00
185  0.0000e+00
186  0.0000e+00
187  0.0000e+00
188  0.0000e+00
189  0.0000e+00
190  0.0000e+00
191  0.0000e+00
192  0.0000e+00
193  0.0000e+00
194  0.0000e+00
195  0.0000e+00
196  0.0000e+00
197  0.0000e+00
198  0.0000e+00
199  0.0000e+00
200  0.0000e+00
201  0.0000e+00
202  0.0000e+00
203  0.0000e+00
204  0.0000e+00
205  2.1804e-38
206  1.4508e-22
207  4.5421e-23
208  7.4962e-23
209  2.5526e-23
210  1.2135e-24
211  1.2288e-32
212  1.0258e-24
213  5.6187e-24
214  8.0425e-24
215  7.6229e-24
216  2.3909e-36
217  1.6922e-30
218  4.8705e-28
219  1.4434e-30
220  6.9492e-43
221  1.0218e-40
222  1.3385e-29
223  2.0522e-24
224  1.1714e-24
225  4.5216e-24
226  2.0469e-24
227  1.7557e-24
228  5.4950e-24
229  8.2983e-24
230  9.7011e-23
231  3.4372e-23
232  2.4826e-22
233  1.6407e-22
234  4.0278e-22
235  3.2920e-22
236  2.6168e-22
237  2.0102e-22
238  6.5750e-23
239  1.3635e-22
240  6.0166e-24
241  1.2916e-22
242  5.3000e-23
243  8.4624e-24
244  6.7791e-23
245  6.6174e-24
246  3.7515e-25
247  8.1060e-24
248  5.9789e-24
249  3.2939e-38
250  4.1719e-30
251  3.6244e-32
252  5.5320e-195
253  0.0000e+00
254  0.0000e+00
255  0.0000e+00
256  0.0000e+00
257  0.0000e+00
258  0.0000e+00
259  0.0000e+00
260  0.0000e+00
261  0.0000e+00
262  0.0000e+00
263  0.0000e+00
264  0.0000e+00
265  0.0000e+00
266  0.0000e+00
267  0.0000e+00
268  2.4328e-30
269  0.0000e+00
270  0.0000e+00
271  2.0112e-30
272  5.8137e-25
273  0.0000e+00
274  0.0000e+00
275  1.1618e-25
276  0.0000e+00
277  0.0000e+00
278  0.0000e+00
279  0.0000e+00
280  0.0000e+00
281  0.0000e+00
282  0.0000e+00
283  0.0000e+00
284  0.0000e+00
285  0.0000e+00
286  0.0000e+00
287  0.0000e+00
288  0.0000e+00
289  0.0000e+00
290  0.0000e+00
291  0.0000e+00
292  0.0000e+00
293  0.0000e+00
294  0.0000e+00
295  0.0000e+00
296  0.0000e+00
297  0.0000e+00
298  0.0000e+00
299  0.0000e+00
300  0.0000e+00
301  0.0000e+00
302  0.0000e+00
303  0.0000e+00
304  0.0000e+00
305  0.0000e+00
306  0.0000e+00
307  0.0000e+00
308  0.0000e+00
309  0.0000e+00
310  0.0000e+00
311  0.0000e+00
312  0.0000e+00
313  0.0000e+00
314  0.0000e+00
315  0.0000e+00
316  0.0000e+00
317  0.0000e+00
318  0.0000e+00
319  0.0000e+00
320  0.0000e+00
321  0.0000e+00
322  0.0000e+00
323  0.0000e+00
324  0.0000e+00
325  0.0000e+00
326  0.0000e+00
327  0.0000e+00
328  0.0000e+00
329  0.0000e+00
330  0.0000e+00
331  0.0000e+00
332  0.0000e+00
333  0.0000e+00
334  0.0000e+00
335  0.0000e+00
336  0.0000e+00
337  0.0000e+00

