337
time(s) = 1000000000000 t9 = 7.1466347636933398e-13 rho(g/cc) = 2.3999999999998081e-24 
0  0.0000e+00
1  1.0204e-05
2  4.0874e-08
3  1.1112e-10
4  2.3964e-05
5  0.0000e+00
6  1.0206e-24
7  2.2927e-11
8  2.4446e-06
9  6.7032e-09
10  2.3303e-09
11  1.3164e-11
12  1.3545e-06
13  3.6550e-08
14  5.4073e-06
15  7.7217e-03
16  1.4260e-04
17  2.2247e-06
18  1.6567e-03
19  2.3065e-03
20  4.8202e-04
21  1.5849e-05
22  6.1957e-04
23  3.7558e-04
24  2.4649e-04
25  1.7419e-04
26  1.4590e-04
27  8.1013e-06
28  5.0034e-05
29  1.1578e-05
30  1.0981e-05
31  5.6728e-06
32  2.1397e-05
33  9.4418e-06
34  2.0557e-05
35  1.1109e-05
36  9.5294e-06
37  2.9464e-06
38  1.7440e-06
39  5.4033e-07
40  2.7639e-06
41  5.1494e-06
42  9.4446e-06
43  1.2060e-05
44  2.2181e-05
45  1.8443e-05
46  4.9359e-05
47  2.7543e-05
48  1.6238e-05
49  9.3254e-06
50  8.0279e-06
51  1.2404e-05
52  6.6026e-06
53  6.2071e-06
54  1.0265e-05
55  1.5305e-06
56  2.6245e-06
57  9.2216e-07
58  3.3147e-06
59  9.3110e-07
60  1.6953e-06
61  6.4560e-07
62  2.4086e-06
63  5.0595e-07
64  1.8784e-06
65  6.8723e-07
66  2.2812e-06
67  8.0702e-07
68  3.5306e-06
69  1.2488e-06
70  1.4313e-06
71  8.5706e-07
72  1.0726e-06
73  8.5444e-07
74  1.2245e-06
75  8.5019e-07
76  4.5524e-06
77  9.6578e-06
78  2.1381e-05
79  2.6426e-05
80  3.4111e-05
81  2.5434e-05
82  2.1483e-05
83  6.9101e-06
84  3.4334e-06
85  2.1462e-06
86  1.5533e-06
87  7.2772e-07
88  8.0456e-07
89  6.1208e-07
90  9.5944e-07
91  1.2354e-06
92  1.3862e-06
93  3.8331e-07
94  8.0215e-07
95  1.0418e-06
96  1.5283e-06
97  1.6072e-06
98  9.4045e-07
99  3.5531e-07
100  6.5726e-07
101  3.6785e-07
102  5.2814e-07
103  3.0506e-07
104  4.8168e-07
105  2.2306e-07
106  1.0525e-06
107  6.7210e-07
108  1.0149e-06
109  8.9167e-07
110  1.3139e-06
111  5.2765e-07
112  6.0360e-07
113  9.4305e-08
114  9.6169e-07
115  2.0408e-07
116  7.8596e-07
117  1.6371e-07
118  7.6259e-07
119  2.2367e-07
120  2.2369e-06
121  1.6460e-06
122  8.2982e-06
123  2.9988e-06
124  7.1657e-06
125  4.1901e-06
126  1.0282e-05
127  4.9073e-06
128  2.3309e-05
129  3.7384e-05
130  8.9813e-05
131  1.3396e-04
132  2.2774e-04
133  2.3935e-04
134  2.4272e-04
135  1.4654e-04
136  2.1493e-04
137  1.2008e-04
138  9.2687e-05
139  4.9381e-05
140  3.9409e-05
141  2.3421e-05
142  1.6820e-05
143  1.0397e-05
144  1.6222e-05
145  4.0995e-06
146  1.0375e-05
147  2.6404e-06
148  7.9015e-06
149  2.4311e-06
150  3.0719e-06
151  2.9809e-06
152  9.6112e-06
153  1.6893e-06
154  7.8830e-06
155  6.3567e-06
156  8.4843e-06
157  8.5581e-06
158  1.6911e-05
159  4.2783e-06
160  9.1047e-06
161  1.2568e-05
162  1.1991e-05
163  2.2502e-05
164  2.9163e-05
165  3.3316e-05
166  3.8040e-05
167  4.0321e-05
168  3.5953e-05
169  3.0109e-05
170  3.7079e-05
171  1.0833e-05
172  1.7147e-05
173  5.1535e-06
174  1.6796e-05
175  8.5076e-06
176  9.4230e-06
177  1.1750e-05
178  4.7179e-06
179  8.8316e-06
180  6.0431e-06
181  5.3348e-06
182  6.2646e-06
183  3.2371e-06
184  5.3962e-06
185  1.9282e-06
186  5.5232e-06
187  1.7296e-06
188  2.4706e-06
189  1.2541e-06
190  1.3619e-06
191  4.7050e-07
192  1.1264e-06
193  7.1743e-07
194  1.6979e-06
195  1.9011e-06
196  1.1182e-05
197  5.8850e-06
198  8.2776e-05
199  5.5239e-05
200  4.2321e-05
201  7.1925e-06
202  1.4110e-06
203  1.1058e-07
204  7.2062e-09
205  2.4925e-09
206  5.1051e-08
207  2.7888e-08
208  3.8675e-08
209  3.0078e-08
210  4.0571e-11
211  3.1505e-17
212  2.3549e-16
213  2.2628e-17
214  2.6422e-17
215  7.4749e-23
216  2.7903e-22
217  9.6216e-14
218  4.5826e-19
219  1.2040e-20
220  1.0774e-19
221  9.2116e-19
222  8.1412e-16
223  3.0044e-15
224  6.0795e-16
225  2.8360e-15
226  1.2450e-10
227  1.4414e-10
228  1.9377e-09
229  8.0200e-10
230  5.9120e-09
231  2.9977e-09
232  8.5023e-09
233  1.4565e-08
234  2.5905e-08
235  7.2021e-07
236  5.5948e-07
237  1.4024e-06
238  2.3911e-07
239  1.1778e-06
240  2.1680e-08
241  2.0482e-06
242  2.6052e-06
243  4.8718e-07
244  1.5552e-06
245  2.3666e-07
246  4.3503e-08
247  1.6992e-06
248  1.7883e-06
249  1.5261e-25
250  4.2965e-08
251  3.1744e-15
252  4.1772e-41
253  -6.6677e-318
254  7.5145e-317
255  1.9417e-320
256  -9.6807e-320
257  0.0000e+00
258  0.0000e+00
259  0.0000e+00
260  0.0000e+00
261  0.0000e+00
262  0.0000e+00
263  0.0000e+00
264  0.0000e+00
265  0.0000e+00
266  0.0000e+00
267  3.7638e-320
268  7.5133e-43
269  2.6918e-42
270  1.2328e-43
271  3.5774e-47
272  1.7438e-05
273  4.0511e-04
274  3.3289e-19
275  3.9198e-17
276  7.8945e-13
277  1.0926e-21
278  0.0000e+00
279  0.0000e+00
280  0.0000e+00
281  0.0000e+00
282  0.0000e+00
283  0.0000e+00
284  0.0000e+00
285  0.0000e+00
286  0.0000e+00
287  0.0000e+00
288  0.0000e+00
289  0.0000e+00
290  0.0000e+00
291  0.0000e+00
292  0.0000e+00
293  0.0000e+00
294  0.0000e+00
295  0.0000e+00
296  0.0000e+00
297  0.0000e+00
298  0.0000e+00
299  0.0000e+00
300  0.0000e+00
301  0.0000e+00
302  0.0000e+00
303  0.0000e+00
304  0.0000e+00
305  0.0000e+00
306  0.0000e+00
307  0.0000e+00
308  0.0000e+00
309  8.0545e-26
310  5.6483e-04
311  1.7979e-04
312  3.4305e-05
313  4.2153e-06
314  5.8989e-07
315  3.3447e-08
316  9.0282e-09
317  1.8741e-10
318  7.3105e-11
319  6.1779e-13
320  7.0980e-14
321  1.7257e-16
322  1.5788e-17
323  1.1159e-20
324  1.6991e-21
325  3.7364e-24
326  4.3647e-26
327  0.0000e+00
328  0.0000e+00
329  0.0000e+00
330  0.0000e+00
331  0.0000e+00
332  0.0000e+00
333  0.0000e+00
334  0.0000e+00
335  0.0000e+00
336  0.0000e+00
337  0.0000e+00

