337
time(s) = 1000000000000 t9 = 1.5275716931998022e-12 rho(g/cc) = 2.3437499999994139e-23 
0  0.0000e+00
1  7.6408e-13
2  4.8850e-18
3  1.0218e-21
4  1.4623e-14
5  0.0000e+00
6  7.0966e-31
7  8.8658e-21
8  7.1126e-07
9  8.2315e-25
10  9.9838e-20
11  1.2703e-23
12  1.0276e-27
13  1.1982e-70
14  1.2852e-75
15  0.0000e+00
16  0.0000e+00
17  0.0000e+00
18  0.0000e+00
19  0.0000e+00
20  0.0000e+00
21  0.0000e+00
22  0.0000e+00
23  0.0000e+00
24  0.0000e+00
25  0.0000e+00
26  0.0000e+00
27  0.0000e+00
28  0.0000e+00
29  0.0000e+00
30  0.0000e+00
31  0.0000e+00
32  3.1373e-46
33  2.5048e-31
34  6.8686e-23
35  3.7671e-25
36  9.0266e-25
37  5.4781e-24
38  2.6462e-22
39  7.6202e-25
40  2.9755e-20
41  1.0219e-21
42  4.8733e-21
43  9.3288e-20
44  1.3177e-17
45  5.6619e-19
46  1.7984e-15
47  1.7158e-15
48  1.9997e-13
49  1.6131e-15
50  2.7566e-13
51  5.9366e-15
52  2.0211e-15
53  5.2413e-17
54  5.5113e-14
55  2.9176e-16
56  9.9830e-17
57  4.4208e-16
58  1.9322e-13
59  1.1926e-14
60  1.2681e-12
61  1.2543e-13
62  9.5651e-14
63  1.6737e-13
64  3.0475e-11
65  4.2042e-12
66  9.5148e-10
67  8.2531e-11
68  6.2547e-10
69  2.0106e-10
70  2.0579e-06
71  4.7460e-08
72  8.8948e-06
73  2.2964e-06
74  9.3455e-07
75  1.3744e-05
76  2.7234e-05
77  7.4048e-06
78  6.2090e-04
79  4.4273e-05
80  2.5609e-04
81  2.6237e-04
82  1.8094e-04
83  2.4157e-06
84  3.3373e-08
85  5.5488e-10
86  2.9995e-10
87  5.8644e-11
88  2.2080e-10
89  1.1632e-11
90  6.4172e-12
91  4.1197e-11
92  3.7377e-11
93  1.9771e-10
94  1.7113e-09
95  1.7213e-10
96  3.2578e-08
97  5.5443e-09
98  1.8323e-07
99  6.7519e-08
100  2.0816e-08
101  7.2262e-09
102  1.1555e-07
103  1.1871e-08
104  3.2340e-09
105  1.0722e-08
106  1.2940e-08
107  1.5459e-09
108  1.3333e-08
109  1.5319e-08
110  7.7873e-09
111  1.4511e-08
112  2.0057e-07
113  5.9368e-08
114  4.0747e-07
115  1.9090e-07
116  5.2299e-07
117  4.2937e-07
118  6.4393e-05
119  6.2744e-06
120  4.1409e-05
121  9.4422e-06
122  8.4695e-06
123  7.5978e-06
124  2.9814e-06
125  1.2946e-05
126  6.1523e-05
127  8.4850e-05
128  1.3957e-03
129  6.0524e-04
130  1.0688e-03
131  8.3031e-04
132  2.5972e-03
133  1.5857e-05
134  2.3848e-08
135  2.5825e-11
136  2.1264e-14
137  2.7108e-17
138  1.1811e-19
139  1.2266e-21
140  5.0031e-24
141  0.0000e+00
142  0.0000e+00
143  0.0000e+00
144  0.0000e+00
145  0.0000e+00
146  0.0000e+00
147  0.0000e+00
148  0.0000e+00
149  0.0000e+00
150  0.0000e+00
151  0.0000e+00
152  0.0000e+00
153  0.0000e+00
154  0.0000e+00
155  0.0000e+00
156  0.0000e+00
157  0.0000e+00
158  0.0000e+00
159  0.0000e+00
160  0.0000e+00
161  0.0000e+00
162  0.0000e+00
163  0.0000e+00
164  0.0000e+00
165  0.0000e+00
166  0.0000e+00
167  0.0000e+00
168  0.0000e+00
169  0.0000e+00
170  0.0000e+00
171  0.0000e+00
172  0.0000e+00
173  0.0000e+00
174  0.0000e+00
175  0.0000e+00
176  0.0000e+00
177  0.0000e+00
178  0.0000e+00
179  0.0000e+00
180  0.0000e+00
181  0.0000e+00
182  0.0000e+00
183  0.0000e+00
184  0.0000e+00
185  0.0000e+00
186  0.0000e+00
187  0.0000e+00
188  0.0000e+00
189  0.0000e+00
190  0.0000e+00
191  0.0000e+00
192  0.0000e+00
193  0.0000e+00
194  0.0000e+00
195  0.0000e+00
196  0.0000e+00
197  0.0000e+00
198  0.0000e+00
199  0.0000e+00
200  0.0000e+00
201  0.0000e+00
202  0.0000e+00
203  0.0000e+00
204  0.0000e+00
205  0.0000e+00
206  0.0000e+00
207  0.0000e+00
208  0.0000e+00
209  0.0000e+00
210  0.0000e+00
211  0.0000e+00
212  0.0000e+00
213  0.0000e+00
214  0.0000e+00
215  0.0000e+00
216  0.0000e+00
217  0.0000e+00
218  0.0000e+00
219  0.0000e+00
220  0.0000e+00
221  0.0000e+00
222  0.0000e+00
223  0.0000e+00
224  0.0000e+00
225  0.0000e+00
226  0.0000e+00
227  0.0000e+00
228  0.0000e+00
229  0.0000e+00
230  0.0000e+00
231  0.0000e+00
232  0.0000e+00
233  0.0000e+00
234  0.0000e+00
235  0.0000e+00
236  0.0000e+00
237  0.0000e+00
238  0.0000e+00
239  0.0000e+00
240  0.0000e+00
241  0.0000e+00
242  0.0000e+00
243  0.0000e+00
244  0.0000e+00
245  0.0000e+00
246  0.0000e+00
247  0.0000e+00
248  0.0000e+00
249  0.0000e+00
250  0.0000e+00
251  0.0000e+00
252  0.0000e+00
253  0.0000e+00
254  0.0000e+00
255  0.0000e+00
256  0.0000e+00
257  0.0000e+00
258  0.0000e+00
259  0.0000e+00
260  0.0000e+00
261  0.0000e+00
262  0.0000e+00
263  0.0000e+00
264  0.0000e+00
265  0.0000e+00
266  0.0000e+00
267  0.0000e+00
268  0.0000e+00
269  0.0000e+00
270  0.0000e+00
271  0.0000e+00
272  0.0000e+00
273  0.0000e+00
274  0.0000e+00
275  0.0000e+00
276  0.0000e+00
277  0.0000e+00
278  0.0000e+00
279  0.0000e+00
280  0.0000e+00
281  0.0000e+00
282  0.0000e+00
283  0.0000e+00
284  0.0000e+00
285  0.0000e+00
286  0.0000e+00
287  0.0000e+00
288  0.0000e+00
289  0.0000e+00
290  0.0000e+00
291  0.0000e+00
292  0.0000e+00
293  0.0000e+00
294  0.0000e+00
295  0.0000e+00
296  0.0000e+00
297  0.0000e+00
298  0.0000e+00
299  0.0000e+00
300  0.0000e+00
301  0.0000e+00
302  0.0000e+00
303  0.0000e+00
304  0.0000e+00
305  0.0000e+00
306  0.0000e+00
307  0.0000e+00
308  0.0000e+00
309  0.0000e+00
310  0.0000e+00
311  0.0000e+00
312  0.0000e+00
313  0.0000e+00
314  0.0000e+00
315  0.0000e+00
316  0.0000e+00
317  0.0000e+00
318  0.0000e+00
319  0.0000e+00
320  0.0000e+00
321  0.0000e+00
322  0.0000e+00
323  0.0000e+00
324  0.0000e+00
325  0.0000e+00
326  0.0000e+00
327  0.0000e+00
328  0.0000e+00
329  0.0000e+00
330  0.0000e+00
331  0.0000e+00
332  0.0000e+00
333  0.0000e+00
334  0.0000e+00
335  0.0000e+00
336  0.0000e+00
337  0.0000e+00

