337
time(s) = 1000000000000 t9 = 1.2271281900489387e-12 rho(g/cc) = 1.2149999999997813e-23 
0  0.0000e+00
1  6.3340e-12
2  2.0039e-16
3  8.2262e-22
4  1.1534e-13
5  0.0000e+00
6  3.7131e-33
7  1.4324e-20
8  6.7522e-07
9  3.8315e-25
10  9.5284e-20
11  2.0199e-24
12  3.8939e-29
13  2.4203e-27
14  2.0698e-25
15  5.6961e-69
16  0.0000e+00
17  0.0000e+00
18  3.4516e-111
19  0.0000e+00
20  0.0000e+00
21  0.0000e+00
22  0.0000e+00
23  0.0000e+00
24  0.0000e+00
25  0.0000e+00
26  0.0000e+00
27  0.0000e+00
28  8.0823e-82
29  2.7867e-27
30  1.7354e-23
31  5.3980e-25
32  7.2567e-27
33  3.9996e-24
34  1.2682e-20
35  1.9933e-21
36  5.3104e-21
37  3.2546e-21
38  2.0831e-21
39  4.4253e-22
40  4.4139e-18
41  4.6041e-20
42  1.0838e-17
43  3.4270e-17
44  1.1612e-17
45  1.6368e-17
46  4.5531e-14
47  2.6132e-14
48  1.6950e-14
49  5.5208e-16
50  8.1819e-13
51  1.1333e-14
52  6.2393e-16
53  6.9718e-16
54  3.9473e-14
55  3.0032e-16
56  9.5637e-16
57  8.8708e-16
58  2.1557e-14
59  8.0186e-15
60  6.1359e-12
61  1.0172e-12
62  3.3271e-12
63  7.8649e-13
64  4.1832e-12
65  3.3556e-12
66  4.3416e-09
67  4.4358e-10
68  2.1295e-09
69  1.5156e-09
70  7.5046e-07
71  6.4073e-08
72  1.3367e-04
73  3.8835e-05
74  2.2691e-04
75  4.2768e-05
76  9.8049e-05
77  3.7146e-04
78  2.0567e-04
79  8.7367e-05
80  2.1049e-03
81  3.6481e-04
82  4.0565e-05
83  4.2561e-07
84  4.0814e-09
85  2.3217e-10
86  4.8503e-10
87  1.8416e-10
88  1.0926e-09
89  6.3230e-11
90  1.0819e-09
91  3.0475e-10
92  3.1440e-09
93  1.0402e-09
94  1.4843e-09
95  2.5304e-09
96  4.1416e-09
97  5.0360e-09
98  7.2786e-07
99  1.8787e-07
100  5.4616e-08
101  1.3022e-07
102  4.9066e-07
103  7.5357e-08
104  2.7818e-07
105  2.9838e-07
106  6.1123e-08
107  3.2420e-08
108  1.6590e-07
109  7.4850e-08
110  1.4637e-07
111  1.7603e-07
112  3.6688e-07
113  2.3364e-07
114  2.7089e-05
115  4.3434e-06
116  7.8130e-06
117  1.2895e-05
118  9.8632e-06
119  3.5890e-06
120  6.1862e-05
121  6.1141e-05
122  4.7552e-04
123  1.1261e-04
124  8.5906e-05
125  7.3815e-05
126  1.9928e-04
127  1.2231e-04
128  1.6794e-04
129  3.3479e-04
130  1.9770e-03
131  9.0151e-04
132  8.4634e-04
133  3.7566e-06
134  5.0002e-09
135  8.8894e-12
136  1.1610e-14
137  2.1265e-17
138  1.2641e-19
139  2.4786e-21
140  1.8675e-23
141  2.4728e-25
142  0.0000e+00
143  0.0000e+00
144  0.0000e+00
145  0.0000e+00
146  0.0000e+00
147  0.0000e+00
148  0.0000e+00
149  0.0000e+00
150  0.0000e+00
151  0.0000e+00
152  0.0000e+00
153  0.0000e+00
154  0.0000e+00
155  0.0000e+00
156  0.0000e+00
157  0.0000e+00
158  0.0000e+00
159  0.0000e+00
160  0.0000e+00
161  0.0000e+00
162  0.0000e+00
163  0.0000e+00
164  0.0000e+00
165  0.0000e+00
166  0.0000e+00
167  0.0000e+00
168  0.0000e+00
169  0.0000e+00
170  0.0000e+00
171  0.0000e+00
172  0.0000e+00
173  0.0000e+00
174  0.0000e+00
175  0.0000e+00
176  0.0000e+00
177  0.0000e+00
178  0.0000e+00
179  0.0000e+00
180  0.0000e+00
181  0.0000e+00
182  0.0000e+00
183  0.0000e+00
184  0.0000e+00
185  0.0000e+00
186  0.0000e+00
187  0.0000e+00
188  0.0000e+00
189  0.0000e+00
190  0.0000e+00
191  0.0000e+00
192  0.0000e+00
193  0.0000e+00
194  0.0000e+00
195  0.0000e+00
196  0.0000e+00
197  0.0000e+00
198  0.0000e+00
199  0.0000e+00
200  0.0000e+00
201  0.0000e+00
202  0.0000e+00
203  0.0000e+00
204  0.0000e+00
205  0.0000e+00
206  0.0000e+00
207  0.0000e+00
208  0.0000e+00
209  0.0000e+00
210  0.0000e+00
211  0.0000e+00
212  0.0000e+00
213  0.0000e+00
214  0.0000e+00
215  0.0000e+00
216  0.0000e+00
217  0.0000e+00
218  0.0000e+00
219  0.0000e+00
220  0.0000e+00
221  0.0000e+00
222  0.0000e+00
223  0.0000e+00
224  0.0000e+00
225  0.0000e+00
226  0.0000e+00
227  0.0000e+00
228  0.0000e+00
229  0.0000e+00
230  0.0000e+00
231  0.0000e+00
232  0.0000e+00
233  0.0000e+00
234  0.0000e+00
235  0.0000e+00
236  0.0000e+00
237  0.0000e+00
238  0.0000e+00
239  0.0000e+00
240  0.0000e+00
241  0.0000e+00
242  0.0000e+00
243  0.0000e+00
244  0.0000e+00
245  0.0000e+00
246  0.0000e+00
247  0.0000e+00
248  0.0000e+00
249  0.0000e+00
250  0.0000e+00
251  0.0000e+00
252  0.0000e+00
253  0.0000e+00
254  0.0000e+00
255  0.0000e+00
256  0.0000e+00
257  0.0000e+00
258  0.0000e+00
259  0.0000e+00
260  0.0000e+00
261  0.0000e+00
262  0.0000e+00
263  0.0000e+00
264  0.0000e+00
265  0.0000e+00
266  0.0000e+00
267  0.0000e+00
268  0.0000e+00
269  0.0000e+00
270  0.0000e+00
271  0.0000e+00
272  0.0000e+00
273  0.0000e+00
274  0.0000e+00
275  0.0000e+00
276  0.0000e+00
277  0.0000e+00
278  0.0000e+00
279  0.0000e+00
280  0.0000e+00
281  0.0000e+00
282  0.0000e+00
283  0.0000e+00
284  0.0000e+00
285  0.0000e+00
286  0.0000e+00
287  0.0000e+00
288  0.0000e+00
289  0.0000e+00
290  0.0000e+00
291  0.0000e+00
292  0.0000e+00
293  0.0000e+00
294  0.0000e+00
295  0.0000e+00
296  0.0000e+00
297  0.0000e+00
298  0.0000e+00
299  0.0000e+00
300  0.0000e+00
301  0.0000e+00
302  0.0000e+00
303  0.0000e+00
304  0.0000e+00
305  0.0000e+00
306  0.0000e+00
307  0.0000e+00
308  0.0000e+00
309  0.0000e+00
310  0.0000e+00
311  0.0000e+00
312  0.0000e+00
313  0.0000e+00
314  0.0000e+00
315  0.0000e+00
316  0.0000e+00
317  0.0000e+00
318  0.0000e+00
319  0.0000e+00
320  0.0000e+00
321  0.0000e+00
322  0.0000e+00
323  0.0000e+00
324  0.0000e+00
325  0.0000e+00
326  0.0000e+00
327  0.0000e+00
328  0.0000e+00
329  0.0000e+00
330  0.0000e+00
331  0.0000e+00
332  0.0000e+00
333  0.0000e+00
334  0.0000e+00
335  0.0000e+00
336  0.0000e+00
337  0.0000e+00

