337
time(s) = 1000000000000 t9 = 1.4865599361218087e-12 rho(g/cc) = 2.1599999999994814e-23 
0  0.0000e+00
1  1.2218e-12
2  1.1446e-17
3  1.0070e-21
4  2.1995e-14
5  0.0000e+00
6  2.2996e-31
7  1.0025e-20
8  6.9754e-07
9  7.5855e-25
10  9.8801e-20
11  1.9464e-24
12  7.4106e-29
13  2.6475e-26
14  1.4669e-24
15  4.9541e-68
16  0.0000e+00
17  0.0000e+00
18  2.9677e-110
19  0.0000e+00
20  0.0000e+00
21  0.0000e+00
22  0.0000e+00
23  0.0000e+00
24  0.0000e+00
25  0.0000e+00
26  0.0000e+00
27  0.0000e+00
28  0.0000e+00
29  0.0000e+00
30  0.0000e+00
31  0.0000e+00
32  8.9379e-45
33  1.4945e-30
34  1.0525e-22
35  9.0203e-25
36  2.3389e-24
37  1.0429e-23
38  2.7616e-22
39  9.2684e-25
40  5.2011e-20
41  1.2352e-21
42  1.1300e-20
43  1.9216e-19
44  1.0509e-17
45  5.5718e-19
46  2.4850e-15
47  2.1886e-15
48  1.4336e-13
49  1.3442e-15
50  3.2206e-13
51  5.8029e-15
52  1.0474e-15
53  3.9291e-17
54  4.4939e-14
55  2.4217e-16
56  1.0141e-16
57  4.9097e-16
58  1.6386e-13
59  1.2592e-14
60  1.7927e-12
61  1.6611e-13
62  1.2851e-13
63  2.3896e-13
64  2.4303e-11
65  4.2093e-12
66  1.2955e-09
67  1.0379e-10
68  4.7504e-10
69  2.5251e-10
70  2.4201e-06
71  6.5779e-08
72  1.7217e-05
73  2.7752e-06
74  2.0845e-06
75  2.3342e-05
76  2.4562e-05
77  1.4322e-05
78  8.3577e-04
79  6.7511e-05
80  5.4036e-04
81  3.6704e-04
82  1.7788e-04
83  2.2399e-06
84  2.8535e-08
85  5.6102e-10
86  3.5499e-10
87  5.8002e-11
88  2.4226e-10
89  9.9842e-12
90  9.8665e-12
91  3.0513e-11
92  3.8869e-11
93  2.6347e-10
94  8.0065e-10
95  1.1607e-10
96  2.3289e-08
97  4.7216e-09
98  2.1639e-07
99  7.6487e-08
100  2.1143e-08
101  1.0392e-08
102  1.3037e-07
103  1.4074e-08
104  5.0196e-09
105  1.6053e-08
106  1.2520e-08
107  1.7262e-09
108  2.0072e-08
109  1.6409e-08
110  8.5065e-09
111  1.9721e-08
112  1.7251e-07
113  5.6726e-08
114  5.8778e-07
115  2.3397e-07
116  4.5809e-07
117  6.7349e-07
118  7.3516e-05
119  7.9868e-06
120  7.7070e-05
121  1.9359e-05
122  2.4972e-05
123  9.5559e-06
124  3.5041e-06
125  1.7190e-05
126  3.5034e-05
127  6.3462e-05
128  1.0931e-03
129  5.4861e-04
130  1.2681e-03
131  9.1652e-04
132  2.2507e-03
133  1.2993e-05
134  1.9148e-08
135  2.3150e-11
136  2.0782e-14
137  2.7502e-17
138  1.2295e-19
139  1.4344e-21
140  6.5963e-24
141  0.0000e+00
142  0.0000e+00
143  0.0000e+00
144  0.0000e+00
145  0.0000e+00
146  0.0000e+00
147  0.0000e+00
148  0.0000e+00
149  0.0000e+00
150  0.0000e+00
151  0.0000e+00
152  0.0000e+00
153  0.0000e+00
154  0.0000e+00
155  0.0000e+00
156  0.0000e+00
157  0.0000e+00
158  0.0000e+00
159  0.0000e+00
160  0.0000e+00
161  0.0000e+00
162  0.0000e+00
163  0.0000e+00
164  0.0000e+00
165  0.0000e+00
166  0.0000e+00
167  0.0000e+00
168  0.0000e+00
169  0.0000e+00
170  0.0000e+00
171  0.0000e+00
172  0.0000e+00
173  0.0000e+00
174  0.0000e+00
175  0.0000e+00
176  0.0000e+00
177  0.0000e+00
178  0.0000e+00
179  0.0000e+00
180  0.0000e+00
181  0.0000e+00
182  0.0000e+00
183  0.0000e+00
184  0.0000e+00
185  0.0000e+00
186  0.0000e+00
187  0.0000e+00
188  0.0000e+00
189  0.0000e+00
190  0.0000e+00
191  0.0000e+00
192  0.0000e+00
193  0.0000e+00
194  0.0000e+00
195  0.0000e+00
196  0.0000e+00
197  0.0000e+00
198  0.0000e+00
199  0.0000e+00
200  0.0000e+00
201  0.0000e+00
202  0.0000e+00
203  0.0000e+00
204  0.0000e+00
205  0.0000e+00
206  0.0000e+00
207  0.0000e+00
208  0.0000e+00
209  0.0000e+00
210  0.0000e+00
211  0.0000e+00
212  0.0000e+00
213  0.0000e+00
214  0.0000e+00
215  0.0000e+00
216  0.0000e+00
217  0.0000e+00
218  0.0000e+00
219  0.0000e+00
220  0.0000e+00
221  0.0000e+00
222  0.0000e+00
223  0.0000e+00
224  0.0000e+00
225  0.0000e+00
226  0.0000e+00
227  0.0000e+00
228  0.0000e+00
229  0.0000e+00
230  0.0000e+00
231  0.0000e+00
232  0.0000e+00
233  0.0000e+00
234  0.0000e+00
235  0.0000e+00
236  0.0000e+00
237  0.0000e+00
238  0.0000e+00
239  0.0000e+00
240  0.0000e+00
241  0.0000e+00
242  0.0000e+00
243  0.0000e+00
244  0.0000e+00
245  0.0000e+00
246  0.0000e+00
247  0.0000e+00
248  0.0000e+00
249  0.0000e+00
250  0.0000e+00
251  0.0000e+00
252  0.0000e+00
253  0.0000e+00
254  0.0000e+00
255  0.0000e+00
256  0.0000e+00
257  0.0000e+00
258  0.0000e+00
259  0.0000e+00
260  0.0000e+00
261  0.0000e+00
262  0.0000e+00
263  0.0000e+00
264  0.0000e+00
265  0.0000e+00
266  0.0000e+00
267  0.0000e+00
268  0.0000e+00
269  0.0000e+00
270  0.0000e+00
271  0.0000e+00
272  0.0000e+00
273  0.0000e+00
274  0.0000e+00
275  0.0000e+00
276  0.0000e+00
277  0.0000e+00
278  0.0000e+00
279  0.0000e+00
280  0.0000e+00
281  0.0000e+00
282  0.0000e+00
283  0.0000e+00
284  0.0000e+00
285  0.0000e+00
286  0.0000e+00
287  0.0000e+00
288  0.0000e+00
289  0.0000e+00
290  0.0000e+00
291  0.0000e+00
292  0.0000e+00
293  0.0000e+00
294  0.0000e+00
295  0.0000e+00
296  0.0000e+00
297  0.0000e+00
298  0.0000e+00
299  0.0000e+00
300  0.0000e+00
301  0.0000e+00
302  0.0000e+00
303  0.0000e+00
304  0.0000e+00
305  0.0000e+00
306  0.0000e+00
307  0.0000e+00
308  0.0000e+00
309  0.0000e+00
310  0.0000e+00
311  0.0000e+00
312  0.0000e+00
313  0.0000e+00
314  0.0000e+00
315  0.0000e+00
316  0.0000e+00
317  0.0000e+00
318  0.0000e+00
319  0.0000e+00
320  0.0000e+00
321  0.0000e+00
322  0.0000e+00
323  0.0000e+00
324  0.0000e+00
325  0.0000e+00
326  0.0000e+00
327  0.0000e+00
328  0.0000e+00
329  0.0000e+00
330  0.0000e+00
331  0.0000e+00
332  0.0000e+00
333  0.0000e+00
334  0.0000e+00
335  0.0000e+00
336  0.0000e+00
337  0.0000e+00

