337
time(s) = 1000000000000 t9 = 3.8106015989815097e-12 rho(g/cc) = 1.8149999999996003e-23 
0  0.0000e+00
1  9.1839e-12
2  5.5803e-16
3  1.1098e-22
4  8.5726e-15
5  0.0000e+00
6  3.1469e-42
7  1.0482e-27
8  1.3100e-07
9  3.6435e-39
10  9.7270e-26
11  1.3023e-23
12  1.2124e-23
13  2.7561e-24
14  1.7986e-17
15  1.1842e-21
16  1.2868e-23
17  1.1329e-22
18  2.1911e-19
19  4.5193e-23
20  8.8185e-18
21  1.4110e-21
22  4.4050e-21
23  8.6595e-21
24  5.9589e-17
25  4.8503e-20
26  2.0844e-18
27  1.0227e-19
28  1.2709e-18
29  -5.3961e-17
30  1.9276e-16
31  5.7460e-18
32  5.5449e-17
33  2.1106e-19
34  8.4323e-14
35  4.4179e-15
36  7.7142e-15
37  5.3574e-15
38  5.9423e-15
39  5.9563e-16
40  5.8360e-12
41  4.6553e-14
42  3.2809e-12
43  8.6679e-12
44  3.6759e-11
45  5.4439e-12
46  5.3255e-08
47  1.7499e-08
48  1.3216e-07
49  1.6170e-09
50  1.4678e-06
51  1.5117e-08
52  5.7808e-10
53  1.5118e-10
54  2.3501e-08
55  2.1883e-10
56  1.2585e-10
57  1.1650e-10
58  5.7994e-10
59  1.5756e-10
60  3.0879e-08
61  3.6658e-09
62  4.2814e-09
63  2.5652e-09
64  1.0673e-08
65  6.2503e-09
66  2.3924e-06
67  2.1359e-07
68  3.1311e-07
69  1.9577e-07
70  2.5204e-05
71  2.2004e-06
72  9.1411e-04
73  1.3290e-04
74  3.6415e-04
75  1.9571e-04
76  1.5937e-04
77  4.4520e-04
78  1.9852e-03
79  3.4837e-04
80  5.8050e-03
81  1.8226e-03
82  4.7704e-04
83  8.6382e-06
84  1.1532e-07
85  2.6051e-09
86  2.0388e-09
87  9.3249e-11
88  8.8983e-12
89  8.2623e-13
90  2.5540e-13
91  5.1688e-14
92  1.4244e-13
93  3.6719e-14
94  2.1039e-14
95  1.4624e-14
96  5.8316e-15
97  1.8038e-15
98  4.3257e-14
99  1.4761e-14
100  3.5600e-15
101  1.5464e-15
102  2.0432e-15
103  4.1089e-16
104  2.0150e-16
105  1.4453e-16
106  2.8171e-17
107  3.9481e-18
108  2.0919e-18
109  1.0259e-18
110  6.5405e-19
111  4.6454e-19
112  1.8957e-19
113  7.3876e-20
114  5.1613e-20
115  7.7738e-21
116  4.8268e-21
117  1.9343e-21
118  1.3700e-21
119  1.9706e-22
120  8.1118e-22
121  3.7523e-22
122  1.1413e-21
123  3.1437e-22
124  9.6009e-23
125  1.6753e-22
126  2.2037e-22
127  5.8215e-22
128  8.4660e-21
129  1.0496e-20
130  4.4620e-20
131  2.7381e-20
132  4.8207e-20
133  3.3136e-22
134  4.8462e-25
135  0.0000e+00
136  0.0000e+00
137  2.0712e-312
138  0.0000e+00
139  0.0000e+00
140  0.0000e+00
141  0.0000e+00
142  0.0000e+00
143  0.0000e+00
144  0.0000e+00
145  0.0000e+00
146  0.0000e+00
147  0.0000e+00
148  0.0000e+00
149  0.0000e+00
150  0.0000e+00
151  0.0000e+00
152  0.0000e+00
153  0.0000e+00
154  0.0000e+00
155  0.0000e+00
156  0.0000e+00
157  0.0000e+00
158  0.0000e+00
159  0.0000e+00
160  0.0000e+00
161  0.0000e+00
162  0.0000e+00
163  0.0000e+00
164  0.0000e+00
165  0.0000e+00
166  0.0000e+00
167  0.0000e+00
168  0.0000e+00
169  0.0000e+00
170  0.0000e+00
171  0.0000e+00
172  0.0000e+00
173  0.0000e+00
174  0.0000e+00
175  0.0000e+00
176  0.0000e+00
177  0.0000e+00
178  0.0000e+00
179  0.0000e+00
180  0.0000e+00
181  0.0000e+00
182  0.0000e+00
183  0.0000e+00
184  0.0000e+00
185  0.0000e+00
186  0.0000e+00
187  0.0000e+00
188  0.0000e+00
189  0.0000e+00
190  0.0000e+00
191  0.0000e+00
192  0.0000e+00
193  0.0000e+00
194  0.0000e+00
195  0.0000e+00
196  0.0000e+00
197  0.0000e+00
198  0.0000e+00
199  0.0000e+00
200  0.0000e+00
201  0.0000e+00
202  0.0000e+00
203  0.0000e+00
204  0.0000e+00
205  0.0000e+00
206  0.0000e+00
207  0.0000e+00
208  0.0000e+00
209  0.0000e+00
210  0.0000e+00
211  0.0000e+00
212  0.0000e+00
213  0.0000e+00
214  0.0000e+00
215  0.0000e+00
216  0.0000e+00
217  0.0000e+00
218  0.0000e+00
219  0.0000e+00
220  0.0000e+00
221  0.0000e+00
222  0.0000e+00
223  0.0000e+00
224  0.0000e+00
225  0.0000e+00
226  0.0000e+00
227  0.0000e+00
228  0.0000e+00
229  0.0000e+00
230  0.0000e+00
231  0.0000e+00
232  0.0000e+00
233  0.0000e+00
234  0.0000e+00
235  0.0000e+00
236  0.0000e+00
237  0.0000e+00
238  0.0000e+00
239  0.0000e+00
240  0.0000e+00
241  0.0000e+00
242  0.0000e+00
243  0.0000e+00
244  0.0000e+00
245  0.0000e+00
246  0.0000e+00
247  0.0000e+00
248  0.0000e+00
249  0.0000e+00
250  0.0000e+00
251  0.0000e+00
252  0.0000e+00
253  0.0000e+00
254  0.0000e+00
255  0.0000e+00
256  0.0000e+00
257  0.0000e+00
258  0.0000e+00
259  0.0000e+00
260  0.0000e+00
261  0.0000e+00
262  0.0000e+00
263  0.0000e+00
264  0.0000e+00
265  0.0000e+00
266  0.0000e+00
267  0.0000e+00
268  0.0000e+00
269  0.0000e+00
270  0.0000e+00
271  0.0000e+00
272  0.0000e+00
273  0.0000e+00
274  0.0000e+00
275  0.0000e+00
276  0.0000e+00
277  0.0000e+00
278  0.0000e+00
279  0.0000e+00
280  0.0000e+00
281  0.0000e+00
282  0.0000e+00
283  0.0000e+00
284  0.0000e+00
285  0.0000e+00
286  0.0000e+00
287  0.0000e+00
288  0.0000e+00
289  0.0000e+00
290  0.0000e+00
291  0.0000e+00
292  0.0000e+00
293  0.0000e+00
294  0.0000e+00
295  0.0000e+00
296  0.0000e+00
297  0.0000e+00
298  0.0000e+00
299  0.0000e+00
300  0.0000e+00
301  0.0000e+00
302  0.0000e+00
303  0.0000e+00
304  0.0000e+00
305  0.0000e+00
306  0.0000e+00
307  0.0000e+00
308  0.0000e+00
309  0.0000e+00
310  0.0000e+00
311  0.0000e+00
312  0.0000e+00
313  0.0000e+00
314  0.0000e+00
315  0.0000e+00
316  0.0000e+00
317  0.0000e+00
318  0.0000e+00
319  0.0000e+00
320  0.0000e+00
321  0.0000e+00
322  0.0000e+00
323  0.0000e+00
324  0.0000e+00
325  0.0000e+00
326  0.0000e+00
327  0.0000e+00
328  0.0000e+00
329  0.0000e+00
330  0.0000e+00
331  0.0000e+00
332  0.0000e+00
333  0.0000e+00
334  0.0000e+00
335  0.0000e+00
336  0.0000e+00
337  0.0000e+00

