337
time(s) = 1000000000000 t9 = 2.7594011578831625e-12 rho(g/cc) = 1.8149999999996003e-23 
0  0.0000e+00
1  1.6215e-12
2  2.1300e-17
3  4.6408e-20
4  1.0683e-14
5  0.0000e+00
6  7.6674e-30
7  7.1210e-19
8  4.6972e-08
9  2.8056e-22
10  6.9948e-18
11  2.1753e-20
12  2.9877e-24
13  5.5386e-25
14  6.2718e-21
15  4.5033e-23
16  3.3192e-27
17  2.1421e-25
18  2.8017e-24
19  1.4790e-57
20  4.1755e-31
21  8.5215e-98
22  2.0932e-96
23  3.1255e-38
24  0.0000e+00
25  0.0000e+00
26  0.0000e+00
27  0.0000e+00
28  0.0000e+00
29  0.0000e+00
30  0.0000e+00
31  0.0000e+00
32  2.2377e-138
33  0.0000e+00
34  0.0000e+00
35  1.8509e-25
36  4.0665e-25
37  8.7255e-69
38  8.5751e-24
39  4.3059e-26
40  1.1585e-21
41  4.2158e-23
42  2.3178e-22
43  4.9260e-21
44  7.2979e-19
45  3.3662e-20
46  1.2393e-16
47  1.5409e-16
48  2.0507e-14
49  2.0045e-16
50  3.4518e-14
51  8.3384e-16
52  3.1600e-16
53  9.7922e-18
54  1.0694e-14
55  6.4559e-17
56  2.2355e-17
57  1.2084e-16
58  3.9703e-14
59  2.4162e-15
60  3.2123e-13
61  3.2481e-14
62  2.9196e-14
63  6.5954e-14
64  9.8756e-12
65  1.3408e-12
66  3.8492e-10
67  3.7722e-11
68  2.9005e-10
69  1.3483e-10
70  1.1630e-06
71  2.9940e-08
72  6.1138e-06
73  1.5568e-06
74  7.8151e-07
75  1.1646e-05
76  2.3423e-05
77  7.5996e-06
78  6.7116e-04
79  5.3495e-05
80  3.4144e-04
81  3.4835e-04
82  2.9545e-04
83  4.3372e-06
84  7.2461e-08
85  1.4595e-09
86  8.3497e-10
87  1.2293e-10
88  1.2772e-10
89  6.8819e-12
90  4.2184e-12
91  2.0469e-11
92  2.0193e-11
93  1.3325e-10
94  6.3006e-10
95  8.0217e-11
96  1.4324e-08
97  2.9007e-09
98  9.9688e-08
99  3.7467e-08
100  1.0392e-08
101  4.4172e-09
102  5.2782e-08
103  6.0855e-09
104  1.7583e-09
105  5.1887e-09
106  5.2846e-09
107  7.5649e-10
108  6.4899e-09
109  5.9653e-09
110  3.3607e-09
111  7.2158e-09
112  7.3327e-08
113  2.4816e-08
114  2.0183e-07
115  7.5485e-08
116  1.8972e-07
117  2.1133e-07
118  2.8192e-05
119  3.2547e-06
120  2.3422e-05
121  6.2590e-06
122  6.2362e-06
123  4.3929e-06
124  1.8964e-06
125  9.7769e-06
126  4.2540e-05
127  6.6998e-05
128  1.2401e-03
129  5.5510e-04
130  1.1307e-03
131  8.8939e-04
132  2.5716e-03
133  1.5367e-05
134  2.3567e-08
135  3.4416e-11
136  3.3424e-14
137  4.1590e-17
138  1.6989e-19
139  2.2695e-21
140  1.1067e-23
141  1.1413e-40
142  0.0000e+00
143  0.0000e+00
144  0.0000e+00
145  0.0000e+00
146  0.0000e+00
147  0.0000e+00
148  0.0000e+00
149  0.0000e+00
150  0.0000e+00
151  0.0000e+00
152  0.0000e+00
153  0.0000e+00
154  0.0000e+00
155  0.0000e+00
156  0.0000e+00
157  0.0000e+00
158  0.0000e+00
159  0.0000e+00
160  0.0000e+00
161  0.0000e+00
162  0.0000e+00
163  0.0000e+00
164  0.0000e+00
165  0.0000e+00
166  0.0000e+00
167  0.0000e+00
168  0.0000e+00
169  0.0000e+00
170  0.0000e+00
171  0.0000e+00
172  0.0000e+00
173  0.0000e+00
174  0.0000e+00
175  0.0000e+00
176  0.0000e+00
177  0.0000e+00
178  0.0000e+00
179  0.0000e+00
180  0.0000e+00
181  0.0000e+00
182  0.0000e+00
183  0.0000e+00
184  0.0000e+00
185  0.0000e+00
186  0.0000e+00
187  0.0000e+00
188  0.0000e+00
189  0.0000e+00
190  0.0000e+00
191  0.0000e+00
192  0.0000e+00
193  0.0000e+00
194  0.0000e+00
195  0.0000e+00
196  0.0000e+00
197  0.0000e+00
198  0.0000e+00
199  0.0000e+00
200  0.0000e+00
201  0.0000e+00
202  0.0000e+00
203  0.0000e+00
204  0.0000e+00
205  0.0000e+00
206  0.0000e+00
207  0.0000e+00
208  0.0000e+00
209  0.0000e+00
210  0.0000e+00
211  0.0000e+00
212  0.0000e+00
213  0.0000e+00
214  0.0000e+00
215  0.0000e+00
216  0.0000e+00
217  0.0000e+00
218  0.0000e+00
219  0.0000e+00
220  0.0000e+00
221  0.0000e+00
222  0.0000e+00
223  0.0000e+00
224  0.0000e+00
225  0.0000e+00
226  0.0000e+00
227  0.0000e+00
228  0.0000e+00
229  0.0000e+00
230  0.0000e+00
231  0.0000e+00
232  0.0000e+00
233  0.0000e+00
234  0.0000e+00
235  0.0000e+00
236  0.0000e+00
237  0.0000e+00
238  0.0000e+00
239  0.0000e+00
240  0.0000e+00
241  0.0000e+00
242  0.0000e+00
243  0.0000e+00
244  0.0000e+00
245  0.0000e+00
246  0.0000e+00
247  0.0000e+00
248  0.0000e+00
249  0.0000e+00
250  0.0000e+00
251  0.0000e+00
252  0.0000e+00
253  0.0000e+00
254  0.0000e+00
255  0.0000e+00
256  0.0000e+00
257  0.0000e+00
258  0.0000e+00
259  0.0000e+00
260  0.0000e+00
261  0.0000e+00
262  0.0000e+00
263  0.0000e+00
264  0.0000e+00
265  0.0000e+00
266  0.0000e+00
267  0.0000e+00
268  0.0000e+00
269  0.0000e+00
270  0.0000e+00
271  0.0000e+00
272  0.0000e+00
273  0.0000e+00
274  0.0000e+00
275  0.0000e+00
276  0.0000e+00
277  0.0000e+00
278  0.0000e+00
279  0.0000e+00
280  0.0000e+00
281  0.0000e+00
282  0.0000e+00
283  0.0000e+00
284  0.0000e+00
285  0.0000e+00
286  0.0000e+00
287  0.0000e+00
288  0.0000e+00
289  0.0000e+00
290  0.0000e+00
291  0.0000e+00
292  0.0000e+00
293  0.0000e+00
294  0.0000e+00
295  0.0000e+00
296  0.0000e+00
297  0.0000e+00
298  0.0000e+00
299  0.0000e+00
300  0.0000e+00
301  0.0000e+00
302  0.0000e+00
303  0.0000e+00
304  0.0000e+00
305  0.0000e+00
306  0.0000e+00
307  0.0000e+00
308  0.0000e+00
309  0.0000e+00
310  0.0000e+00
311  0.0000e+00
312  0.0000e+00
313  0.0000e+00
314  0.0000e+00
315  0.0000e+00
316  0.0000e+00
317  0.0000e+00
318  0.0000e+00
319  0.0000e+00
320  0.0000e+00
321  0.0000e+00
322  0.0000e+00
323  0.0000e+00
324  0.0000e+00
325  0.0000e+00
326  0.0000e+00
327  0.0000e+00
328  0.0000e+00
329  0.0000e+00
330  0.0000e+00
331  0.0000e+00
332  0.0000e+00
333  0.0000e+00
334  0.0000e+00
335  0.0000e+00
336  0.0000e+00
337  0.0000e+00

