337
time(s) = 1000000000000 t9 = 1.3140005513729346e-12 rho(g/cc) = 1.8149999999996003e-23 
0  0.0000e+00
1  1.8839e-05
2  7.2283e-12
3  2.3802e-15
4  9.6123e-05
5  0.0000e+00
6  9.4102e-29
7  3.6262e-10
8  8.6238e-05
9  6.9300e-16
10  3.5003e-06
11  3.2949e-10
12  1.1417e-08
13  2.7723e-09
14  8.7361e-03
15  1.2685e-03
16  1.5228e-05
17  1.8252e-07
18  1.6318e-03
19  2.1806e-03
20  7.8784e-04
21  1.0656e-06
22  2.5095e-03
23  6.1223e-06
24  7.2744e-06
25  4.0713e-06
26  2.7108e-05
27  3.1507e-06
28  9.0416e-06
29  5.2404e-06
30  8.0589e-06
31  2.8054e-06
32  2.3785e-05
33  1.1209e-05
34  9.5093e-06
35  1.7475e-05
36  2.7987e-05
37  2.9330e-06
38  3.3584e-06
39  6.7128e-07
40  1.9532e-06
41  5.6735e-06
42  6.7004e-06
43  1.7122e-05
44  6.6932e-05
45  3.1230e-05
46  4.8700e-05
47  1.8018e-05
48  5.4399e-05
49  2.2950e-05
50  1.4115e-05
51  1.4794e-05
52  2.3588e-05
53  1.1360e-05
54  1.6277e-05
55  2.7304e-06
56  3.4436e-06
57  1.1520e-06
58  6.8206e-06
59  1.6711e-06
60  4.1104e-06
61  2.3407e-06
62  4.0704e-06
63  2.3010e-06
64  8.2624e-06
65  3.8410e-06
66  6.0114e-06
67  3.4339e-06
68  5.5200e-06
69  2.3801e-06
70  3.1149e-06
71  2.1060e-06
72  4.2181e-06
73  3.1097e-06
74  3.3870e-06
75  2.5209e-06
76  9.6526e-06
77  3.2027e-05
78  7.1307e-05
79  7.3246e-05
80  8.5489e-05
81  1.9928e-05
82  6.8829e-06
83  3.7491e-06
84  1.5282e-06
85  4.6096e-07
86  1.6121e-06
87  5.9208e-07
88  7.6451e-07
89  9.7927e-07
90  1.2881e-06
91  1.2542e-06
92  1.0382e-06
93  4.2209e-07
94  7.5240e-07
95  1.0051e-06
96  1.4965e-06
97  1.3044e-06
98  7.9563e-07
99  5.4209e-07
100  8.1653e-07
101  5.0572e-07
102  7.1615e-07
103  3.6711e-07
104  6.2495e-07
105  3.0872e-07
106  1.9456e-06
107  1.2519e-06
108  2.4193e-06
109  2.6547e-06
110  3.8479e-06
111  1.4387e-06
112  2.2820e-06
113  4.8001e-07
114  3.0757e-06
115  5.5331e-07
116  8.9310e-07
117  1.6433e-07
118  4.6719e-07
119  2.7332e-07
120  5.9870e-06
121  4.8378e-06
122  1.8009e-05
123  6.4365e-06
124  1.1933e-05
125  5.9344e-06
126  8.0395e-06
127  1.1829e-05
128  5.6436e-05
129  9.3144e-05
130  2.0521e-04
131  2.5359e-04
132  3.6767e-04
133  3.2292e-04
134  3.1066e-04
135  1.8216e-04
136  1.6207e-04
137  7.5059e-05
138  7.8140e-05
139  2.3292e-05
140  4.4301e-05
141  2.8819e-05
142  2.3371e-05
143  1.6598e-05
144  2.1361e-05
145  6.8796e-06
146  2.5423e-05
147  1.0175e-05
148  3.0644e-05
149  1.2512e-05
150  1.9701e-05
151  1.8944e-05
152  6.1138e-05
153  9.1670e-06
154  3.8573e-05
155  3.1785e-05
156  4.4669e-05
157  2.9551e-05
158  4.4992e-05
159  1.5788e-05
160  2.1736e-05
161  3.3260e-05
162  3.5447e-05
163  5.1089e-05
164  5.9996e-05
165  5.6088e-05
166  4.4548e-05
167  4.9700e-05
168  4.1987e-05
169  2.3893e-05
170  3.4195e-05
171  1.3280e-05
172  2.4863e-05
173  8.1898e-06
174  2.6187e-05
175  1.6019e-05
176  1.2398e-05
177  1.9054e-05
178  8.6999e-06
179  1.3476e-05
180  1.0320e-05
181  7.5185e-06
182  8.0122e-06
183  4.2411e-06
184  4.3746e-06
185  1.3064e-06
186  2.3567e-06
187  5.7062e-07
188  5.4533e-07
189  3.7412e-07
190  7.8254e-07
191  3.6600e-07
192  1.5664e-06
193  2.1271e-06
194  9.4625e-06
195  1.6512e-05
196  7.0234e-05
197  3.5032e-05
198  1.1056e-04
199  3.4479e-05
200  9.4125e-06
201  9.2732e-07
202  1.1452e-07
203  1.7100e-07
204  2.6107e-07
205  1.1258e-07
206  1.0202e-06
207  9.8531e-07
208  1.0030e-06
209  1.1244e-06
210  4.3236e-09
211  3.2975e-15
212  2.9426e-14
213  2.1145e-15
214  2.8145e-15
215  7.8239e-21
216  3.4867e-20
217  9.7400e-21
218  4.8814e-17
219  5.6814e-17
220  1.3463e-17
221  8.6081e-17
222  8.6722e-14
223  3.1447e-13
224  7.5968e-14
225  2.6501e-13
226  1.3262e-08
227  1.5087e-08
228  2.4213e-07
229  7.4945e-08
230  6.2894e-07
231  3.1363e-07
232  9.6827e-07
233  9.0795e-07
234  2.6353e-06
235  7.1807e-06
236  1.3233e-05
237  1.0824e-05
238  7.1758e-06
239  6.6518e-06
240  3.7985e-07
241  9.0731e-06
242  1.4169e-05
243  1.5565e-06
244  6.4948e-06
245  6.1428e-07
246  8.7866e-08
247  4.7533e-06
248  4.0426e-06
249  1.5900e-25
250  6.4355e-08
251  7.5345e-15
252  1.1645e-39
253  3.5289e-318
254  -2.0935e-317
255  3.8414e-320
256  -1.3542e-320
257  0.0000e+00
258  0.0000e+00
259  0.0000e+00
260  0.0000e+00
261  0.0000e+00
262  0.0000e+00
263  0.0000e+00
264  0.0000e+00
265  0.0000e+00
266  0.0000e+00
267  6.4787e-320
268  1.0831e-29
269  1.3479e-28
270  4.4847e-28
271  2.0555e-47
272  1.9792e-05
273  3.4980e-04
274  2.5707e-21
275  0.0000e+00
276  1.4101e-23
277  0.0000e+00
278  0.0000e+00
279  0.0000e+00
280  0.0000e+00
281  0.0000e+00
282  0.0000e+00
283  0.0000e+00
284  0.0000e+00
285  0.0000e+00
286  0.0000e+00
287  0.0000e+00
288  0.0000e+00
289  0.0000e+00
290  0.0000e+00
291  0.0000e+00
292  0.0000e+00
293  0.0000e+00
294  0.0000e+00
295  0.0000e+00
296  0.0000e+00
297  0.0000e+00
298  0.0000e+00
299  0.0000e+00
300  0.0000e+00
301  0.0000e+00
302  0.0000e+00
303  0.0000e+00
304  0.0000e+00
305  0.0000e+00
306  0.0000e+00
307  0.0000e+00
308  0.0000e+00
309  1.0005e-26
310  2.0233e-13
311  3.2519e-15
312  1.7926e-17
313  7.3229e-20
314  3.1305e-22
315  6.7270e-25
316  5.4871e-27
317  0.0000e+00
318  0.0000e+00
319  0.0000e+00
320  0.0000e+00
321  0.0000e+00
322  0.0000e+00
323  0.0000e+00
324  0.0000e+00
325  0.0000e+00
326  0.0000e+00
327  0.0000e+00
328  0.0000e+00
329  0.0000e+00
330  0.0000e+00
331  0.0000e+00
332  0.0000e+00
333  0.0000e+00
334  0.0000e+00
335  0.0000e+00
336  0.0000e+00
337  0.0000e+00

