337
time(s) = 1000000000000 t9 = 3.5478014887069231e-12 rho(g/cc) = 1.8149999999996003e-23 
0  0.0000e+00
1  1.0482e-11
2  7.1648e-16
3  1.6014e-22
4  8.6397e-15
5  0.0000e+00
6  3.9648e-42
7  1.2491e-27
8  1.0586e-07
9  3.4234e-39
10  9.8346e-26
11  8.0275e-24
12  6.0322e-24
13  1.6338e-24
14  1.4843e-17
15  7.1802e-22
16  1.7570e-23
17  1.4728e-22
18  1.6834e-19
19  4.0997e-23
20  1.0618e-17
21  1.7002e-21
22  7.7479e-21
23  1.2686e-20
24  5.3658e-17
25  6.3969e-20
26  2.9171e-18
27  1.3203e-19
28  7.9401e-19
29  -4.7085e-17
30  1.8207e-16
31  4.9575e-18
32  4.8203e-17
33  1.7661e-19
34  6.5684e-14
35  5.2004e-15
36  9.1991e-15
37  5.2411e-15
38  3.3737e-15
39  5.4720e-16
40  4.9672e-12
41  4.6168e-14
42  4.1672e-12
43  8.6823e-12
44  1.8089e-11
45  4.0539e-12
46  3.9472e-08
47  1.1455e-08
48  4.6576e-08
49  6.7047e-10
50  7.7512e-07
51  8.0505e-09
52  3.2057e-10
53  1.1285e-10
54  1.0013e-08
55  1.0382e-10
56  7.8938e-11
57  5.4795e-11
58  2.8493e-10
59  9.7697e-11
60  2.2744e-08
61  3.1163e-09
62  4.4419e-09
63  1.8851e-09
64  6.2191e-09
65  3.9930e-09
66  1.6878e-06
67  1.6768e-07
68  3.0239e-07
69  1.4653e-07
70  1.5273e-05
71  1.6263e-06
72  8.4996e-04
73  1.5368e-04
74  5.0491e-04
75  1.7917e-04
76  1.8450e-04
77  5.5669e-04
78  1.4913e-03
79  3.3615e-04
80  6.2965e-03
81  1.7519e-03
82  3.5902e-04
83  6.7267e-06
84  8.9044e-08
85  2.1431e-09
86  1.7621e-09
87  8.1025e-11
88  8.0718e-12
89  8.1644e-13
90  3.1394e-13
91  7.5981e-14
92  2.6242e-13
93  6.0580e-14
94  3.5176e-14
95  2.6973e-14
96  1.0162e-14
97  3.3327e-15
98  6.8559e-14
99  2.3946e-14
100  6.1234e-15
101  2.8210e-15
102  3.0107e-15
103  6.4892e-16
104  3.5760e-16
105  2.6521e-16
106  5.5113e-17
107  8.2415e-18
108  3.8623e-18
109  1.9015e-18
110  1.3522e-18
111  1.0163e-18
112  4.4873e-19
113  1.8888e-19
114  1.3888e-19
115  2.1874e-20
116  1.5011e-20
117  5.7896e-21
118  4.6020e-21
119  7.2442e-22
120  4.5751e-21
121  2.4999e-21
122  9.6959e-21
123  2.8384e-21
124  9.3203e-22
125  1.1254e-21
126  1.4899e-21
127  2.5350e-21
128  2.3963e-20
129  3.8289e-20
130  1.7837e-19
131  1.0892e-19
132  1.8012e-19
133  1.2772e-21
134  2.4773e-24
135  0.0000e+00
136  0.0000e+00
137  8.1741e-312
138  0.0000e+00
139  0.0000e+00
140  0.0000e+00
141  0.0000e+00
142  0.0000e+00
143  0.0000e+00
144  0.0000e+00
145  0.0000e+00
146  0.0000e+00
147  0.0000e+00
148  0.0000e+00
149  0.0000e+00
150  0.0000e+00
151  0.0000e+00
152  0.0000e+00
153  0.0000e+00
154  0.0000e+00
155  0.0000e+00
156  0.0000e+00
157  0.0000e+00
158  0.0000e+00
159  0.0000e+00
160  0.0000e+00
161  0.0000e+00
162  0.0000e+00
163  0.0000e+00
164  0.0000e+00
165  0.0000e+00
166  0.0000e+00
167  0.0000e+00
168  0.0000e+00
169  0.0000e+00
170  0.0000e+00
171  0.0000e+00
172  0.0000e+00
173  0.0000e+00
174  0.0000e+00
175  0.0000e+00
176  0.0000e+00
177  0.0000e+00
178  0.0000e+00
179  0.0000e+00
180  0.0000e+00
181  0.0000e+00
182  0.0000e+00
183  0.0000e+00
184  0.0000e+00
185  0.0000e+00
186  0.0000e+00
187  0.0000e+00
188  0.0000e+00
189  0.0000e+00
190  0.0000e+00
191  0.0000e+00
192  0.0000e+00
193  0.0000e+00
194  0.0000e+00
195  0.0000e+00
196  0.0000e+00
197  0.0000e+00
198  0.0000e+00
199  0.0000e+00
200  0.0000e+00
201  0.0000e+00
202  0.0000e+00
203  0.0000e+00
204  0.0000e+00
205  0.0000e+00
206  0.0000e+00
207  0.0000e+00
208  0.0000e+00
209  0.0000e+00
210  0.0000e+00
211  0.0000e+00
212  0.0000e+00
213  0.0000e+00
214  0.0000e+00
215  0.0000e+00
216  0.0000e+00
217  0.0000e+00
218  0.0000e+00
219  0.0000e+00
220  0.0000e+00
221  0.0000e+00
222  0.0000e+00
223  0.0000e+00
224  0.0000e+00
225  0.0000e+00
226  0.0000e+00
227  0.0000e+00
228  0.0000e+00
229  0.0000e+00
230  0.0000e+00
231  0.0000e+00
232  0.0000e+00
233  0.0000e+00
234  0.0000e+00
235  0.0000e+00
236  0.0000e+00
237  0.0000e+00
238  0.0000e+00
239  0.0000e+00
240  0.0000e+00
241  0.0000e+00
242  0.0000e+00
243  0.0000e+00
244  0.0000e+00
245  0.0000e+00
246  0.0000e+00
247  0.0000e+00
248  0.0000e+00
249  0.0000e+00
250  0.0000e+00
251  0.0000e+00
252  0.0000e+00
253  0.0000e+00
254  0.0000e+00
255  0.0000e+00
256  0.0000e+00
257  0.0000e+00
258  0.0000e+00
259  0.0000e+00
260  0.0000e+00
261  0.0000e+00
262  0.0000e+00
263  0.0000e+00
264  0.0000e+00
265  0.0000e+00
266  0.0000e+00
267  0.0000e+00
268  0.0000e+00
269  0.0000e+00
270  0.0000e+00
271  0.0000e+00
272  0.0000e+00
273  0.0000e+00
274  0.0000e+00
275  0.0000e+00
276  0.0000e+00
277  0.0000e+00
278  0.0000e+00
279  0.0000e+00
280  0.0000e+00
281  0.0000e+00
282  0.0000e+00
283  0.0000e+00
284  0.0000e+00
285  0.0000e+00
286  0.0000e+00
287  0.0000e+00
288  0.0000e+00
289  0.0000e+00
290  0.0000e+00
291  0.0000e+00
292  0.0000e+00
293  0.0000e+00
294  0.0000e+00
295  0.0000e+00
296  0.0000e+00
297  0.0000e+00
298  0.0000e+00
299  0.0000e+00
300  0.0000e+00
301  0.0000e+00
302  0.0000e+00
303  0.0000e+00
304  0.0000e+00
305  0.0000e+00
306  0.0000e+00
307  0.0000e+00
308  0.0000e+00
309  0.0000e+00
310  0.0000e+00
311  0.0000e+00
312  0.0000e+00
313  0.0000e+00
314  0.0000e+00
315  0.0000e+00
316  0.0000e+00
317  0.0000e+00
318  0.0000e+00
319  0.0000e+00
320  0.0000e+00
321  0.0000e+00
322  0.0000e+00
323  0.0000e+00
324  0.0000e+00
325  0.0000e+00
326  0.0000e+00
327  0.0000e+00
328  0.0000e+00
329  0.0000e+00
330  0.0000e+00
331  0.0000e+00
332  0.0000e+00
333  0.0000e+00
334  0.0000e+00
335  0.0000e+00
336  0.0000e+00
337  0.0000e+00

