337
time(s) = 1000000000000 t9 = 3.2850013784323361e-12 rho(g/cc) = 1.8149999999996003e-23 
0  0.0000e+00
1  1.2140e-11
2  9.5002e-16
3  3.8106e-20
4  9.1069e-15
5  0.0000e+00
6  5.4552e-34
7  9.9972e-19
8  8.3986e-08
9  9.7903e-23
10  4.3299e-18
11  2.1182e-20
12  7.6324e-24
13  1.0614e-24
14  9.1239e-18
15  5.6501e-22
16  1.8611e-23
17  1.6562e-22
18  8.4255e-20
19  2.5842e-23
20  9.5996e-18
21  1.5539e-21
22  1.1785e-20
23  1.4647e-20
24  3.8316e-17
25  7.6784e-20
26  3.7221e-18
27  1.4906e-19
28  3.7400e-19
29  -4.1178e-17
30  1.3919e-16
31  3.6097e-18
32  4.1896e-17
33  1.3590e-19
34  4.1681e-14
35  5.6869e-15
36  1.0194e-14
37  4.4706e-15
38  1.5488e-15
39  5.0641e-16
40  3.4166e-12
41  4.0940e-14
42  4.8519e-12
43  7.5856e-12
44  7.3389e-12
45  3.2432e-12
46  2.5090e-08
47  6.6849e-09
48  1.2340e-08
49  2.2742e-10
50  3.4314e-07
51  3.7244e-09
52  1.7191e-10
53  8.2454e-11
54  3.9285e-09
55  4.7316e-11
56  5.2214e-11
57  2.3611e-11
58  1.1090e-10
59  4.9519e-11
60  1.4239e-08
61  2.4433e-09
62  4.5092e-09
63  1.2644e-09
64  3.4952e-09
65  2.3371e-09
66  1.0652e-06
67  1.2589e-07
68  3.0278e-07
69  1.0450e-07
70  7.6470e-06
71  1.0508e-06
72  7.3679e-04
73  1.8360e-04
74  7.3343e-04
75  1.6648e-04
76  2.2295e-04
77  7.1102e-04
78  1.0057e-03
79  3.1514e-04
80  6.6480e-03
81  1.6765e-03
82  2.7941e-04
83  5.5866e-06
84  7.5323e-08
85  1.9878e-09
86  1.7868e-09
87  8.5228e-11
88  9.0256e-12
89  1.0322e-12
90  5.0468e-13
91  1.5300e-13
92  6.9034e-13
93  1.4812e-13
94  8.3098e-14
95  6.8885e-14
96  2.5542e-14
97  9.2839e-15
98  1.4950e-13
99  5.4871e-14
100  1.5343e-14
101  7.3216e-15
102  6.3944e-15
103  1.4952e-15
104  9.1732e-16
105  7.1425e-16
106  1.6126e-16
107  2.5964e-17
108  1.0008e-17
109  4.8412e-18
110  3.7847e-18
111  2.9786e-18
112  1.4290e-18
113  6.5561e-19
114  4.8650e-19
115  7.9147e-20
116  6.1484e-20
117  2.2326e-20
118  1.8663e-20
119  3.1793e-21
120  2.3977e-20
121  1.6024e-20
122  8.0021e-20
123  2.5947e-20
124  1.0036e-20
125  1.0035e-20
126  1.6497e-20
127  1.6571e-20
128  7.7838e-20
129  1.6344e-19
130  8.4008e-19
131  5.0378e-19
132  7.7679e-19
133  5.7798e-21
134  1.2197e-23
135  0.0000e+00
136  0.0000e+00
137  3.9234e-311
138  0.0000e+00
139  0.0000e+00
140  0.0000e+00
141  0.0000e+00
142  0.0000e+00
143  0.0000e+00
144  0.0000e+00
145  0.0000e+00
146  0.0000e+00
147  0.0000e+00
148  0.0000e+00
149  0.0000e+00
150  0.0000e+00
151  0.0000e+00
152  0.0000e+00
153  0.0000e+00
154  0.0000e+00
155  0.0000e+00
156  0.0000e+00
157  0.0000e+00
158  0.0000e+00
159  0.0000e+00
160  0.0000e+00
161  0.0000e+00
162  0.0000e+00
163  0.0000e+00
164  0.0000e+00
165  0.0000e+00
166  0.0000e+00
167  0.0000e+00
168  0.0000e+00
169  0.0000e+00
170  0.0000e+00
171  0.0000e+00
172  0.0000e+00
173  0.0000e+00
174  0.0000e+00
175  0.0000e+00
176  0.0000e+00
177  0.0000e+00
178  0.0000e+00
179  0.0000e+00
180  0.0000e+00
181  0.0000e+00
182  0.0000e+00
183  0.0000e+00
184  0.0000e+00
185  0.0000e+00
186  0.0000e+00
187  0.0000e+00
188  0.0000e+00
189  0.0000e+00
190  0.0000e+00
191  0.0000e+00
192  0.0000e+00
193  0.0000e+00
194  0.0000e+00
195  0.0000e+00
196  0.0000e+00
197  0.0000e+00
198  0.0000e+00
199  0.0000e+00
200  0.0000e+00
201  0.0000e+00
202  0.0000e+00
203  0.0000e+00
204  0.0000e+00
205  0.0000e+00
206  0.0000e+00
207  0.0000e+00
208  0.0000e+00
209  0.0000e+00
210  0.0000e+00
211  0.0000e+00
212  0.0000e+00
213  0.0000e+00
214  0.0000e+00
215  0.0000e+00
216  0.0000e+00
217  0.0000e+00
218  0.0000e+00
219  0.0000e+00
220  0.0000e+00
221  0.0000e+00
222  0.0000e+00
223  0.0000e+00
224  0.0000e+00
225  0.0000e+00
226  0.0000e+00
227  0.0000e+00
228  0.0000e+00
229  0.0000e+00
230  0.0000e+00
231  0.0000e+00
232  0.0000e+00
233  0.0000e+00
234  0.0000e+00
235  0.0000e+00
236  0.0000e+00
237  0.0000e+00
238  0.0000e+00
239  0.0000e+00
240  0.0000e+00
241  0.0000e+00
242  0.0000e+00
243  0.0000e+00
244  0.0000e+00
245  0.0000e+00
246  0.0000e+00
247  0.0000e+00
248  0.0000e+00
249  0.0000e+00
250  0.0000e+00
251  0.0000e+00
252  0.0000e+00
253  0.0000e+00
254  0.0000e+00
255  0.0000e+00
256  0.0000e+00
257  0.0000e+00
258  0.0000e+00
259  0.0000e+00
260  0.0000e+00
261  0.0000e+00
262  0.0000e+00
263  0.0000e+00
264  0.0000e+00
265  0.0000e+00
266  0.0000e+00
267  0.0000e+00
268  0.0000e+00
269  0.0000e+00
270  0.0000e+00
271  0.0000e+00
272  0.0000e+00
273  0.0000e+00
274  0.0000e+00
275  0.0000e+00
276  0.0000e+00
277  0.0000e+00
278  0.0000e+00
279  0.0000e+00
280  0.0000e+00
281  0.0000e+00
282  0.0000e+00
283  0.0000e+00
284  0.0000e+00
285  0.0000e+00
286  0.0000e+00
287  0.0000e+00
288  0.0000e+00
289  0.0000e+00
290  0.0000e+00
291  0.0000e+00
292  0.0000e+00
293  0.0000e+00
294  0.0000e+00
295  0.0000e+00
296  0.0000e+00
297  0.0000e+00
298  0.0000e+00
299  0.0000e+00
300  0.0000e+00
301  0.0000e+00
302  0.0000e+00
303  0.0000e+00
304  0.0000e+00
305  0.0000e+00
306  0.0000e+00
307  0.0000e+00
308  0.0000e+00
309  0.0000e+00
310  0.0000e+00
311  0.0000e+00
312  0.0000e+00
313  0.0000e+00
314  0.0000e+00
315  0.0000e+00
316  0.0000e+00
317  0.0000e+00
318  0.0000e+00
319  0.0000e+00
320  0.0000e+00
321  0.0000e+00
322  0.0000e+00
323  0.0000e+00
324  0.0000e+00
325  0.0000e+00
326  0.0000e+00
327  0.0000e+00
328  0.0000e+00
329  0.0000e+00
330  0.0000e+00
331  0.0000e+00
332  0.0000e+00
333  0.0000e+00
334  0.0000e+00
335  0.0000e+00
336  0.0000e+00
337  0.0000e+00

