337
time(s) = 1000000000000 t9 = 2.1024008821966952e-12 rho(g/cc) = 1.8149999999996003e-23 
0  0.0000e+00
1  1.7137e-10
2  1.3913e-18
3  1.3003e-26
4  1.5668e-08
5  0.0000e+00
6  1.3221e-33
7  3.4930e-20
8  2.6350e-07
9  1.1424e-23
10  8.6475e-19
11  4.6125e-22
12  1.3880e-12
13  8.3927e-18
14  1.9464e-22
15  8.6879e-26
16  2.4485e-15
17  6.9500e-20
18  6.9619e-24
19  8.1352e-25
20  3.9530e-15
21  1.1849e-18
22  2.3854e-20
23  1.4319e-23
24  5.2447e-15
25  5.5669e-17
26  1.4267e-17
27  2.6721e-18
28  2.7429e-14
29  3.1370e-19
30  6.7640e-15
31  1.9081e-14
32  1.1873e-14
33  1.4347e-16
34  3.6962e-14
35  1.3972e-14
36  4.7745e-16
37  5.5757e-17
38  4.3249e-15
39  5.0478e-17
40  2.0054e-15
41  1.1699e-15
42  9.4573e-15
43  3.4477e-15
44  1.0616e-14
45  7.2114e-15
46  1.0747e-12
47  2.5841e-14
48  1.2691e-13
49  6.1007e-14
50  1.7052e-12
51  3.4252e-14
52  3.3796e-12
53  3.7136e-13
54  2.4712e-13
55  2.6935e-15
56  5.9888e-14
57  1.1100e-13
58  3.1134e-12
59  1.1104e-12
60  1.0062e-12
61  3.0101e-13
62  8.7040e-13
63  2.2999e-12
64  1.0146e-11
65  6.5697e-12
66  6.9831e-12
67  1.1579e-12
68  6.2743e-12
69  2.3507e-12
70  1.1223e-11
71  3.3434e-11
72  3.3308e-11
73  7.4293e-12
74  1.2515e-11
75  2.7123e-11
76  6.3172e-11
77  2.7371e-10
78  5.9839e-10
79  7.9996e-10
80  5.4366e-09
81  8.3029e-10
82  1.1344e-09
83  4.7081e-10
84  4.2621e-09
85  6.8054e-10
86  4.6106e-10
87  3.4491e-10
88  6.3999e-11
89  7.3131e-11
90  2.4291e-09
91  5.1072e-10
92  4.4353e-10
93  2.7399e-10
94  3.0918e-10
95  3.8755e-10
96  1.3534e-09
97  8.3908e-10
98  1.3922e-09
99  2.3580e-09
100  1.2915e-09
101  5.7613e-10
102  2.4053e-09
103  1.0104e-09
104  7.9770e-10
105  8.2449e-10
106  8.1656e-10
107  5.1039e-10
108  4.1437e-09
109  1.1866e-09
110  1.4445e-09
111  7.5916e-10
112  9.4586e-10
113  3.1848e-10
114  5.5424e-10
115  3.9403e-10
116  4.8207e-10
117  3.7222e-10
118  4.6862e-10
119  2.4539e-10
120  5.9697e-10
121  2.0164e-10
122  1.6295e-10
123  9.8804e-11
124  1.4838e-10
125  3.9642e-10
126  9.4551e-10
127  4.8717e-09
128  4.2086e-08
129  1.4906e-05
130  2.8264e-04
131  3.4462e-04
132  4.5266e-03
133  1.6887e-04
134  3.6031e-06
135  4.6162e-06
136  4.0355e-06
137  5.8495e-08
138  1.5143e-09
139  8.3449e-10
140  6.6493e-09
141  1.1472e-09
142  1.8554e-07
143  3.6084e-08
144  1.1590e-07
145  5.9342e-08
146  1.3825e-07
147  1.8334e-07
148  1.2973e-07
149  1.5965e-07
150  3.5093e-06
151  1.2425e-06
152  1.9454e-06
153  1.7915e-06
154  1.4374e-06
155  1.5061e-06
156  2.5589e-05
157  7.7046e-06
158  1.5795e-05
159  1.2537e-05
160  1.9591e-05
161  7.9236e-06
162  1.8231e-04
163  8.0842e-05
164  4.0015e-05
165  3.7046e-05
166  2.6974e-04
167  6.3473e-05
168  1.3153e-04
169  7.6942e-05
170  2.9184e-05
171  1.8367e-05
172  1.7256e-04
173  5.5701e-05
174  5.9233e-05
175  4.0015e-05
176  3.3001e-05
177  7.0619e-06
178  5.7552e-05
179  1.1728e-05
180  1.4902e-05
181  1.2199e-05
182  9.0633e-06
183  7.3004e-06
184  2.3367e-05
185  2.2469e-06
186  1.0978e-06
187  3.5406e-07
188  2.6074e-06
189  3.7554e-06
190  1.8099e-06
191  6.1014e-07
192  1.6354e-06
193  1.0052e-05
194  5.3857e-05
195  2.4100e-05
196  2.7490e-05
197  1.2003e-05
198  4.1494e-05
199  2.8934e-06
200  4.5486e-07
201  3.3917e-09
202  1.1081e-10
203  3.1031e-13
204  1.3913e-14
205  1.2677e-15
206  4.7833e-13
207  1.1753e-15
208  1.9094e-16
209  3.9745e-13
210  2.2839e-14
211  2.8624e-16
212  2.2603e-23
213  1.2818e-20
214  1.5163e-20
215  5.7743e-23
216  2.5622e-29
217  2.7546e-16
218  4.0924e-20
219  2.6378e-21
220  9.8928e-27
221  5.2182e-22
222  4.6722e-19
223  4.9611e-21
224  2.6206e-23
225  1.6065e-18
226  7.1451e-14
227  2.3802e-16
228  8.3525e-17
229  4.5432e-13
230  3.5875e-12
231  5.8647e-15
232  3.3752e-12
233  1.6892e-11
234  4.4493e-11
235  4.6807e-10
236  2.3072e-09
237  3.3587e-09
238  6.8981e-10
239  6.2620e-10
240  9.5366e-11
241  4.4464e-09
242  2.7064e-09
243  2.1710e-10
244  1.0515e-09
245  4.2137e-10
246  2.6983e-11
247  7.4119e-10
248  4.9213e-10
249  8.3448e-27
250  2.6991e-12
251  4.5787e-19
252  3.7895e-48
253  0.0000e+00
254  -7.7488e-317
255  -1.2995e-319
256  -4.5785e-320
257  0.0000e+00
258  0.0000e+00
259  0.0000e+00
260  0.0000e+00
261  0.0000e+00
262  0.0000e+00
263  0.0000e+00
264  0.0000e+00
265  0.0000e+00
266  0.0000e+00
267  0.0000e+00
268  3.3982e-28
269  3.0615e-26
270  9.5145e-26
271  1.7030e-32
272  7.9084e-11
273  8.6706e-09
274  5.7518e-15
275  6.5933e-14
276  9.3983e-14
277  3.6902e-22
278  3.6885e-20
279  0.0000e+00
280  0.0000e+00
281  0.0000e+00
282  0.0000e+00
283  0.0000e+00
284  0.0000e+00
285  0.0000e+00
286  0.0000e+00
287  0.0000e+00
288  0.0000e+00
289  0.0000e+00
290  0.0000e+00
291  0.0000e+00
292  0.0000e+00
293  0.0000e+00
294  0.0000e+00
295  0.0000e+00
296  0.0000e+00
297  0.0000e+00
298  0.0000e+00
299  0.0000e+00
300  0.0000e+00
301  0.0000e+00
302  0.0000e+00
303  0.0000e+00
304  0.0000e+00
305  0.0000e+00
306  0.0000e+00
307  0.0000e+00
308  0.0000e+00
309  0.0000e+00
310  0.0000e+00
311  0.0000e+00
312  0.0000e+00
313  0.0000e+00
314  0.0000e+00
315  0.0000e+00
316  0.0000e+00
317  0.0000e+00
318  0.0000e+00
319  0.0000e+00
320  0.0000e+00
321  0.0000e+00
322  0.0000e+00
323  0.0000e+00
324  0.0000e+00
325  0.0000e+00
326  0.0000e+00
327  0.0000e+00
328  0.0000e+00
329  0.0000e+00
330  0.0000e+00
331  0.0000e+00
332  0.0000e+00
333  0.0000e+00
334  0.0000e+00
335  0.0000e+00
336  0.0000e+00
337  0.0000e+00

