337
time(s) = 1000000000000 t9 = 1.4454006065102279e-12 rho(g/cc) = 1.8149999999996003e-23 
0  0.0000e+00
1  1.8939e-05
2  1.4618e-12
3  2.2482e-19
4  1.1174e-04
5  0.0000e+00
6  1.3622e-29
7  7.3715e-17
8  3.8281e-04
9  2.8845e-23
10  3.9366e-12
11  2.3796e-13
12  6.2378e-11
13  1.2322e-09
14  9.4499e-03
15  3.9682e-05
16  5.2509e-07
17  9.3512e-09
18  1.4484e-03
19  1.8475e-03
20  7.4199e-04
21  5.5512e-07
22  2.3139e-03
23  6.2646e-06
24  6.4100e-06
25  2.0603e-06
26  2.3525e-05
27  1.5286e-06
28  3.7059e-06
29  2.4755e-06
30  4.8553e-06
31  2.2453e-06
32  2.3054e-05
33  5.6840e-06
34  4.1669e-06
35  8.2462e-06
36  1.3551e-05
37  1.4174e-06
38  1.9569e-06
39  4.5748e-07
40  1.0129e-06
41  3.0715e-06
42  3.5919e-06
43  1.7976e-05
44  7.1326e-05
45  3.6829e-05
46  4.6424e-05
47  1.9416e-05
48  9.2831e-05
49  2.3722e-05
50  1.5227e-05
51  1.4370e-05
52  2.1352e-05
53  2.6725e-05
54  3.5169e-05
55  2.4243e-06
56  2.7655e-06
57  8.9437e-07
58  7.6931e-06
59  1.8708e-06
60  4.7338e-06
61  2.8533e-06
62  4.0756e-06
63  2.9112e-06
64  1.0309e-05
65  5.0611e-06
66  6.6231e-06
67  4.9447e-06
68  7.3858e-06
69  2.8017e-06
70  4.6881e-06
71  3.0893e-06
72  6.6669e-06
73  4.6710e-06
74  5.4309e-06
75  4.9809e-06
76  1.5680e-05
77  5.0227e-05
78  1.0941e-04
79  1.0792e-04
80  1.1811e-04
81  2.1522e-05
82  5.1013e-06
83  2.6591e-06
84  1.0711e-06
85  6.9518e-07
86  2.6212e-06
87  6.2331e-07
88  4.3466e-07
89  6.7767e-07
90  8.6073e-07
91  6.9861e-07
92  8.1521e-07
93  4.4105e-07
94  6.3540e-07
95  7.1999e-07
96  1.0098e-06
97  8.0535e-07
98  7.1712e-07
99  6.0101e-07
100  7.1954e-07
101  4.2796e-07
102  5.3364e-07
103  2.9400e-07
104  5.1141e-07
105  3.0970e-07
106  1.4933e-06
107  1.3728e-06
108  1.7669e-06
109  2.1350e-06
110  3.4570e-06
111  1.2333e-06
112  2.1885e-06
113  5.6712e-07
114  2.1293e-06
115  3.2536e-07
116  3.7317e-07
117  8.3850e-08
118  6.3447e-07
119  5.7903e-07
120  7.5628e-06
121  5.5928e-06
122  1.6077e-05
123  6.3031e-06
124  1.0654e-05
125  9.0362e-06
126  2.6169e-05
127  3.3009e-05
128  8.6841e-05
129  1.1756e-04
130  2.1188e-04
131  2.2944e-04
132  3.8042e-04
133  2.9006e-04
134  2.9275e-04
135  1.7137e-04
136  1.5707e-04
137  7.0772e-05
138  1.3145e-04
139  2.4326e-05
140  2.4020e-05
141  1.1696e-05
142  1.1210e-05
143  1.0391e-05
144  1.5124e-05
145  8.1453e-06
146  2.4611e-05
147  1.0702e-05
148  2.9008e-05
149  1.7239e-05
150  2.7278e-05
151  2.7104e-05
152  6.7826e-05
153  1.0217e-05
154  3.8360e-05
155  3.1152e-05
156  4.0115e-05
157  2.7697e-05
158  3.8904e-05
159  1.4970e-05
160  2.4495e-05
161  4.0210e-05
162  4.2383e-05
163  5.8567e-05
164  6.3463e-05
165  6.4763e-05
166  4.5320e-05
167  4.8946e-05
168  3.8185e-05
169  2.0850e-05
170  3.0458e-05
171  1.4632e-05
172  2.8595e-05
173  1.0319e-05
174  2.5700e-05
175  1.5940e-05
176  1.1020e-05
177  1.7132e-05
178  8.1022e-06
179  1.2312e-05
180  8.5655e-06
181  6.2078e-06
182  6.2762e-06
183  3.3899e-06
184  3.0348e-06
185  8.9017e-07
186  1.5431e-06
187  4.2594e-07
188  4.1558e-07
189  3.1227e-07
190  6.2125e-07
191  4.0218e-07
192  2.2113e-06
193  3.6852e-06
194  1.1487e-05
195  1.7428e-05
196  7.3773e-05
197  3.9399e-05
198  9.7020e-05
199  2.2939e-05
200  5.3072e-06
201  5.3225e-07
202  1.6784e-07
203  2.0595e-07
204  4.2229e-07
205  2.2619e-07
206  2.3408e-06
207  2.3329e-06
208  2.3376e-06
209  2.4766e-06
210  9.0729e-09
211  7.3768e-15
212  6.0855e-14
213  4.5563e-15
214  5.8997e-15
215  1.7503e-20
216  7.2107e-20
217  2.0988e-20
218  1.0233e-16
219  2.4407e-16
220  2.7841e-17
221  1.8549e-16
222  1.8179e-13
223  7.0349e-13
224  1.5711e-13
225  5.7105e-13
226  2.7800e-08
227  3.3751e-08
228  5.0074e-07
229  1.6149e-07
230  1.3141e-06
231  7.0160e-07
232  2.1473e-06
233  1.9081e-06
234  4.8788e-06
235  8.0789e-06
236  1.5468e-05
237  1.1442e-05
238  8.6888e-06
239  5.9448e-06
240  3.7771e-07
241  7.8169e-06
242  1.1207e-05
243  1.4032e-06
244  3.8185e-06
245  5.4387e-07
246  8.3570e-08
247  4.6340e-06
248  4.6026e-06
249  1.6017e-25
250  5.7530e-08
251  7.4366e-15
252  1.0657e-39
253  6.7144e-318
254  -2.9092e-317
255  1.1938e-319
256  -3.6442e-320
257  0.0000e+00
258  0.0000e+00
259  0.0000e+00
260  0.0000e+00
261  0.0000e+00
262  0.0000e+00
263  0.0000e+00
264  0.0000e+00
265  0.0000e+00
266  0.0000e+00
267  1.4086e-320
268  5.6655e-28
269  5.8134e-26
270  2.8372e-26
271  1.5754e-38
272  1.9925e-05
273  3.6475e-04
274  2.1128e-20
275  3.2012e-24
276  4.1854e-21
277  0.0000e+00
278  0.0000e+00
279  0.0000e+00
280  0.0000e+00
281  0.0000e+00
282  0.0000e+00
283  0.0000e+00
284  0.0000e+00
285  0.0000e+00
286  0.0000e+00
287  0.0000e+00
288  0.0000e+00
289  0.0000e+00
290  0.0000e+00
291  0.0000e+00
292  0.0000e+00
293  0.0000e+00
294  0.0000e+00
295  0.0000e+00
296  0.0000e+00
297  0.0000e+00
298  0.0000e+00
299  0.0000e+00
300  0.0000e+00
301  0.0000e+00
302  0.0000e+00
303  0.0000e+00
304  0.0000e+00
305  0.0000e+00
306  0.0000e+00
307  0.0000e+00
308  0.0000e+00
309  2.9171e-27
310  1.5415e-16
311  1.3949e-18
312  4.3596e-21
313  1.0132e-23
314  2.4637e-26
315  0.0000e+00
316  0.0000e+00
317  0.0000e+00
318  0.0000e+00
319  0.0000e+00
320  0.0000e+00
321  0.0000e+00
322  0.0000e+00
323  0.0000e+00
324  0.0000e+00
325  0.0000e+00
326  0.0000e+00
327  0.0000e+00
328  0.0000e+00
329  0.0000e+00
330  0.0000e+00
331  0.0000e+00
332  0.0000e+00
333  0.0000e+00
334  0.0000e+00
335  0.0000e+00
336  0.0000e+00
337  0.0000e+00

